AccelA;AccelB;ButtonA;ButtonB;Car PositionXA;Car PositionXB;Car PositionYA;Car PositionYB;Car PositionZA;Car PositionZB;Car RotationXA;Car RotationXB;Car RotationYA;Car RotationYB;Car RotationZA;Car RotationZB;Car VelocityXB;Car VelocityYA;Car VelocityYB;Car VelocityZA;Car VelocityZB;CarVelocityXA;Frame Number;FrameRate ;FrameRate-XRDevice;GameTime;HeadPosXA;HeadPosXB;HeadPosYA;HeadPosYB;HeadPosZA;HeadPosZB;HeadrotXA;HeadrotXB;HeadrotYA;HeadrotYB;HeadrotZA;HeadrotZB;IndicatorsA;IndicatorsB;LeftHandA;LeftHandB;RightHandA;RightHandB;ScenarioTime;SteerA;SteerB;VRPosXA;VRPosXB;VRPosYA;VRPosYB;VRPosZA;VRPosZB;VRRotXA;VRRotXB;VRRotYA;VRRotYB;VRRotZA;VRRotZB
-0.0913;0.0000;False;False;98.1000;54.7020;-0.0139;0.0008;55.4000;-115.2019;0.0011;0.4414;214.6056;305.8757;0.0000;0.2040; ; ; ; ; ; ;191243;71.78273;Infinity;2639.48;98.3301;54.5179;1.2861;1.1839;55.0468;-114.7642;352.5011;353.1564;214.6056;293.1827;0.0000;1.7447;;;HandLeft_(0.3, -0.7, -0.3)_(0.6, 0.4, -0.7, 0.1)_1.046027_System.String[];HandLeft_(-0.9, -0.4, 0.1)_(0.8, 0.0, -0.6, 0.1)_1.005502_System.String[];HandRight_(0.5, -0.7, -0.3)_(0.0, -0.6, -0.3, 0.7)_1.046027_System.String[];HandRight_(-0.4, -0.4, 0.2)_(-0.1, -0.7, 0.0, 0.7)_1.005502_System.String[];0.0000;-0.0081;0.0023;97.9603;54.1875;0.8408;1.1523;55.3098;-115.3081;5.3329;351.7107;207.2209;307.9129;4.1116;357.8432
-0.0913;0.0000;False;False;98.1000;54.7019;-0.0139;0.0008;55.4000;-115.2019;0.0009;0.4408;214.6056;305.8747;0.0000;0.2036;-0.0041;-0.0001;-0.0002;0.0000;0.0019;0.0000;191246;70.27364;Infinity;2639.52;98.3301;54.5179;1.2861;1.1839;55.0468;-114.7642;352.5010;353.1559;214.6056;293.1823;0.0000;1.7445;LeftFalse_RightFalse;LeftFalse_RightFalse;HandLeft_(0.3, -0.7, -0.3)_(0.6, 0.4, -0.7, 0.1)_1.046027_System.String[];HandLeft_(-0.9, -0.4, 0.1)_(0.8, 0.0, -0.6, 0.1)_1.005502_System.String[];HandRight_(0.5, -0.7, -0.3)_(0.0, -0.6, -0.3, 0.7)_1.046027_System.String[];HandRight_(-0.4, -0.4, 0.2)_(-0.1, -0.7, 0.1, 0.7)_1.005502_System.String[];0.0439;-0.0081;0.0023;97.9585;54.1836;0.8419;1.1573;55.3113;-115.3068;4.6931;351.3808;208.5835;307.8198;4.0928;358.1285
-0.0913;0.0000;False;False;98.1000;54.7017;-0.0139;0.0008;55.4000;-115.2018;0.0009;0.4403;214.6056;305.8731;0.0000;0.2034;-0.0052;-0.0001;-0.0001;0.0000;0.0026;0.0000;191249;71.10442;Infinity;2639.56;98.3301;54.5177;1.2861;1.1839;55.0468;-114.7642;352.5009;353.1553;214.6056;293.1809;0.0000;1.7443;LeftFalse_RightFalse;LeftFalse_RightFalse;HandLeft_(0.3, -0.7, -0.3)_(0.6, 0.4, -0.7, 0.1)_1.046027_System.String[];HandLeft_(-0.9, -0.4, 0.1)_(0.8, 0.0, -0.6, 0.1)_1.005502_System.String[];HandRight_(0.5, -0.7, -0.3)_(0.0, -0.6, -0.3, 0.7)_1.046027_System.String[];HandRight_(-0.4, -0.4, 0.2)_(-0.1, -0.7, 0.1, 0.7)_1.005502_System.String[];0.0857;-0.0081;0.0023;97.9568;54.1809;0.8426;1.1620;55.3130;-115.3063;4.1464;351.2847;209.8965;307.6072;4.0203;358.4513
-0.0913;0.0000;False;False;98.1000;54.7014;-0.0139;0.0008;55.4000;-115.2016;0.0008;0.4397;214.6056;305.8715;0.0000;0.2033;-0.0084;-0.0001;-0.0002;0.0000;0.0049;0.0000;191252;71.53879;Infinity;2639.60;98.3301;54.5175;1.2861;1.1839;55.0468;-114.7640;352.5008;353.1548;214.6056;293.1789;0.0000;1.7443;LeftFalse_RightFalse;LeftFalse_RightFalse;HandLeft_(0.3, -0.7, -0.3)_(0.6, 0.4, -0.7, 0.1)_1.046027_System.String[];HandLeft_(-0.9, -0.4, 0.1)_(0.8, 0.0, -0.6, 0.1)_1.005502_System.String[];HandRight_(0.5, -0.7, -0.3)_(0.0, -0.6, -0.4, 0.7)_1.046027_System.String[];HandRight_(-0.4, -0.4, 0.2)_(-0.1, -0.7, 0.1, 0.7)_1.005502_System.String[];0.1274;-0.0081;0.0023;97.9550;54.1792;0.8435;1.1676;55.3149;-115.3064;3.6621;351.3549;211.1683;307.2885;3.8489;358.6413
-0.0952;0.0000;False;False;98.1000;54.7011;-0.0139;0.0008;55.4000;-115.2014;0.0008;0.4393;214.6056;305.8715;0.0000;0.2033;-0.0110;0.0000;-0.0002;0.0000;0.0068;0.0000;191255;71.5186;Infinity;2639.65;98.3301;54.5171;1.2861;1.1839;55.0468;-114.7638;352.5008;353.1542;214.6056;293.1786;0.0000;1.7444;LeftFalse_RightFalse;LeftFalse_RightFalse;HandLeft_(0.3, -0.7, -0.3)_(0.5, 0.4, -0.7, 0.1)_1.046027_System.String[];HandLeft_(-0.9, -0.4, 0.1)_(0.8, 0.0, -0.6, 0.1)_1.005502_System.String[];HandRight_(0.5, -0.7, -0.3)_(0.0, -0.6, -0.4, 0.7)_1.046027_System.String[];HandRight_(-0.4, -0.4, 0.2)_(-0.1, -0.7, 0.1, 0.7)_1.005502_System.String[];0.1694;-0.0081;0.0023;97.9533;54.1780;0.8444;1.1735;55.3169;-115.3070;3.1932;351.4219;212.3738;307.0195;3.5786;358.5542
-0.0952;0.0000;False;False;98.1000;54.7006;-0.0139;0.0008;55.4000;-115.2011;0.0007;0.4388;214.6056;305.8709;0.0000;0.2033;-0.0123;0.0000;-0.0002;0.0000;0.0077;0.0000;191258;71.42982;Infinity;2639.69;98.3301;54.5167;1.2861;1.1839;55.0468;-114.7636;352.5008;353.1537;214.6056;293.1784;0.0000;1.7445;LeftFalse_RightFalse;LeftFalse_RightFalse;HandLeft_(0.3, -0.7, -0.3)_(0.5, 0.4, -0.7, 0.1)_1.046027_System.String[];HandLeft_(-0.9, -0.4, 0.1)_(0.8, 0.0, -0.6, 0.1)_1.005502_System.String[];HandRight_(0.5, -0.7, -0.3)_(0.0, -0.6, -0.4, 0.7)_1.046027_System.String[];HandRight_(-0.4, -0.4, 0.2)_(-0.1, -0.7, 0.1, 0.7)_1.005502_System.String[];0.2114;-0.0081;0.0023;97.9515;54.1780;0.8452;1.1807;55.3188;-115.3078;2.7437;351.2271;213.4762;306.7784;3.3191;358.3792
-0.0873;0.0000;False;False;98.1000;54.7000;-0.0139;0.0008;55.4000;-115.2008;0.0007;0.4382;214.6056;305.8701;0.0000;0.2034;-0.0158;0.0000;-0.0002;0.0000;0.0103;0.0000;191261;71.64879;Infinity;2639.73;98.3301;54.5162;1.2861;1.1839;55.0468;-114.7633;352.5007;353.1533;214.6056;293.1770;0.0000;1.7447;LeftFalse_RightFalse;LeftFalse_RightFalse;HandLeft_(0.3, -0.7, -0.3)_(0.5, 0.4, -0.7, 0.1)_1.046027_System.String[];HandLeft_(-0.9, -0.4, 0.1)_(0.8, 0.0, -0.6, 0.1)_1.005502_System.String[];HandRight_(0.5, -0.7, -0.3)_(0.0, -0.6, -0.4, 0.7)_1.046027_System.String[];HandRight_(-0.4, -0.4, 0.2)_(-0.1, -0.7, 0.1, 0.7)_1.005502_System.String[];0.2532;-0.0081;0.0023;97.9498;54.1781;0.8459;1.1876;55.3204;-115.3087;2.3541;350.8197;214.4232;306.6504;3.0677;358.2074
-0.0873;0.0000;False;False;98.1000;54.6994;-0.0139;0.0008;55.4000;-115.2003;0.0007;0.4378;214.6056;305.8710;0.0000;0.2034;-0.0164;0.0000;-0.0002;0.0000;0.0107;0.0000;191264;71.81923;Infinity;2639.77;98.3301;54.5156;1.2861;1.1839;55.0468;-114.7628;352.5007;353.1528;214.6056;293.1779;0.0000;1.7448;LeftFalse_RightFalse;LeftFalse_RightFalse;HandLeft_(0.3, -0.7, -0.3)_(0.5, 0.4, -0.7, 0.1)_1.046027_System.String[];HandLeft_(-0.9, -0.4, 0.1)_(0.8, 0.0, -0.6, 0.1)_1.005502_System.String[];HandRight_(0.5, -0.7, -0.3)_(0.0, -0.6, -0.4, 0.7)_1.046027_System.String[];HandRight_(-0.4, -0.4, 0.2)_(-0.1, -0.7, 0.1, 0.7)_1.005502_System.String[];0.2947;-0.0081;0.0023;97.9483;54.1787;0.8464;1.1955;55.3218;-115.3096;2.0391;350.4719;215.2109;306.6894;2.8282;358.0543
-0.0873;0.0000;False;False;98.1000;54.6986;-0.0139;0.0008;55.4000;-115.1999;0.0007;0.4376;214.6056;305.8708;0.0000;0.2035;-0.0192;0.0000;-0.0002;0.0000;0.0127;0.0000;191267;71.67116;Infinity;2639.81;98.3301;54.5149;1.2861;1.1839;55.0468;-114.7624;352.5007;353.1526;214.6056;293.1779;0.0000;1.7449;LeftFalse_RightFalse;LeftFalse_RightFalse;HandLeft_(0.3, -0.7, -0.3)_(0.5, 0.4, -0.7, 0.1)_1.046027_System.String[];HandLeft_(-0.9, -0.4, 0.1)_(0.8, 0.0, -0.6, 0.1)_1.005502_System.String[];HandRight_(0.5, -0.7, -0.3)_(0.0, -0.6, -0.4, 0.7)_1.046027_System.String[];HandRight_(-0.4, -0.4, 0.2)_(-0.1, -0.7, 0.1, 0.7)_1.005502_System.String[];0.3367;-0.0081;0.0023;97.9472;54.1792;0.8467;1.2038;55.3231;-115.3103;1.7764;350.1460;215.8606;306.8387;2.6040;357.9239
-0.0873;0.0000;False;False;98.1000;54.6978;-0.0139;0.0008;55.4000;-115.1993;0.0007;0.4372;214.6056;305.8697;0.0000;0.2035;-0.0207;0.0000;-0.0002;0.0000;0.0138;0.0000;191270;71.4574;Infinity;2639.86;98.3301;54.5140;1.2861;1.1838;55.0468;-114.7619;352.5007;353.1522;214.6056;293.1774;0.0000;1.7451;LeftFalse_RightFalse;LeftFalse_RightFalse;HandLeft_(0.3, -0.7, -0.3)_(0.5, 0.4, -0.7, 0.1)_1.046027_System.String[];HandLeft_(-0.9, -0.4, 0.1)_(0.8, 0.0, -0.6, 0.1)_1.005502_System.String[];HandRight_(0.5, -0.7, -0.3)_(0.0, -0.6, -0.4, 0.7)_1.046027_System.String[];HandRight_(-0.4, -0.4, 0.2)_(-0.1, -0.7, 0.1, 0.7)_1.005502_System.String[];0.3789;-0.0081;0.0023;97.9465;54.1802;0.8468;1.2122;55.3240;-115.3105;1.5897;349.7996;216.3565;307.1406;2.3787;357.6015
-0.0873;0.0000;False;False;98.1000;54.6968;-0.0139;0.0008;55.4000;-115.1986;0.0007;0.4368;214.6056;305.8698;0.0000;0.2036;-0.0249;0.0000;-0.0002;0.0000;0.0169;0.0000;191273;71.45639;Infinity;2639.90;98.3301;54.5131;1.2861;1.1838;55.0468;-114.7612;352.5007;353.1519;214.6056;293.1768;0.0000;1.7452;LeftFalse_RightFalse;LeftFalse_RightFalse;HandLeft_(0.3, -0.7, -0.3)_(0.5, 0.4, -0.7, 0.1)_1.046027_System.String[];HandLeft_(-0.9, -0.4, 0.1)_(0.8, 0.0, -0.6, 0.1)_1.005502_System.String[];HandRight_(0.5, -0.7, -0.3)_(0.0, -0.6, -0.4, 0.7)_1.046027_System.String[];HandRight_(-0.4, -0.4, 0.2)_(-0.1, -0.7, 0.1, 0.7)_1.005502_System.String[];0.4209;-0.0081;0.0023;97.9457;54.1816;0.8469;1.2203;55.3248;-115.3106;1.4921;349.4757;216.6968;307.4540;2.2158;357.0674
-0.0873;0.0000;False;False;98.1000;54.6958;-0.0139;0.0008;55.4000;-115.1979;0.0007;0.4366;214.6056;305.8718;0.0000;0.2036;-0.0254;0.0000;-0.0002;0.0000;0.0172;0.0000;191276;71.72397;Infinity;2639.94;98.3301;54.5121;1.2861;1.1838;55.0468;-114.7606;352.5007;353.1516;214.6056;293.1779;0.0000;1.7453;LeftFalse_RightFalse;LeftFalse_RightFalse;HandLeft_(0.3, -0.7, -0.3)_(0.6, 0.4, -0.7, 0.1)_1.046027_System.String[];HandLeft_(-0.9, -0.4, 0.1)_(0.8, 0.0, -0.6, 0.1)_1.005502_System.String[];HandRight_(0.5, -0.7, -0.3)_(0.0, -0.6, -0.4, 0.7)_1.046027_System.String[];HandRight_(-0.4, -0.4, 0.2)_(-0.1, -0.7, 0.1, 0.7)_1.005502_System.String[];0.4624;-0.0081;0.0023;97.9451;54.1828;0.8470;1.2275;55.3254;-115.3102;1.4225;349.1116;216.8744;307.5959;2.0942;356.5837
-0.0873;0.0000;False;False;98.1000;54.6947;-0.0139;0.0007;55.4000;-115.1972;0.0007;0.4367;214.6056;305.8712;0.0000;0.2037;-0.0289;0.0000;-0.0003;0.0000;0.0198;0.0000;191279;71.53584;Infinity;2639.98;98.3301;54.5110;1.2861;1.1838;55.0468;-114.7598;352.5007;353.1516;214.6056;293.1783;0.0000;1.7453;LeftFalse_RightFalse;LeftFalse_RightFalse;HandLeft_(0.3, -0.7, -0.3)_(0.6, 0.4, -0.7, 0.1)_1.046027_System.String[];HandLeft_(-0.9, -0.4, 0.1)_(0.8, 0.0, -0.6, 0.1)_1.005502_System.String[];HandRight_(0.5, -0.7, -0.3)_(0.0, -0.6, -0.4, 0.7)_1.046027_System.String[];HandRight_(-0.4, -0.4, 0.2)_(-0.1, -0.7, 0.1, 0.7)_1.005502_System.String[];0.5044;-0.0081;0.0023;97.9448;54.1841;0.8470;1.2340;55.3257;-115.3094;1.3532;348.6254;216.9533;307.6487;1.9730;356.1345
-0.0873;0.0000;False;False;98.1000;54.6935;-0.0139;0.0007;55.4000;-115.1964;0.0007;0.4365;214.6056;305.8699;0.0000;0.2037;-0.0304;0.0000;-0.0003;0.0000;0.0209;0.0000;191282;71.76502;Infinity;2640.02;98.3301;54.5099;1.2861;1.1838;55.0468;-114.7590;352.5007;353.1515;214.6056;293.1772;0.0000;1.7454;LeftFalse_RightFalse;LeftFalse_RightFalse;HandLeft_(0.3, -0.7, -0.3)_(0.6, 0.4, -0.7, 0.1)_1.046027_System.String[];HandLeft_(-0.9, -0.4, 0.1)_(0.8, 0.0, -0.6, 0.1)_1.005502_System.String[];HandRight_(0.5, -0.7, -0.3)_(0.0, -0.6, -0.4, 0.7)_1.046027_System.String[];HandRight_(-0.4, -0.4, 0.2)_(-0.1, -0.7, 0.1, 0.7)_1.005502_System.String[];0.5461;-0.0081;0.0023;97.9445;54.1855;0.8471;1.2395;55.3259;-115.3086;1.3396;348.2350;216.9844;307.8621;1.8574;355.5471
-0.0913;0.0000;False;False;98.1000;54.6922;-0.0139;0.0007;55.4000;-115.1955;0.0007;0.4365;214.6056;305.8689;0.0000;0.2037;-0.0312;0.0000;-0.0003;0.0000;0.0214;0.0000;191285;71.57317;Infinity;2640.06;98.3301;54.5086;1.2861;1.1838;55.0468;-114.7582;352.5007;353.1515;214.6056;293.1759;0.0000;1.7454;LeftFalse_RightFalse;LeftFalse_RightFalse;HandLeft_(0.3, -0.7, -0.3)_(0.6, 0.4, -0.7, 0.1)_1.046027_System.String[];HandLeft_(-0.9, -0.4, 0.1)_(0.8, 0.0, -0.6, 0.1)_1.005502_System.String[];HandRight_(0.5, -0.7, -0.3)_(0.0, -0.6, -0.4, 0.7)_1.046027_System.String[];HandRight_(-0.4, -0.4, 0.2)_(-0.1, -0.7, 0.1, 0.7)_1.005502_System.String[];0.5884;-0.0081;0.0023;97.9444;54.1871;0.8471;1.2432;55.3261;-115.3083;1.3629;347.9503;216.9955;308.3441;1.7568;354.8288
-0.0952;0.0000;False;False;98.1000;54.6908;-0.0139;0.0007;55.4000;-115.1945;0.0007;0.4365;214.6056;305.8686;0.0000;0.2037;-0.0339;0.0000;-0.0003;0.0000;0.0234;0.0000;191288;71.69564;Infinity;2640.11;98.3301;54.5073;1.2861;1.1838;55.0468;-114.7573;352.5007;353.1515;214.6056;293.1755;0.0000;1.7454;LeftFalse_RightFalse;LeftFalse_RightFalse;HandLeft_(0.3, -0.7, -0.3)_(0.6, 0.4, -0.7, 0.1)_1.046027_System.String[];HandLeft_(-0.9, -0.4, 0.1)_(0.8, 0.0, -0.6, 0.1)_1.005502_System.String[];HandRight_(0.5, -0.7, -0.3)_(0.0, -0.6, -0.4, 0.7)_1.046027_System.String[];HandRight_(-0.4, -0.4, 0.2)_(-0.1, -0.7, 0.1, 0.7)_1.005502_System.String[];0.6301;-0.0081;0.0023;97.9443;54.1892;0.8471;1.2431;55.3262;-115.3085;1.3975;347.6736;217.0060;308.9730;1.6643;354.3480
-0.0714;0.0000;False;False;98.1000;54.6893;-0.0139;0.0007;55.4000;-115.1935;0.0007;0.4364;214.6056;305.8688;0.0000;0.2037;-0.0366;0.0000;-0.0003;0.0000;0.0253;0.0000;191291;71.56287;Infinity;2640.15;98.3301;54.5058;1.2861;1.1838;55.0468;-114.7563;352.5007;353.1514;214.6056;293.1758;0.0000;1.7454;LeftFalse_RightFalse;LeftFalse_RightFalse;HandLeft_(0.3, -0.7, -0.3)_(0.5, 0.4, -0.7, 0.1)_1.046027_System.String[];HandLeft_(-0.9, -0.4, 0.1)_(0.8, 0.0, -0.6, 0.1)_1.005502_System.String[];HandRight_(0.5, -0.7, -0.3)_(0.0, -0.6, -0.4, 0.7)_1.046027_System.String[];HandRight_(-0.4, -0.4, 0.2)_(-0.1, -0.7, 0.1, 0.7)_1.005502_System.String[];0.6719;-0.0081;0.0023;97.9439;54.1923;0.8471;1.2386;55.3264;-115.3099;1.4460;347.6301;217.0280;309.6160;1.5868;354.0840
0.0000;0.0000;False;False;98.1000;54.6878;-0.0139;0.0007;55.4000;-115.1924;0.0007;0.4361;214.6055;305.8684;0.0000;0.2037;-0.0387;0.0000;-0.0004;0.0004;0.0269;0.0003;191294;71.77755;Infinity;2640.19;98.3301;54.5043;1.2861;1.1838;55.0468;-114.7552;352.5007;353.1512;214.6056;293.1750;0.0000;1.7455;LeftFalse_RightFalse;LeftFalse_RightFalse;HandLeft_(0.3, -0.7, -0.3)_(0.5, 0.4, -0.7, 0.1)_1.046027_System.String[];HandLeft_(-0.9, -0.4, 0.1)_(0.8, 0.0, -0.6, 0.1)_1.005502_System.String[];HandRight_(0.5, -0.7, -0.3)_(0.0, -0.6, -0.4, 0.7)_1.046027_System.String[];HandRight_(-0.4, -0.4, 0.2)_(-0.1, -0.7, 0.1, 0.7)_1.005502_System.String[];0.7136;-0.0081;0.0023;97.9437;54.1962;0.8471;1.2301;55.3266;-115.3121;1.5058;347.9083;217.0515;310.1593;1.5119;353.9753
0.0000;0.0000;False;False;98.1000;54.6861;-0.0139;0.0007;55.4000;-115.1913;0.0005;0.4361;214.6052;305.8687;0.0000;0.2037;-0.0393;0.0000;-0.0004;-0.0015;0.0273;-0.0010;191297;71.88805;Infinity;2640.23;98.3301;54.5027;1.2861;1.1837;55.0468;-114.7541;352.5006;353.1511;214.6054;293.1757;0.0000;1.7455;LeftFalse_RightFalse;LeftFalse_RightFalse;HandLeft_(0.3, -0.7, -0.3)_(0.6, 0.4, -0.7, 0.1)_1.046027_System.String[];HandLeft_(-0.9, -0.4, 0.1)_(0.8, 0.0, -0.6, 0.1)_1.005502_System.String[];HandRight_(0.5, -0.7, -0.3)_(0.0, -0.6, -0.4, 0.7)_1.046027_System.String[];HandRight_(-0.4, -0.4, 0.2)_(-0.1, -0.7, 0.1, 0.7)_1.005502_System.String[];0.7554;-0.0081;0.0023;97.9433;54.2016;0.8472;1.2163;55.3265;-115.3158;1.6047;348.2697;217.0629;310.7442;1.4392;353.9708
0.0000;0.0000;False;False;98.1000;54.6844;-0.0139;0.0007;55.3999;-115.1901;0.0005;0.4361;214.6062;305.8679;0.0000;0.2037;-0.0430;0.0000;-0.0004;0.0006;0.0299;0.0004;191300;71.63856;Infinity;2640.27;98.3301;54.5010;1.2861;1.1837;55.0467;-114.7529;352.5004;353.1512;214.6055;293.1751;0.0000;1.7455;LeftFalse_RightFalse;LeftFalse_RightFalse;HandLeft_(0.3, -0.7, -0.3)_(0.6, 0.4, -0.7, 0.1)_1.046027_System.String[];HandLeft_(-0.9, -0.4, 0.1)_(0.8, 0.0, -0.6, 0.1)_1.005502_System.String[];HandRight_(0.5, -0.7, -0.3)_(0.0, -0.6, -0.4, 0.7)_1.046027_System.String[];HandRight_(-0.4, -0.4, 0.2)_(-0.1, -0.7, 0.1, 0.7)_1.005502_System.String[];0.7974;-0.0081;0.0023;97.9431;54.2074;0.8477;1.2019;55.3264;-115.3198;1.6768;348.8636;217.0133;311.2893;1.4207;354.0198
0.0000;0.0000;False;False;98.0999;54.6826;-0.0139;0.0006;55.3999;-115.1888;0.0004;0.4360;214.6065;305.8687;0.0000;0.2037;-0.0437;0.0000;-0.0004;-0.0007;0.0305;-0.0005;191303;71.81538;Infinity;2640.32;98.3301;54.4992;1.2861;1.1837;55.0467;-114.7516;352.5005;353.1509;214.6069;293.1751;0.0000;1.7456;LeftFalse_RightFalse;LeftFalse_RightFalse;HandLeft_(0.3, -0.7, -0.3)_(0.6, 0.4, -0.7, 0.1)_1.046027_System.String[];HandLeft_(-0.9, -0.4, 0.1)_(0.8, 0.0, -0.6, 0.1)_1.005502_System.String[];HandRight_(0.5, -0.7, -0.3)_(0.0, -0.6, -0.4, 0.7)_1.046027_System.String[];HandRight_(-0.4, -0.4, 0.2)_(-0.1, -0.7, 0.1, 0.7)_1.005502_System.String[];0.8391;-0.0081;0.0023;97.9430;54.2145;0.8486;1.1886;55.3260;-115.3247;1.6509;350.2788;216.8324;311.8617;1.4509;354.2170
0.0000;0.0000;False;False;98.0999;54.6806;-0.0139;0.0006;55.3999;-115.1875;0.0005;0.4358;214.6062;305.8698;0.0000;0.2037;-0.0471;0.0000;-0.0004;-0.0002;0.0329;-0.0001;191306;71.77121;Infinity;2640.36;98.3301;54.4973;1.2861;1.1837;55.0467;-114.7503;352.5005;353.1508;214.6059;293.1764;0.0000;1.7456;LeftFalse_RightFalse;LeftFalse_RightFalse;HandLeft_(0.3, -0.7, -0.3)_(0.6, 0.4, -0.7, 0.1)_1.046027_System.String[];HandLeft_(-0.9, -0.4, 0.1)_(0.8, 0.0, -0.6, 0.1)_1.005502_System.String[];HandRight_(0.5, -0.7, -0.3)_(0.0, -0.6, -0.4, 0.7)_1.046027_System.String[];HandRight_(-0.4, -0.4, 0.2)_(-0.1, -0.7, 0.1, 0.7)_1.005502_System.String[];0.8809;-0.0081;0.0023;97.9431;54.2209;0.8496;1.1803;55.3251;-115.3293;1.4904;351.5981;216.4512;312.3117;1.4869;354.3899
0.0000;0.0000;False;False;98.0999;54.6786;-0.0139;0.0006;55.3999;-115.1861;0.0007;0.4358;214.6069;305.8699;0.0000;0.2037;-0.0469;0.0000;-0.0004;0.0004;0.0328;0.0003;191309;71.58244;Infinity;2640.40;98.3301;54.4953;1.2861;1.1837;55.0467;-114.7489;352.5006;353.1507;214.6066;293.1765;0.0000;1.7456;LeftFalse_RightFalse;LeftFalse_RightFalse;HandLeft_(0.3, -0.7, -0.3)_(0.6, 0.4, -0.7, 0.1)_1.046027_System.String[];HandLeft_(-0.9, -0.4, 0.1)_(0.8, 0.0, -0.6, 0.1)_1.005502_System.String[];HandRight_(0.5, -0.7, -0.3)_(0.0, -0.6, -0.4, 0.7)_1.046027_System.String[];HandRight_(-0.4, -0.4, 0.2)_(-0.2, -0.7, 0.1, 0.6)_1.005502_System.String[];0.9229;-0.0081;0.0023;97.9434;54.2274;0.8503;1.1773;55.3243;-115.3340;1.3162;352.5460;215.8676;312.4185;1.5233;354.8317
0.0000;0.0000;False;False;98.1000;54.6766;-0.0139;0.0006;55.3999;-115.1846;0.0009;0.4358;214.6065;305.8706;0.0000;0.2038;-0.0513;0.0000;-0.0005;-0.0019;0.0359;-0.0013;191312;71.49786;Infinity;2640.44;98.3301;54.4933;1.2861;1.1837;55.0467;-114.7475;352.5008;353.1509;214.6068;293.1775;0.0000;1.7456;LeftFalse_RightFalse;LeftFalse_RightFalse;HandLeft_(0.3, -0.7, -0.3)_(0.6, 0.4, -0.7, 0.1)_1.046027_System.String[];HandLeft_(-0.9, -0.4, 0.1)_(0.8, 0.0, -0.6, 0.1)_1.005502_System.String[];HandRight_(0.5, -0.7, -0.3)_(0.0, -0.6, -0.4, 0.7)_1.046027_System.String[];HandRight_(-0.4, -0.4, 0.2)_(-0.1, -0.7, 0.1, 0.7)_1.005502_System.String[];0.9648;-0.0081;0.0023;97.9438;54.2326;0.8507;1.1761;55.3232;-115.3381;1.3037;353.0573;215.1399;312.1578;1.5885;355.3579
0.0000;0.0000;False;False;98.1000;54.6744;-0.0139;0.0006;55.3999;-115.1831;0.0009;0.4357;214.6068;305.8691;0.0000;0.2038;-0.0533;0.0000;-0.0005;-0.0003;0.0375;-0.0002;191315;71.42547;Infinity;2640.48;98.3301;54.4911;1.2861;1.1836;55.0467;-114.7460;352.5008;353.1508;214.6067;293.1765;0.0000;1.7456;LeftFalse_RightFalse;LeftFalse_RightFalse;HandLeft_(0.3, -0.7, -0.3)_(0.6, 0.4, -0.7, 0.1)_1.046027_System.String[];HandLeft_(-1.0, -0.5, 0.1)_(0.8, 0.0, -0.6, 0.0)_1.005502_System.String[];HandRight_(0.5, -0.7, -0.3)_(0.0, -0.6, -0.4, 0.7)_1.046027_System.String[];HandRight_(-0.4, -0.4, 0.2)_(-0.1, -0.7, 0.1, 0.7)_1.005502_System.String[];1.0068;-0.0081;0.0023;97.9443;54.2374;0.8504;1.1757;55.3221;-115.3422;1.4391;353.1682;214.3660;311.4869;1.6674;355.7619
0.0000;0.0000;False;False;98.1000;54.6721;-0.0139;0.0005;55.3999;-115.1815;0.0009;0.4357;214.6056;305.8680;0.0000;0.2037;-0.0553;0.0000;-0.0005;0.0007;0.0389;0.0005;191318;71.42419;Infinity;2640.53;98.3301;54.4889;1.2861;1.1836;55.0467;-114.7445;352.5008;353.1507;214.6061;293.1753;0.0000;1.7456;LeftFalse_RightFalse;LeftFalse_RightFalse;HandLeft_(0.3, -0.7, -0.3)_(0.6, 0.4, -0.7, 0.1)_1.046027_System.String[];HandLeft_(-1.0, -0.5, 0.1)_(0.8, 0.0, -0.6, 0.0)_1.005502_System.String[];HandRight_(0.5, -0.7, -0.3)_(0.0, -0.6, -0.4, 0.7)_1.046027_System.String[];HandRight_(-0.4, -0.4, 0.2)_(-0.1, -0.7, 0.1, 0.7)_1.005502_System.String[];1.0488;-0.0081;0.0023;97.9450;54.2415;0.8502;1.1752;55.3213;-115.3458;1.6231;352.8278;213.5992;310.5837;1.7896;356.1387
0.0000;0.0000;False;False;98.1000;54.6698;-0.0139;0.0005;55.4000;-115.1799;0.0010;0.4358;214.6048;305.8688;0.0000;0.2037;-0.0553;0.0000;-0.0005;0.0011;0.0389;0.0007;191321;71.39792;Infinity;2640.57;98.3301;54.4866;1.2861;1.1836;55.0468;-114.7428;352.5010;353.1507;214.6049;293.1755;0.0000;1.7456;LeftFalse_RightFalse;LeftFalse_RightFalse;HandLeft_(0.3, -0.7, -0.3)_(0.6, 0.4, -0.7, 0.1)_1.046027_System.String[];HandLeft_(-0.9, -0.5, 0.1)_(0.8, 0.0, -0.6, 0.0)_1.005502_System.String[];HandRight_(0.5, -0.7, -0.3)_(0.0, -0.6, -0.4, 0.7)_1.046027_System.String[];HandRight_(-0.4, -0.4, 0.2)_(-0.1, -0.7, 0.1, 0.7)_1.005502_System.String[];1.0908;-0.0081;0.0023;97.9456;54.2448;0.8497;1.1749;55.3206;-115.3484;1.7283;352.2184;212.8647;309.6114;1.9474;356.5968
0.0000;0.0000;False;False;98.1000;54.6675;-0.0139;0.0005;55.4000;-115.1782;0.0009;0.4358;214.6050;305.8692;0.0000;0.2037;-0.0588;0.0000;-0.0005;0.0009;0.0414;0.0006;191324;71.69276;Infinity;2640.61;98.3301;54.4843;1.2861;1.1836;55.0468;-114.7412;352.5009;353.1509;214.6048;293.1761;0.0000;1.7456;LeftFalse_RightFalse;LeftFalse_RightFalse;HandLeft_(0.3, -0.7, -0.3)_(0.6, 0.4, -0.7, 0.1)_1.046027_System.String[];HandLeft_(-0.9, -0.5, 0.1)_(0.8, 0.0, -0.6, 0.0)_1.005502_System.String[];HandRight_(0.5, -0.7, -0.3)_(0.0, -0.6, -0.4, 0.7)_1.046027_System.String[];HandRight_(-0.4, -0.4, 0.2)_(-0.1, -0.7, 0.1, 0.7)_1.005502_System.String[];1.1326;-0.0081;0.0023;97.9464;54.2470;0.8493;1.1752;55.3198;-115.3501;1.7244;351.5190;212.1535;308.6549;2.1016;357.0287
0.0000;0.0000;False;False;98.1000;54.6650;-0.0139;0.0005;55.4000;-115.1765;0.0009;0.4357;214.6056;305.8689;0.0000;0.2037;-0.0613;0.0000;-0.0006;-0.0002;0.0432;-0.0001;191327;71.51613;Infinity;2640.65;98.3301;54.4818;1.2861;1.1836;55.0468;-114.7395;352.5009;353.1508;214.6058;293.1758;0.0000;1.7456;LeftFalse_RightFalse;LeftFalse_RightFalse;HandLeft_(0.3, -0.7, -0.3)_(0.6, 0.4, -0.7, 0.1)_1.046027_System.String[];HandLeft_(-0.9, -0.5, 0.1)_(0.8, 0.0, -0.6, 0.0)_1.005502_System.String[];HandRight_(0.5, -0.7, -0.3)_(0.0, -0.6, -0.4, 0.7)_1.046027_System.String[];HandRight_(-0.4, -0.4, 0.2)_(-0.1, -0.7, 0.1, 0.7)_1.005502_System.String[];1.1746;-0.0081;0.0023;97.9470;54.2481;0.8490;1.1759;55.3194;-115.3509;1.5972;350.8440;211.4937;307.8667;2.2111;357.2760
0.0000;0.0000;False;False;98.1000;54.6624;-0.0139;0.0005;55.4000;-115.1747;0.0008;0.4356;214.6055;305.8687;0.0000;0.2037;-0.0622;0.0000;-0.0006;0.0009;0.0438;0.0006;191330;71.4695;Infinity;2640.69;98.3301;54.4793;1.2861;1.1835;55.0468;-114.7377;352.5008;353.1507;214.6058;293.1754;0.0000;1.7456;LeftFalse_RightFalse;LeftFalse_RightFalse;HandLeft_(0.3, -0.7, -0.3)_(0.6, 0.4, -0.7, 0.1)_1.046027_System.String[];HandLeft_(-0.9, -0.5, 0.1)_(0.8, 0.0, -0.6, 0.0)_1.005502_System.String[];HandRight_(0.5, -0.7, -0.3)_(0.0, -0.6, -0.4, 0.7)_1.046027_System.String[];HandRight_(-0.4, -0.4, 0.2)_(0.0, -0.7, 0.1, 0.7)_1.005502_System.String[];1.2166;-0.0081;0.0023;97.9479;54.2490;0.8488;1.1763;55.3192;-115.3512;1.3852;350.0160;210.9076;307.1760;2.2829;357.4590
0.0000;0.0000;False;False;98.1000;54.6598;-0.0139;0.0004;55.4000;-115.1728;0.0007;0.4355;214.6047;305.8691;0.0000;0.2038;-0.0643;0.0000;-0.0006;-0.0014;0.0454;-0.0009;191333;71.55602;Infinity;2640.73;98.3301;54.4767;1.2861;1.1835;55.0468;-114.7359;352.5009;353.1506;214.6046;293.1761;0.0000;1.7457;LeftFalse_RightFalse;LeftFalse_RightFalse;HandLeft_(0.3, -0.7, -0.3)_(0.6, 0.4, -0.7, 0.1)_1.046027_System.String[];HandLeft_(-0.9, -0.5, 0.0)_(0.8, 0.1, -0.6, -0.1)_1.005502_System.String[];HandRight_(0.5, -0.7, -0.3)_(0.0, -0.6, -0.4, 0.7)_1.046027_System.String[];HandRight_(-0.4, -0.4, 0.2)_(0.0, -0.7, 0.0, 0.7)_1.005502_System.String[];1.2583;-0.0081;0.0023;97.9488;54.2496;0.8489;1.1765;55.3193;-115.3511;1.1819;349.2577;210.3913;306.5816;2.3305;357.8839
0.0042;0.0000;False;False;98.1000;54.6571;-0.0139;0.0004;55.4000;-115.1710;0.0007;0.4357;214.6046;305.8695;0.0000;0.2038;-0.0640;0.0000;-0.0006;0.0001;0.0451;0.0000;191336;71.6953;Infinity;2640.78;98.3301;54.4740;1.2861;1.1835;55.0468;-114.7340;352.5006;353.1507;214.6048;293.1761;0.0000;1.7457;LeftFalse_RightFalse;LeftFalse_RightFalse;HandLeft_(0.3, -0.7, -0.3)_(0.6, 0.4, -0.7, 0.1)_1.046027_System.String[];HandLeft_(-0.9, -0.5, 0.0)_(0.8, 0.1, -0.6, -0.1)_1.005502_System.String[];HandRight_(0.5, -0.7, -0.3)_(0.0, -0.6, -0.4, 0.7)_1.046027_System.String[];HandRight_(-0.4, -0.5, 0.2)_(0.0, -0.7, -0.1, 0.7)_1.005502_System.String[];1.3000;-0.0081;0.0023;97.9496;54.2502;0.8490;1.1774;55.3193;-115.3502;0.9844;348.4684;209.9417;306.0275;2.3903;358.3698
0.0187;0.0000;False;False;98.1000;54.6543;-0.0139;0.0004;55.3999;-115.1690;0.0005;0.4355;214.6041;305.8702;0.0000;0.2038;-0.0678;0.0000;-0.0006;-0.0004;0.0479;-0.0002;191339;71.58714;Infinity;2640.82;98.3301;54.4713;1.2861;1.1835;55.0468;-114.7320;352.5005;353.1506;214.6043;293.1770;0.0000;1.7457;LeftFalse_RightFalse;LeftFalse_RightFalse;HandLeft_(0.3, -0.7, -0.3)_(0.6, 0.4, -0.7, 0.1)_1.046027_System.String[];HandLeft_(-0.9, -0.5, 0.0)_(0.9, 0.2, -0.4, -0.2)_1.005502_System.String[];HandRight_(0.5, -0.7, -0.3)_(0.0, -0.6, -0.4, 0.7)_1.046027_System.String[];HandRight_(-0.4, -0.5, 0.2)_(0.0, -0.7, -0.1, 0.7)_1.005502_System.String[];1.3423;-0.0081;0.0023;97.9504;54.2507;0.8494;1.1785;55.3195;-115.3490;0.7764;347.7372;209.5508;305.6199;2.4439;358.4773
0.0383;0.0000;False;False;98.1000;54.6515;-0.0139;0.0004;55.3999;-115.1670;0.0005;0.4355;214.6026;305.8698;0.0000;0.2038;-0.0698;0.0000;-0.0006;-0.0034;0.0494;-0.0023;191342;71.70251;Infinity;2640.86;98.3301;54.4684;1.2861;1.1834;55.0467;-114.7301;352.5005;353.1505;214.6031;293.1764;0.0000;1.7457;LeftFalse_RightFalse;LeftFalse_RightFalse;HandLeft_(0.3, -0.7, -0.3)_(0.6, 0.4, -0.7, 0.1)_1.046027_System.String[];HandLeft_(-0.8, -0.5, -0.1)_(0.8, 0.3, -0.3, -0.3)_1.005502_System.String[];HandRight_(0.5, -0.7, -0.3)_(0.0, -0.6, -0.4, 0.7)_1.046027_System.String[];HandRight_(-0.4, -0.5, 0.0)_(0.0, -0.6, -0.4, 0.7)_1.005502_System.String[];1.3840;-0.0081;0.0023;97.9512;54.2517;0.8498;1.1795;55.3196;-115.3472;0.5235;347.2441;209.1721;305.4034;2.4956;358.4380
0.0648;0.0000;False;False;98.0998;54.6486;-0.0139;0.0003;55.3997;-115.1649;-0.0001;0.4354;214.6016;305.8690;0.0000;0.2038;-0.0717;0.0000;-0.0007;-0.0091;0.0507;-0.0062;191345;71.84408;Infinity;2640.90;98.3300;54.4656;1.2861;1.1834;55.0466;-114.7280;352.5001;353.1504;214.6021;293.1763;0.0000;1.7457;LeftFalse_RightFalse;LeftFalse_RightFalse;HandLeft_(0.3, -0.7, -0.3)_(0.6, 0.4, -0.7, 0.1)_1.046027_System.String[];HandLeft_(-0.8, -0.4, -0.1)_(0.8, 0.3, -0.3, -0.3)_1.005502_System.String[];HandRight_(0.5, -0.7, -0.3)_(0.0, -0.6, -0.3, 0.7)_1.046027_System.String[];HandRight_(-0.4, -0.4, 0.0)_(0.1, -0.6, -0.5, 0.7)_1.005502_System.String[];1.4255;-0.0083;0.0023;97.9522;54.2524;0.8503;1.1799;55.3192;-115.3452;0.2404;347.1190;208.6923;305.3750;2.5199;358.3813
0.1012;0.0000;False;False;98.0995;54.6456;-0.0139;0.0003;55.3993;-115.1628;-0.0012;0.4353;214.6018;305.8685;0.0000;0.2038;-0.0712;0.0000;-0.0007;-0.0150;0.0504;-0.0102;191348;71.67114;Infinity;2640.94;98.3298;54.4626;1.2861;1.1834;55.0463;-114.7259;352.4991;353.1503;214.6016;293.1758;0.0000;1.7457;LeftFalse_RightFalse;LeftFalse_RightFalse;HandLeft_(0.3, -0.7, -0.3)_(0.6, 0.4, -0.7, 0.1)_1.046027_System.String[];HandLeft_(-0.8, -0.4, -0.1)_(0.8, 0.5, -0.3, -0.3)_1.005502_System.String[];HandRight_(0.5, -0.7, -0.3)_(0.0, -0.6, -0.3, 0.7)_1.046027_System.String[];HandRight_(-0.4, -0.4, -0.1)_(0.2, -0.5, -0.5, 0.7)_1.005502_System.String[];1.4675;-0.0089;0.0023;97.9529;54.2530;0.8507;1.1794;55.3185;-115.3429;359.9804;347.1482;208.1502;305.5347;2.5059;358.1563
0.1451;0.0000;False;False;98.0990;54.6426;-0.0139;0.0003;55.3985;-115.1607;-0.0028;0.4354;214.6020;305.8694;0.0000;0.2038;-0.0733;0.0000;-0.0007;-0.0232;0.0519;-0.0159;191351;71.39525;Infinity;2640.99;98.3294;54.4596;1.2861;1.1834;55.0457;-114.7238;352.4978;353.1505;214.6019;293.1758;0.0000;1.7457;LeftFalse_RightFalse;LeftFalse_RightFalse;HandLeft_(0.3, -0.7, -0.3)_(0.6, 0.4, -0.7, 0.1)_1.046027_System.String[];HandLeft_(-0.8, -0.4, -0.2)_(0.7, 0.5, -0.3, -0.4)_1.005502_System.String[];HandRight_(0.5, -0.7, -0.3)_(0.0, -0.6, -0.3, 0.7)_1.046027_System.String[];HandRight_(-0.5, -0.3, -0.1)_(0.3, -0.5, -0.4, 0.7)_1.005502_System.String[];1.5098;-0.0102;0.0023;97.9533;54.2536;0.8510;1.1785;55.3175;-115.3405;359.8095;347.2174;207.6523;305.8047;2.5347;357.8158
0.1892;0.0168;False;False;98.0982;54.6394;-0.0139;0.0002;55.3973;-115.1584;-0.0049;0.4353;214.6019;305.8708;-0.0001;0.2038;-0.0764;-0.0001;-0.0007;-0.0376;0.0542;-0.0256;191354;71.62135;Infinity;2641.03;98.3287;54.4565;1.2861;1.1833;55.0447;-114.7216;352.4959;353.1504;214.6022;293.1772;-0.0001;1.7457;LeftFalse_RightFalse;LeftFalse_RightFalse;HandLeft_(0.3, -0.7, -0.3)_(0.6, 0.4, -0.7, 0.1)_1.046027_System.String[];HandLeft_(-0.7, -0.3, -0.2)_(0.7, 0.5, -0.3, -0.4)_1.005502_System.String[];HandRight_(0.5, -0.7, -0.3)_(0.0, -0.6, -0.3, 0.7)_1.046027_System.String[];HandRight_(-0.5, -0.3, -0.1)_(0.3, -0.5, -0.5, 0.6)_1.005502_System.String[];1.5515;-0.0123;0.0023;97.9535;54.2533;0.8514;1.1777;55.3161;-115.3379;359.6840;347.2683;207.2229;306.1224;2.6404;357.3716
0.2276;0.0663;False;False;98.0969;54.6362;-0.0139;0.0002;55.3955;-115.1561;359.9919;0.4348;214.6013;305.8716;-0.0001;0.2038;-0.0804;-0.0001;-0.0007;-0.0525;0.0571;-0.0358;191357;71.61331;Infinity;2641.07;98.3276;54.4533;1.2861;1.1833;55.0431;-114.7193;352.4930;353.1501;214.6015;293.1781;-0.0001;1.7458;LeftFalse_RightFalse;LeftFalse_RightFalse;HandLeft_(0.3, -0.7, -0.3)_(0.6, 0.4, -0.7, 0.1)_1.046027_System.String[];HandLeft_(-0.7, -0.3, -0.2)_(0.7, 0.5, -0.4, -0.3)_1.005502_System.String[];HandRight_(0.5, -0.7, -0.3)_(0.0, -0.6, -0.3, 0.7)_1.046027_System.String[];HandRight_(-0.5, -0.3, -0.2)_(0.3, -0.5, -0.5, 0.6)_1.005502_System.String[];1.5935;-0.0153;0.0023;97.9530;54.2527;0.8518;1.1769;55.3142;-115.3352;359.5615;347.2910;206.8620;306.5259;2.7953;356.8583
0.2573;0.1147;False;False;98.0951;54.6326;-0.0139;0.0002;55.3928;-115.1536;359.9882;0.4339;214.6010;305.8707;-0.0002;0.2038;-0.0884;-0.0001;-0.0008;-0.0712;0.0628;-0.0484;191360;71.42833;Infinity;2641.11;98.3261;54.4499;1.2861;1.1833;55.0408;-114.7169;352.4895;353.1494;214.6011;293.1782;-0.0002;1.7460;LeftFalse_RightFalse;LeftFalse_RightFalse;HandLeft_(0.3, -0.7, -0.3)_(0.5, 0.4, -0.7, 0.1)_1.046027_System.String[];HandLeft_(-0.7, -0.3, -0.2)_(0.7, 0.5, -0.5, -0.2)_1.005502_System.String[];HandRight_(0.5, -0.7, -0.3)_(0.0, -0.6, -0.3, 0.7)_1.046027_System.String[];HandRight_(-0.5, -0.3, -0.2)_(0.3, -0.5, -0.5, 0.7)_1.005502_System.String[];1.6355;-0.0194;0.0023;97.9522;54.2517;0.8524;1.1763;55.3115;-115.3322;359.4144;347.1935;206.5645;306.9211;2.9665;356.5069
0.2801;0.1488;False;False;98.0928;54.6286;-0.0139;0.0001;55.3893;-115.1508;359.9842;0.4322;214.6000;305.8685;-0.0004;0.2038;-0.0995;-0.0001;-0.0009;-0.0900;0.0709;-0.0610;191363;71.46323;Infinity;2641.15;98.3240;54.4461;1.2861;1.1833;55.0377;-114.7142;352.4854;353.1480;214.6005;293.1761;-0.0003;1.7463;LeftFalse_RightFalse;LeftFalse_RightFalse;HandLeft_(0.3, -0.7, -0.3)_(0.5, 0.4, -0.7, 0.1)_1.046027_System.String[];HandLeft_(-0.7, -0.3, -0.2)_(0.7, 0.4, -0.5, -0.1)_1.005502_System.String[];HandRight_(0.5, -0.7, -0.3)_(0.0, -0.6, -0.3, 0.7)_1.046027_System.String[];HandRight_(-0.5, -0.3, -0.2)_(0.2, -0.6, -0.4, 0.7)_1.005502_System.String[];1.6775;-0.0244;0.0023;97.9505;54.2495;0.8529;1.1760;55.3081;-115.3290;359.2350;346.9588;206.3188;307.2672;3.1005;356.3234
0.3000;0.1766;False;False;98.0898;54.6241;-0.0139;0.0001;55.3849;-115.1476;359.9800;0.4296;214.5977;305.8662;-0.0006;0.2037;-0.1133;-0.0001;-0.0011;-0.1138;0.0808;-0.0768;191366;71.66061;Infinity;2641.20;98.3213;54.4418;1.2861;1.1832;55.0337;-114.7111;352.4814;353.1457;214.5991;293.1737;-0.0005;1.7468;LeftFalse_RightFalse;LeftFalse_RightFalse;HandLeft_(0.3, -0.7, -0.3)_(0.5, 0.4, -0.7, 0.1)_1.046027_System.String[];HandLeft_(-0.7, -0.3, -0.2)_(0.8, 0.4, -0.5, 0.0)_1.005502_System.String[];HandRight_(0.5, -0.7, -0.3)_(0.1, -0.6, -0.3, 0.7)_1.046027_System.String[];HandRight_(-0.5, -0.3, -0.2)_(0.2, -0.6, -0.4, 0.7)_1.005502_System.String[];1.7192;-0.0296;0.0023;97.9481;54.2465;0.8536;1.1757;55.3040;-115.3252;359.0404;346.6046;206.1109;307.5635;3.2154;356.1296
0.3177;0.2017;False;False;98.0861;54.6189;-0.0140;0.0001;55.3795;-115.1438;359.9756;0.4263;214.5940;305.8655;-0.0009;0.2037;-0.1299;-0.0002;-0.0013;-0.1367;0.0929;-0.0918;191369;71.65608;Infinity;2641.24;98.3179;54.4368;1.2861;1.1832;55.0287;-114.7076;352.4770;353.1427;214.5953;293.1723;-0.0008;1.7475;LeftFalse_RightFalse;LeftFalse_RightFalse;HandLeft_(0.3, -0.8, -0.3)_(0.5, 0.4, -0.7, 0.1)_1.046027_System.String[];HandLeft_(-0.7, -0.3, -0.2)_(0.8, 0.3, -0.5, 0.1)_1.005502_System.String[];HandRight_(0.5, -0.7, -0.3)_(0.1, -0.6, -0.3, 0.7)_1.046027_System.String[];HandRight_(-0.5, -0.3, -0.2)_(0.2, -0.6, -0.4, 0.7)_1.005502_System.String[];1.7610;-0.0354;0.0023;97.9449;54.2424;0.8540;1.1756;55.2988;-115.3209;358.8824;346.1334;205.8725;307.8309;3.3393;355.8842
0.3338;0.2227;False;False;98.0818;54.6130;-0.0140;0.0000;55.3730;-115.1396;359.9714;0.4227;214.5892;305.8662;-0.0012;0.2037;-0.1464;-0.0002;-0.0014;-0.1621;0.1048;-0.1084;191372;71.82676;Infinity;2641.28;98.3139;54.4312;1.2861;1.1832;55.0227;-114.7036;352.4727;353.1392;214.5910;293.1723;-0.0011;1.7482;LeftFalse_RightFalse;LeftFalse_RightFalse;HandLeft_(0.3, -0.8, -0.3)_(0.5, 0.4, -0.7, 0.1)_1.046027_System.String[];HandLeft_(-0.7, -0.3, -0.2)_(0.8, 0.3, -0.5, 0.1)_1.005502_System.String[];HandRight_(0.5, -0.7, -0.3)_(0.1, -0.6, -0.3, 0.8)_1.046027_System.String[];HandRight_(-0.5, -0.3, -0.2)_(0.2, -0.6, -0.4, 0.7)_1.005502_System.String[];1.8027;-0.0413;0.0023;97.9412;54.2369;0.8543;1.1759;55.2926;-115.3160;358.7727;345.5185;205.6209;308.0278;3.4235;355.7887
0.3481;0.2394;False;False;98.0767;54.6062;-0.0140;-0.0001;55.3654;-115.1347;359.9673;0.4188;214.5824;305.8664;-0.0017;0.2038;-0.1745;-0.0002;-0.0017;-0.2029;0.1251;-0.1346;191375;71.79317;Infinity;2641.32;98.3091;54.4248;1.2861;1.1831;55.0155;-114.6990;352.4687;353.1355;214.5851;293.1729;-0.0015;1.7491;LeftFalse_RightFalse;LeftFalse_RightFalse;HandLeft_(0.3, -0.8, -0.3)_(0.5, 0.5, -0.7, 0.1)_1.046027_System.String[];HandLeft_(-0.7, -0.3, -0.2)_(0.8, 0.3, -0.4, 0.2)_1.005502_System.String[];HandRight_(0.5, -0.7, -0.3)_(0.1, -0.6, -0.3, 0.8)_1.046027_System.String[];HandRight_(-0.5, -0.3, -0.2)_(0.1, -0.6, -0.4, 0.7)_1.005502_System.String[];1.8445;-0.0478;0.0023;97.9367;54.2304;0.8546;1.1762;55.2852;-115.3105;358.7130;345.0034;205.3505;308.1171;3.4668;355.8051
0.3592;0.2538;False;False;98.0709;54.5987;-0.0140;-0.0001;55.3566;-115.1293;359.9635;0.4152;214.5739;305.8666;-0.0022;0.2038;-0.1960;-0.0001;-0.0019;-0.2305;0.1407;-0.1521;191378;71.89582;Infinity;2641.36;98.3036;54.4176;1.2861;1.1831;55.0072;-114.6938;352.4647;353.1319;214.5772;293.1729;-0.0020;1.7499;LeftFalse_RightFalse;LeftFalse_RightFalse;HandLeft_(0.3, -0.8, -0.3)_(0.5, 0.5, -0.7, 0.2)_1.046027_System.String[];HandLeft_(-0.7, -0.3, -0.2)_(0.8, 0.3, -0.5, 0.3)_1.005502_System.String[];HandRight_(0.5, -0.7, -0.3)_(0.1, -0.6, -0.3, 0.8)_1.046027_System.String[];HandRight_(-0.5, -0.3, -0.2)_(-0.1, -0.7, -0.3, 0.6)_1.005502_System.String[];1.8862;-0.0548;0.0021;97.9314;54.2227;0.8550;1.1764;55.2767;-115.3046;358.7094;344.6589;205.0322;308.0830;3.5025;355.9101
0.3691;0.2664;False;False;98.0643;54.5902;-0.0140;-0.0002;55.3465;-115.1232;359.9599;0.4114;214.5628;305.8667;-0.0028;0.2038;-0.2171;-0.0001;-0.0021;-0.2590;0.1559;-0.1699;191381;71.94695;Infinity;2641.40;98.2974;54.4095;1.2862;1.1830;54.9977;-114.6880;352.4610;353.1282;214.5671;293.1730;-0.0026;1.7507;LeftFalse_RightFalse;LeftFalse_RightFalse;HandLeft_(0.3, -0.8, -0.3)_(0.5, 0.5, -0.7, 0.2)_1.046027_System.String[];HandLeft_(-0.7, -0.3, -0.2)_(0.8, 0.3, -0.5, 0.3)_1.005502_System.String[];HandRight_(0.5, -0.7, -0.3)_(0.1, -0.6, -0.3, 0.8)_1.046027_System.String[];HandRight_(-0.5, -0.3, -0.2)_(-0.2, -0.7, -0.3, 0.6)_1.005502_System.String[];1.9280;-0.0618;0.0015;97.9255;54.2139;0.8553;1.1765;55.2669;-115.2981;358.6877;344.4689;204.6753;307.9184;3.5398;356.1275
0.3810;0.2759;False;False;98.0569;54.5808;-0.0140;-0.0003;55.3353;-115.1165;359.9566;0.4078;214.5487;305.8668;-0.0035;0.2037;-0.2393;-0.0001;-0.0023;-0.2884;0.1719;-0.1880;191384;71.96999;Infinity;2641.45;98.2904;54.4004;1.2862;1.1830;54.9870;-114.6815;352.4576;353.1246;214.5542;293.1730;-0.0033;1.7516;LeftFalse_RightFalse;LeftFalse_RightFalse;HandLeft_(0.3, -0.8, -0.3)_(0.5, 0.5, -0.7, 0.2)_1.046027_System.String[];HandLeft_(-0.7, -0.3, -0.2)_(0.8, 0.3, -0.5, 0.3)_1.005502_System.String[];HandRight_(0.5, -0.7, -0.3)_(0.1, -0.5, -0.3, 0.8)_1.046027_System.String[];HandRight_(-0.5, -0.3, -0.1)_(-0.2, -0.7, -0.3, 0.6)_1.005502_System.String[];1.9695;-0.0685;0.0013;97.9188;54.2039;0.8555;1.1762;55.2559;-115.2914;358.6180;344.4563;204.2872;307.6144;3.5702;356.4197
0.3955;0.2847;False;False;98.0487;54.5703;-0.0140;-0.0004;55.3226;-115.1090;359.9535;0.4043;214.5313;305.8669;-0.0043;0.2037;-0.2621;-0.0001;-0.0025;-0.3189;0.1884;-0.2065;191387;71.75326;Infinity;2641.49;98.2826;54.3904;1.2862;1.1829;54.9750;-114.6743;352.4545;353.1212;214.5380;293.1730;-0.0041;1.7523;LeftFalse_RightFalse;LeftFalse_RightFalse;HandLeft_(0.3, -0.8, -0.3)_(0.5, 0.5, -0.7, 0.2)_1.046027_System.String[];HandLeft_(-0.7, -0.3, -0.2)_(0.8, 0.4, -0.5, 0.2)_1.005502_System.String[];HandRight_(0.5, -0.7, -0.3)_(0.1, -0.5, -0.3, 0.8)_1.046027_System.String[];HandRight_(-0.5, -0.3, -0.1)_(-0.2, -0.7, -0.3, 0.6)_1.005502_System.String[];2.0115;-0.0757;0.0013;97.9114;54.1929;0.8556;1.1755;55.2436;-115.2844;358.5299;344.7200;203.8646;307.2596;3.5943;356.6341
0.4107;0.2918;False;False;98.0397;54.5589;-0.0140;-0.0005;55.3087;-115.1007;359.9507;0.4011;214.5103;305.8670;-0.0051;0.2037;-0.2852;-0.0001;-0.0027;-0.3503;0.2051;-0.2256;191390;71.77748;Infinity;2641.53;98.2740;54.3793;1.2862;1.1828;54.9616;-114.6664;352.4516;353.1179;214.5183;293.1730;-0.0049;1.7530;LeftFalse_RightFalse;LeftFalse_RightFalse;HandLeft_(0.3, -0.8, -0.3)_(0.4, 0.5, -0.7, 0.2)_1.046027_System.String[];HandLeft_(-0.7, -0.3, -0.2)_(0.8, 0.4, -0.5, 0.2)_1.005502_System.String[];HandRight_(0.5, -0.7, -0.3)_(0.1, -0.5, -0.3, 0.8)_1.046027_System.String[];HandRight_(-0.5, -0.3, -0.1)_(-0.2, -0.7, -0.4, 0.6)_1.005502_System.String[];2.0532;-0.0821;0.0015;97.9033;54.1809;0.8556;1.1747;55.2301;-115.2768;358.4333;345.0471;203.3968;306.9721;3.6387;356.8107
0.4275;0.2985;False;False;98.0299;54.5465;-0.0140;-0.0006;55.2934;-115.0918;359.9480;0.3981;214.4853;305.8671;359.9940;0.2037;-0.3088;-0.0001;-0.0029;-0.3831;0.2221;-0.2451;191393;71.88448;Infinity;2641.57;98.2646;54.3674;1.2862;1.1827;54.9469;-114.6577;352.4489;353.1150;214.4949;293.1730;-0.0057;1.7537;LeftFalse_RightFalse;LeftFalse_RightFalse;HandLeft_(0.3, -0.8, -0.3)_(0.4, 0.5, -0.7, 0.2)_1.046027_System.String[];HandLeft_(-0.7, -0.3, -0.2)_(0.8, 0.4, -0.5, 0.2)_1.005502_System.String[];HandRight_(0.5, -0.7, -0.3)_(0.1, -0.5, -0.3, 0.8)_1.046027_System.String[];HandRight_(-0.5, -0.3, -0.1)_(-0.2, -0.7, -0.4, 0.6)_1.005502_System.String[];2.0950;-0.0883;0.0015;97.8947;54.1680;0.8559;1.1740;55.2154;-115.2685;358.3026;345.3172;202.8793;306.7346;3.6982;356.9575
0.4483;0.3069;False;False;98.0191;54.5329;-0.0140;-0.0008;55.2764;-115.0820;359.9453;0.3953;214.4555;305.8673;359.9931;0.2037;-0.3328;-0.0001;-0.0031;-0.4173;0.2395;-0.2654;191396;71.54749;Infinity;2641.61;98.2543;54.3542;1.2862;1.1826;54.9307;-114.6483;352.4462;353.1122;214.4669;293.1731;359.9933;1.7544;LeftFalse_RightFalse;LeftFalse_RightFalse;HandLeft_(0.3, -0.8, -0.3)_(0.4, 0.5, -0.7, 0.2)_1.046027_System.String[];HandLeft_(-0.7, -0.3, -0.2)_(0.8, 0.4, -0.5, 0.2)_1.005502_System.String[];HandRight_(0.5, -0.7, -0.3)_(0.2, -0.5, -0.3, 0.8)_1.046027_System.String[];HandRight_(-0.5, -0.3, -0.1)_(-0.2, -0.7, -0.3, 0.6)_1.005502_System.String[];2.1372;-0.0933;0.0015;97.8853;54.1541;0.8562;1.1732;55.1989;-115.2594;358.1525;345.4894;202.3241;306.5721;3.7572;357.0197
0.4695;0.3170;False;False;98.0074;54.5183;-0.0140;-0.0009;55.2579;-115.0715;359.9426;0.3928;214.4214;305.8675;359.9922;0.2037;-0.3572;-0.0001;-0.0033;-0.4527;0.2572;-0.2867;191399;71.46099;Infinity;2641.66;98.2431;54.3399;1.2862;1.1825;54.9129;-114.6380;352.4435;353.1096;214.4342;293.1732;359.9924;1.7549;LeftFalse_RightFalse;LeftFalse_RightFalse;HandLeft_(0.3, -0.8, -0.2)_(0.4, 0.6, -0.7, 0.2)_1.046027_System.String[];HandLeft_(-0.7, -0.3, -0.2)_(0.8, 0.4, -0.5, 0.2)_1.005502_System.String[];HandRight_(0.5, -0.7, -0.3)_(0.2, -0.5, -0.3, 0.8)_1.046027_System.String[];HandRight_(-0.5, -0.3, -0.1)_(-0.2, -0.7, -0.3, 0.6)_1.005502_System.String[];2.1792;-0.0958;0.0013;97.8748;54.1391;0.8564;1.1727;55.1808;-115.2493;358.0021;345.6190;201.7827;306.4887;3.7628;357.0926
0.4896;0.3298;False;False;97.9948;54.5027;-0.0140;-0.0011;55.2380;-115.0603;359.9399;0.3904;214.3834;305.8676;359.9914;0.2037;-0.3824;-0.0001;-0.0035;-0.4897;0.2754;-0.3091;191402;71.67215;Infinity;2641.70;98.2311;54.3247;1.2862;1.1824;54.8937;-114.6270;352.4408;353.1073;214.3976;293.1733;359.9915;1.7555;LeftFalse_RightFalse;LeftFalse_RightFalse;HandLeft_(0.3, -0.8, -0.2)_(0.4, 0.6, -0.7, 0.3)_1.046027_System.String[];HandLeft_(-0.7, -0.3, -0.2)_(0.8, 0.4, -0.5, 0.2)_1.005502_System.String[];HandRight_(0.5, -0.7, -0.3)_(0.2, -0.5, -0.3, 0.8)_1.046027_System.String[];HandRight_(-0.5, -0.3, -0.1)_(-0.2, -0.7, -0.3, 0.6)_1.005502_System.String[];2.2209;-0.0972;0.0013;97.8637;54.1232;0.8564;1.1720;55.1613;-115.2386;357.9301;345.7442;201.3014;306.4750;3.7189;357.1805
0.5069;0.3427;False;False;97.9812;54.4860;-0.0140;-0.0012;55.2165;-115.0483;359.9371;0.3881;214.3416;305.8678;359.9908;0.2037;-0.4085;-0.0001;-0.0038;-0.5283;0.2942;-0.3325;191405;71.82478;Infinity;2641.74;98.2181;54.3084;1.2862;1.1823;54.8729;-114.6153;352.4380;353.1050;214.3571;293.1734;359.9909;1.7560;LeftFalse_RightFalse;LeftFalse_RightFalse;HandLeft_(0.3, -0.8, -0.2)_(0.4, 0.6, -0.7, 0.2)_1.046027_System.String[];HandLeft_(-0.7, -0.3, -0.2)_(0.8, 0.4, -0.5, 0.2)_1.005502_System.String[];HandRight_(0.5, -0.7, -0.3)_(0.2, -0.5, -0.3, 0.8)_1.046027_System.String[];HandRight_(-0.5, -0.3, -0.1)_(-0.2, -0.7, -0.3, 0.6)_1.005502_System.String[];2.2627;-0.0980;0.0013;97.8516;54.1064;0.8565;1.1714;55.1400;-115.2271;357.9151;345.9041;200.8902;306.4916;3.6687;357.3126
0.5198;0.3549;False;False;97.9666;54.4681;-0.0140;-0.0014;55.1932;-115.0353;359.9341;0.3858;214.2960;305.8680;359.9902;0.2037;-0.4492;-0.0001;-0.0041;-0.5883;0.3236;-0.3690;191408;71.76187;Infinity;2641.78;98.2042;54.2910;1.2862;1.1821;54.8505;-114.6027;352.4352;353.1028;214.3129;293.1736;359.9903;1.7565;LeftFalse_RightFalse;LeftFalse_RightFalse;HandLeft_(0.3, -0.8, -0.2)_(0.4, 0.6, -0.7, 0.2)_1.046027_System.String[];HandLeft_(-0.7, -0.3, -0.2)_(0.8, 0.4, -0.5, 0.2)_1.005502_System.String[];HandRight_(0.5, -0.7, -0.3)_(0.2, -0.5, -0.3, 0.8)_1.046027_System.String[];HandRight_(-0.5, -0.3, -0.1)_(-0.2, -0.7, -0.3, 0.6)_1.005502_System.String[];2.3044;-0.0985;0.0013;97.8383;54.0887;0.8565;1.1710;55.1172;-115.2147;357.8821;346.0456;200.5271;306.4789;3.7283;357.4874
0.5293;0.3670;False;False;97.9508;54.4488;-0.0140;-0.0015;55.1679;-115.0215;359.9312;0.3834;214.2465;305.8683;359.9897;0.2037;-0.4773;-0.0001;-0.0044;-0.6292;0.3439;-0.3939;191411;71.63434;Infinity;2641.82;98.1891;54.2722;1.2862;1.1820;54.8261;-114.5892;352.4322;353.1005;214.2646;293.1738;359.9898;1.7570;LeftFalse_RightFalse;LeftFalse_RightFalse;HandLeft_(0.3, -0.8, -0.2)_(0.4, 0.6, -0.7, 0.2)_1.046027_System.String[];HandLeft_(-0.7, -0.3, -0.2)_(0.8, 0.4, -0.5, 0.2)_1.005502_System.String[];HandRight_(0.5, -0.7, -0.3)_(0.2, -0.5, -0.3, 0.8)_1.046027_System.String[];HandRight_(-0.5, -0.3, -0.1)_(-0.2, -0.7, -0.3, 0.6)_1.005502_System.String[];2.3464;-0.0987;0.0012;97.8239;54.0699;0.8565;1.1706;55.0924;-115.2014;357.8503;346.1116;200.1760;306.4014;3.8871;357.6265
0.5369;0.3777;False;False;97.9339;54.4285;-0.0140;-0.0017;55.1410;-115.0068;359.9284;0.3811;214.1934;305.8686;359.9893;0.2037;-0.5062;-0.0001;-0.0047;-0.6708;0.3648;-0.4190;191414;71.65314;Infinity;2641.86;98.1729;54.2523;1.2862;1.1818;54.8000;-114.5748;352.4294;353.0982;214.2129;293.1740;359.9893;1.7575;LeftFalse_RightFalse;LeftFalse_RightFalse;HandLeft_(0.3, -0.8, -0.2)_(0.4, 0.5, -0.7, 0.2)_1.046027_System.String[];HandLeft_(-0.7, -0.3, -0.2)_(0.8, 0.4, -0.5, 0.2)_1.005502_System.String[];HandRight_(0.5, -0.7, -0.3)_(0.2, -0.5, -0.3, 0.8)_1.046027_System.String[];HandRight_(-0.5, -0.3, -0.1)_(-0.2, -0.7, -0.4, 0.6)_1.005502_System.String[];2.3882;-0.0990;0.0012;97.8083;54.0500;0.8564;1.1703;55.0658;-115.1875;357.7968;346.0757;199.8621;306.2884;4.0196;357.6940
0.5432;0.3868;False;False;97.9160;54.4068;-0.0140;-0.0019;55.1123;-114.9912;359.9257;0.3787;214.1368;305.8688;359.9888;0.2037;-0.5357;-0.0001;-0.0049;-0.7129;0.3862;-0.4443;191417;71.75457;Infinity;2641.91;98.1557;54.2311;1.2863;1.1816;54.7722;-114.5596;352.4266;353.0959;214.1575;293.1741;359.9889;1.7581;LeftFalse_RightFalse;LeftFalse_RightFalse;HandLeft_(0.3, -0.8, -0.2)_(0.4, 0.5, -0.7, 0.2)_1.046027_System.String[];HandLeft_(-0.7, -0.3, -0.2)_(0.8, 0.4, -0.5, 0.2)_1.005502_System.String[];HandRight_(0.5, -0.7, -0.3)_(0.2, -0.5, -0.3, 0.8)_1.046027_System.String[];HandRight_(-0.5, -0.3, -0.1)_(-0.2, -0.7, -0.3, 0.6)_1.005502_System.String[];2.4299;-0.0995;0.0012;97.7916;54.0288;0.8567;1.1700;55.0373;-115.1726;357.7257;345.9926;199.6006;306.1854;4.1030;357.6721
0.5473;0.3942;False;False;97.8970;54.3840;-0.0140;-0.0021;55.0818;-114.9747;359.9232;0.3763;214.0766;305.8691;359.9884;0.2037;-0.5657;-0.0001;-0.0052;-0.7553;0.4078;-0.4696;191420;71.87373;Infinity;2641.95;98.1375;54.2087;1.2863;1.1814;54.7426;-114.5434;352.4240;353.0935;214.0987;293.1743;359.9884;1.7586;LeftFalse_RightFalse;LeftFalse_RightFalse;HandLeft_(0.3, -0.8, -0.2)_(0.4, 0.5, -0.7, 0.2)_1.046027_System.String[];HandLeft_(-0.7, -0.3, -0.2)_(0.8, 0.4, -0.5, 0.2)_1.005502_System.String[];HandRight_(0.5, -0.7, -0.3)_(0.2, -0.6, -0.3, 0.8)_1.046027_System.String[];HandRight_(-0.5, -0.3, -0.1)_(-0.2, -0.7, -0.4, 0.6)_1.005502_System.String[];2.4717;-0.1005;0.0012;97.7738;54.0066;0.8570;1.1697;55.0072;-115.1568;357.6882;345.8773;199.3991;306.1443;4.1391;357.6329
0.5504;0.4003;False;False;97.8770;54.3598;-0.0140;-0.0024;55.0495;-114.9573;359.9209;0.3739;214.0124;305.8694;359.9878;0.2037;-0.5961;-0.0001;-0.0055;-0.7981;0.4298;-0.4947;191423;71.92441;Infinity;2641.99;98.1182;54.1850;1.2863;1.1812;54.7112;-114.5264;352.4217;353.0912;214.0359;293.1746;359.9879;1.7591;LeftFalse_RightFalse;LeftFalse_RightFalse;HandLeft_(0.3, -0.8, -0.2)_(0.4, 0.5, -0.7, 0.2)_1.046027_System.String[];HandLeft_(-0.7, -0.3, -0.2)_(0.8, 0.4, -0.5, 0.2)_1.005502_System.String[];HandRight_(0.5, -0.7, -0.3)_(0.2, -0.5, -0.3, 0.8)_1.046027_System.String[];HandRight_(-0.5, -0.3, -0.1)_(-0.2, -0.7, -0.4, 0.6)_1.005502_System.String[];2.5134;-0.1017;0.0012;97.7546;53.9832;0.8572;1.1694;54.9752;-115.1400;357.7041;345.7623;199.2261;306.1371;4.1908;357.6445
0.5526;0.4047;False;False;97.8558;54.3343;-0.0140;-0.0026;55.0153;-114.9389;359.9189;0.3716;213.9438;305.8697;359.9871;0.2038;-0.6268;-0.0001;-0.0058;-0.8411;0.4520;-0.5196;191426;71.96667;Infinity;2642.03;98.0978;54.1600;1.2863;1.1810;54.6780;-114.5083;352.4195;353.0889;213.9689;293.1748;359.9872;1.7597;LeftFalse_RightFalse;LeftFalse_RightFalse;HandLeft_(0.3, -0.8, -0.2)_(0.4, 0.5, -0.7, 0.2)_1.046027_System.String[];HandLeft_(-0.7, -0.3, -0.2)_(0.8, 0.4, -0.5, 0.2)_1.005502_System.String[];HandRight_(0.5, -0.7, -0.3)_(0.2, -0.5, -0.3, 0.8)_1.046027_System.String[];HandRight_(-0.5, -0.3, -0.1)_(-0.2, -0.7, -0.3, 0.6)_1.005502_System.String[];2.5549;-0.1034;0.0012;97.7344;53.9583;0.8573;1.1692;54.9413;-115.1221;357.7521;345.7020;199.0350;306.1248;4.2687;357.6613
0.5542;0.4080;False;False;97.8334;54.3072;-0.0140;-0.0029;54.9790;-114.9194;359.9170;0.3693;213.8699;305.8701;359.9862;0.2038;-0.6577;-0.0001;-0.0060;-0.8843;0.4744;-0.5442;191429;71.68776;Infinity;2642.07;98.0763;54.1335;1.2863;1.1808;54.6428;-114.4892;352.4176;353.0867;213.8970;293.1751;359.9864;1.7602;LeftFalse_RightFalse;LeftFalse_RightFalse;HandLeft_(0.3, -0.8, -0.2)_(0.4, 0.6, -0.7, 0.2)_1.046027_System.String[];HandLeft_(-0.7, -0.3, -0.2)_(0.8, 0.4, -0.5, 0.2)_1.005502_System.String[];HandRight_(0.5, -0.7, -0.3)_(0.2, -0.5, -0.3, 0.8)_1.046027_System.String[];HandRight_(-0.5, -0.3, -0.1)_(-0.2, -0.7, -0.3, 0.6)_1.005502_System.String[];2.5969;-0.1052;0.0012;97.7129;53.9320;0.8574;1.1689;54.9054;-115.1030;357.8197;345.6784;198.8035;306.0851;4.3351;357.6651
0.5554;0.4103;False;False;97.8099;54.2788;-0.0140;-0.0031;54.9407;-114.8989;359.9154;0.3672;213.7909;305.8705;359.9853;0.2038;-0.6886;-0.0001;-0.0063;-0.9276;0.4967;-0.5686;191432;71.58589;Infinity;2642.12;98.0536;54.1055;1.2863;1.1805;54.6053;-114.4690;352.4159;353.0845;213.8195;293.1754;359.9855;1.7607;LeftFalse_RightFalse;LeftFalse_RightFalse;HandLeft_(0.3, -0.8, -0.2)_(0.4, 0.6, -0.7, 0.2)_1.046027_System.String[];HandLeft_(-0.7, -0.3, -0.2)_(0.8, 0.4, -0.5, 0.2)_1.005502_System.String[];HandRight_(0.5, -0.7, -0.3)_(0.2, -0.5, -0.3, 0.8)_1.046027_System.String[];HandRight_(-0.5, -0.3, -0.1)_(-0.2, -0.7, -0.3, 0.6)_1.005502_System.String[];2.6392;-0.1075;0.0012;97.6900;53.9042;0.8574;1.1686;54.8671;-115.0825;357.9037;345.6498;198.5577;306.0306;4.3745;357.6346
0.5552;0.4128;False;False;97.7856;54.2492;-0.0141;-0.0034;54.9008;-114.8776;359.9140;0.3651;213.7073;305.8709;359.9842;0.2040;-0.7196;-0.0001;-0.0067;-0.9710;0.5192;-0.5924;191435;71.78872;Infinity;2642.16;98.0301;54.0764;1.2863;1.1803;54.5665;-114.4480;352.4145;353.0825;213.7378;293.1758;359.9845;1.7612;LeftFalse_RightFalse;LeftFalse_RightFalse;HandLeft_(0.3, -0.8, -0.2)_(0.4, 0.6, -0.7, 0.2)_1.046027_System.String[];HandLeft_(-0.7, -0.3, -0.2)_(0.8, 0.4, -0.5, 0.2)_1.005502_System.String[];HandRight_(0.5, -0.7, -0.3)_(0.2, -0.5, -0.3, 0.8)_1.046027_System.String[];HandRight_(-0.5, -0.3, -0.1)_(-0.2, -0.7, -0.3, 0.6)_1.005502_System.String[];2.6807;-0.1103;0.0012;97.6661;53.8752;0.8575;1.1684;54.8274;-115.0614;357.9875;345.6057;198.3475;305.9856;4.4029;357.5959
0.5551;0.4157;False;False;97.7602;54.2183;-0.0141;-0.0037;54.8591;-114.8553;359.9128;0.3628;213.6178;305.8715;359.9830;0.2046;-0.7508;-0.0001;-0.0071;-1.0145;0.5416;-0.6158;191438;71.8735;Infinity;2642.20;98.0055;54.0460;1.2863;1.1800;54.5258;-114.4261;352.4132;353.0805;213.6504;293.1762;359.9833;1.7622;LeftFalse_RightFalse;LeftFalse_RightFalse;HandLeft_(0.3, -0.8, -0.2)_(0.4, 0.6, -0.7, 0.2)_1.046027_System.String[];HandLeft_(-0.7, -0.3, -0.2)_(0.8, 0.4, -0.5, 0.2)_1.005502_System.String[];HandRight_(0.5, -0.7, -0.3)_(0.2, -0.5, -0.3, 0.8)_1.046027_System.String[];HandRight_(-0.5, -0.3, -0.1)_(-0.2, -0.7, -0.3, 0.6)_1.005502_System.String[];2.7224;-0.1124;0.0012;97.6410;53.8449;0.8574;1.1681;54.7856;-115.0393;358.0807;345.5512;198.1619;305.9597;4.4226;357.5251
0.5550;0.4185;False;False;97.7339;54.1861;-0.0141;-0.0040;54.8155;-114.8320;359.9119;0.3606;213.5226;305.8721;359.9817;0.2054;-0.7977;-0.0001;-0.0076;-1.0796;0.5755;-0.6503;191441;71.93176;Infinity;2642.24;97.9801;54.0142;1.2863;1.1797;54.4832;-114.4032;352.4122;353.0784;213.5572;293.1766;359.9820;1.7634;LeftFalse_RightFalse;LeftFalse_RightFalse;HandLeft_(0.3, -0.8, -0.2)_(0.4, 0.6, -0.7, 0.2)_1.046027_System.String[];HandLeft_(-0.7, -0.3, -0.2)_(0.8, 0.4, -0.5, 0.2)_1.005502_System.String[];HandRight_(0.5, -0.7, -0.3)_(0.2, -0.5, -0.3, 0.8)_1.046027_System.String[];HandRight_(-0.5, -0.3, -0.1)_(-0.2, -0.7, -0.3, 0.6)_1.005502_System.String[];2.7642;-0.1147;0.0012;97.6149;53.8132;0.8572;1.1678;54.7420;-115.0161;358.1901;345.5159;197.9849;305.9537;4.4372;357.4711
0.5549;0.4223;False;False;97.7065;54.1525;-0.0141;-0.0043;54.7700;-114.8077;359.9110;0.3583;213.4215;305.8727;359.9804;0.2063;-0.8290;-0.0001;-0.0079;-1.1230;0.5981;-0.6728;191444;71.96303;Infinity;2642.28;97.9536;53.9811;1.2863;1.1794;54.4388;-114.3793;352.4113;353.0764;213.4583;293.1771;359.9807;1.7648;LeftFalse_RightFalse;LeftFalse_RightFalse;HandLeft_(0.3, -0.8, -0.2)_(0.4, 0.6, -0.7, 0.2)_1.046027_System.String[];HandLeft_(-0.7, -0.3, -0.2)_(0.8, 0.4, -0.5, 0.2)_1.005502_System.String[];HandRight_(0.5, -0.7, -0.3)_(0.2, -0.5, -0.3, 0.8)_1.046027_System.String[];HandRight_(-0.5, -0.3, -0.1)_(-0.2, -0.7, -0.3, 0.6)_1.005502_System.String[];2.8057;-0.1165;0.0012;97.5881;53.7803;0.8570;1.1675;54.6965;-114.9919;358.2982;345.5156;197.7382;305.9641;4.4730;357.4417
0.5548;0.4273;False;False;97.6778;54.1171;-0.0141;-0.0046;54.7221;-114.7822;359.9103;0.3558;213.3136;305.8733;359.9791;0.2069;-0.8606;-0.0001;-0.0085;-1.1663;0.6211;-0.6951;191447;71.67729;Infinity;2642.32;97.9259;53.9462;1.2863;1.1791;54.3920;-114.3541;352.4105;353.0742;213.3524;293.1776;359.9793;1.7661;LeftFalse_RightFalse;LeftFalse_RightFalse;HandLeft_(0.3, -0.8, -0.2)_(0.4, 0.6, -0.7, 0.2)_1.046027_System.String[];HandLeft_(-0.7, -0.3, -0.2)_(0.8, 0.4, -0.5, 0.2)_1.005502_System.String[];HandRight_(0.5, -0.7, -0.3)_(0.1, -0.5, -0.3, 0.8)_1.046027_System.String[];HandRight_(-0.5, -0.3, -0.1)_(-0.2, -0.7, -0.3, 0.6)_1.005502_System.String[];2.8479;-0.1177;0.0012;97.5607;53.7455;0.8569;1.1672;54.6483;-114.9666;358.3972;345.5294;197.1806;305.9677;4.7248;357.4217
0.5548;0.4320;False;False;97.6485;54.0807;-0.0141;-0.0050;54.6728;-114.7560;359.9097;0.3530;213.2014;305.8739;359.9779;0.2071;-0.8925;-0.0001;-0.0089;-1.2094;0.6442;-0.7173;191450;71.83267;Infinity;2642.37;97.8976;53.9104;1.2863;1.1788;54.3438;-114.3282;352.4099;353.0717;213.2422;293.1780;359.9781;1.7670;LeftFalse_RightFalse;LeftFalse_RightFalse;HandLeft_(0.3, -0.8, -0.2)_(0.4, 0.6, -0.7, 0.2)_1.046027_System.String[];HandLeft_(-0.7, -0.3, -0.2)_(0.8, 0.4, -0.5, 0.2)_1.005502_System.String[];HandRight_(0.5, -0.7, -0.3)_(0.1, -0.5, -0.3, 0.8)_1.046027_System.String[];HandRight_(-0.5, -0.3, -0.1)_(-0.2, -0.7, -0.3, 0.6)_1.005502_System.String[];2.8896;-0.1179;0.0012;97.5334;53.7097;0.8567;1.1668;54.5983;-114.9406;358.5821;345.5489;196.0468;305.9604;5.2122;357.3820
0.5548;0.4361;False;False;97.6183;54.0430;-0.0141;-0.0054;54.6216;-114.7287;359.9091;0.3499;213.0845;305.8745;359.9769;0.2074;-0.9246;-0.0001;-0.0089;-1.2523;0.6673;-0.7394;191453;71.91197;Infinity;2642.41;97.8684;53.8731;1.2863;1.1784;54.2938;-114.3014;352.4093;353.0688;213.1270;293.1785;359.9770;1.7678;LeftFalse_RightFalse;LeftFalse_RightFalse;HandLeft_(0.3, -0.8, -0.2)_(0.4, 0.6, -0.7, 0.2)_1.046027_System.String[];HandLeft_(-0.7, -0.3, -0.2)_(0.8, 0.4, -0.5, 0.2)_1.005502_System.String[];HandRight_(0.5, -0.7, -0.3)_(0.2, -0.5, -0.3, 0.8)_1.046027_System.String[];HandRight_(-0.5, -0.3, -0.1)_(-0.2, -0.7, -0.3, 0.6)_1.005502_System.String[];2.9312;-0.1179;0.0012;97.5058;53.6725;0.8563;1.1665;54.5460;-114.9136;358.8423;345.5524;194.3893;305.9632;5.7272;357.3397
0.5547;0.4416;False;False;97.5871;54.0038;-0.0141;-0.0058;54.5686;-114.7004;359.9087;0.3461;212.9633;305.8753;359.9760;0.2090;-0.9568;-0.0001;-0.0090;-1.2951;0.6905;-0.7613;191456;71.95438;Infinity;2642.45;97.8382;53.8345;1.2863;1.1781;54.2419;-114.2735;352.4088;353.0656;213.0073;293.1790;359.9760;1.7698;LeftFalse_RightFalse;LeftFalse_RightFalse;HandLeft_(0.3, -0.8, -0.2)_(0.4, 0.6, -0.7, 0.2)_1.046027_System.String[];HandLeft_(-0.7, -0.3, -0.2)_(0.8, 0.4, -0.5, 0.2)_1.005502_System.String[];HandRight_(0.5, -0.7, -0.3)_(0.2, -0.5, -0.2, 0.8)_1.046027_System.String[];HandRight_(-0.5, -0.3, -0.1)_(-0.2, -0.7, -0.3, 0.6)_1.005502_System.String[];2.9729;-0.1179;0.0012;97.4778;53.6339;0.8559;1.1661;54.4919;-114.8857;359.1807;345.5334;192.3886;305.9963;6.2586;357.2986
0.5547;0.4456;False;False;97.5549;53.9633;-0.0141;-0.0061;54.5138;-114.6712;359.9083;0.3417;212.8381;305.8761;359.9752;0.2111;-0.9892;-0.0001;-0.0092;-1.3379;0.7138;-0.7830;191459;71.9734;Infinity;2642.49;97.8071;53.7945;1.2864;1.1778;54.1883;-114.2446;352.4084;353.0620;212.8836;293.1794;359.9752;1.7726;LeftFalse_RightFalse;LeftFalse_RightFalse;HandLeft_(0.3, -0.8, -0.2)_(0.4, 0.6, -0.7, 0.2)_1.046027_System.String[];HandLeft_(-0.7, -0.3, -0.2)_(0.8, 0.4, -0.5, 0.2)_1.005502_System.String[];HandRight_(0.5, -0.7, -0.3)_(0.2, -0.5, -0.2, 0.8)_1.046027_System.String[];HandRight_(-0.5, -0.3, -0.1)_(-0.2, -0.7, -0.3, 0.6)_1.005502_System.String[];3.0146;-0.1170;0.0012;97.4495;53.5938;0.8553;1.1657;54.4362;-114.8568;359.6053;345.5207;190.1157;306.0487;6.8240;357.2546
0.5547;0.4485;False;False;97.5218;53.9213;-0.0141;-0.0065;54.4571;-114.6409;359.9079;0.3370;212.7095;305.8769;359.9745;0.2135;-1.0218;-0.0001;-0.0094;-1.3803;0.7373;-0.8048;191462;71.98284;Infinity;2642.53;97.7750;53.7530;1.2864;1.1774;54.1327;-114.2148;352.4080;353.0580;212.7561;293.1798;359.9745;1.7759;LeftFalse_RightFalse;LeftFalse_RightFalse;HandLeft_(0.3, -0.9, -0.3)_(0.4, 0.6, -0.7, 0.2)_1.046027_System.String[];HandLeft_(-0.7, -0.3, -0.2)_(0.8, 0.4, -0.5, 0.2)_1.005502_System.String[];HandRight_(0.5, -0.7, -0.3)_(0.2, -0.5, -0.2, 0.8)_1.046027_System.String[];HandRight_(-0.5, -0.3, -0.1)_(-0.2, -0.7, -0.3, 0.6)_1.005502_System.String[];3.0562;-0.1146;0.0012;97.4207;53.5524;0.8547;1.1653;54.3788;-114.8269;0.1260;345.5356;187.6040;306.1060;7.3850;357.2154
0.5547;0.4514;False;False;97.4875;53.8776;-0.0141;-0.0069;54.3982;-114.6093;359.9075;0.3321;212.5779;305.8778;359.9741;0.2162;-1.0544;-0.0001;-0.0097;-1.4225;0.7609;-0.8267;191465;71.74633;Infinity;2642.57;97.7419;53.7100;1.2864;1.1771;54.0752;-114.1838;352.4077;353.0538;212.6254;293.1802;359.9740;1.7795;LeftFalse_RightFalse;LeftFalse_RightFalse;HandLeft_(0.3, -0.8, -0.2)_(0.4, 0.6, -0.7, 0.2)_1.046027_System.String[];HandLeft_(-0.7, -0.3, -0.2)_(0.8, 0.4, -0.5, 0.2)_1.005502_System.String[];HandRight_(0.5, -0.7, -0.3)_(0.2, -0.5, -0.2, 0.8)_1.046027_System.String[];HandRight_(-0.5, -0.3, -0.1)_(-0.2, -0.7, -0.3, 0.6)_1.005502_System.String[];3.0981;-0.1104;0.0012;97.3907;53.5094;0.8540;1.1649;54.3193;-114.7959;0.6502;345.5770;185.1774;306.1419;7.8320;357.1944
0.5547;0.4538;False;False;97.4523;53.8326;-0.0141;-0.0073;54.3374;-114.5768;359.9072;0.3268;212.4459;305.8787;359.9742;0.2183;-1.0870;-0.0001;-0.0096;-1.4641;0.7845;-0.8493;191468;71.69942;Infinity;2642.62;97.7077;53.6653;1.2864;1.1767;54.0154;-114.1515;352.4073;353.0494;212.4929;293.1807;359.9739;1.7832;LeftFalse_RightFalse;LeftFalse_RightFalse;HandLeft_(0.3, -0.8, -0.2)_(0.4, 0.6, -0.7, 0.2)_1.046027_System.String[];HandLeft_(-0.7, -0.3, -0.2)_(0.8, 0.4, -0.5, 0.2)_1.005502_System.String[];HandRight_(0.5, -0.7, -0.3)_(0.2, -0.5, -0.2, 0.8)_1.046027_System.String[];HandRight_(-0.5, -0.3, -0.1)_(-0.2, -0.7, -0.3, 0.6)_1.005502_System.String[];3.1401;-0.1055;0.0012;97.3597;53.4647;0.8531;1.1645;54.2579;-114.7636;1.2267;345.6103;182.7529;306.1602;8.2165;357.1851
0.5547;0.4556;False;False;97.4162;53.7863;-0.0141;-0.0077;54.2752;-114.5434;359.9068;0.3206;212.3159;305.8794;359.9748;0.2190;-1.1194;-0.0001;-0.0096;-1.5053;0.8081;-0.8722;191471;71.81895;Infinity;2642.66;97.6728;53.6197;1.2864;1.1763;53.9544;-114.1186;352.4069;353.0438;212.3625;293.1812;359.9744;1.7855;LeftFalse_RightFalse;LeftFalse_RightFalse;HandLeft_(0.3, -0.8, -0.2)_(0.4, 0.6, -0.7, 0.2)_1.046027_System.String[];HandLeft_(-0.7, -0.3, -0.2)_(0.8, 0.4, -0.5, 0.2)_1.005502_System.String[];HandRight_(0.5, -0.7, -0.3)_(0.2, -0.6, -0.3, 0.8)_1.046027_System.String[];HandRight_(-0.5, -0.3, -0.1)_(-0.2, -0.7, -0.3, 0.6)_1.005502_System.String[];3.1819;-0.1007;0.0012;97.3281;53.4191;0.8523;1.1644;54.1955;-114.7307;1.7831;345.6266;180.5083;306.1693;8.5558;357.1739
0.5547;0.4576;False;False;97.3788;53.7383;-0.0141;-0.0081;54.2107;-114.5087;359.9064;0.3139;212.1870;305.8801;359.9756;0.2193;-1.1519;-0.0001;-0.0097;-1.5462;0.8318;-0.8952;191474;71.58937;Infinity;2642.70;97.6366;53.5723;1.2863;1.1760;53.8912;-114.0844;352.4066;353.0375;212.2330;293.1816;359.9752;1.7873;LeftFalse_RightFalse;LeftFalse_RightFalse;HandLeft_(0.3, -0.8, -0.2)_(0.5, 0.5, -0.7, 0.2)_1.046027_System.String[];HandLeft_(-0.7, -0.3, -0.2)_(0.8, 0.4, -0.5, 0.2)_1.005502_System.String[];HandRight_(0.5, -0.7, -0.3)_(0.2, -0.6, -0.3, 0.8)_1.046027_System.String[];HandRight_(-0.5, -0.3, -0.1)_(-0.2, -0.7, -0.3, 0.6)_1.005502_System.String[];3.2239;-0.0964;0.0012;97.2947;53.3717;0.8517;1.1643;54.1312;-114.6965;2.2557;345.6102;178.4907;306.1728;8.8741;357.1681
0.5554;0.4602;False;False;97.3408;53.6892;-0.0141;-0.0086;54.1450;-114.4732;359.9061;0.3070;212.0616;305.8807;359.9766;0.2193;-1.2007;-0.0001;-0.0100;-1.6077;0.8672;-0.9290;191477;71.78463;Infinity;2642.74;97.5996;53.5236;1.2863;1.1756;53.8263;-114.0493;352.4062;353.0309;212.1064;293.1821;359.9761;1.7889;LeftFalse_RightFalse;LeftFalse_RightFalse;HandLeft_(0.3, -0.8, -0.2)_(0.5, 0.5, -0.7, 0.1)_1.046027_System.String[];HandLeft_(-0.7, -0.3, -0.2)_(0.8, 0.4, -0.5, 0.2)_1.005502_System.String[];HandRight_(0.5, -0.7, -0.3)_(0.2, -0.6, -0.3, 0.7)_1.046027_System.String[];HandRight_(-0.5, -0.3, -0.1)_(-0.2, -0.7, -0.3, 0.6)_1.005502_System.String[];3.2656;-0.0927;0.0012;97.2602;53.3231;0.8509;1.1641;54.0654;-114.6614;2.6623;345.5573;176.7332;306.1675;9.1132;357.1743
0.5563;0.4653;False;False;97.3012;53.6380;-0.0141;-0.0090;54.0765;-114.4362;359.9058;0.2998;211.9358;305.8815;359.9772;0.2192;-1.2334;-0.0001;-0.0103;-1.6488;0.8908;-0.9509;191480;71.42323;Infinity;2642.78;97.5613;53.4733;1.2863;1.1753;53.7593;-114.0129;352.4059;353.0239;211.9806;293.1826;359.9768;1.7904;LeftFalse_RightFalse;LeftFalse_RightFalse;HandLeft_(0.3, -0.8, -0.3)_(0.5, 0.5, -0.7, 0.1)_1.046027_System.String[];HandLeft_(-0.7, -0.3, -0.2)_(0.8, 0.4, -0.5, 0.2)_1.005502_System.String[];HandRight_(0.5, -0.7, -0.3)_(0.2, -0.6, -0.3, 0.7)_1.046027_System.String[];HandRight_(-0.5, -0.3, -0.1)_(-0.2, -0.7, -0.3, 0.6)_1.005502_System.String[];3.3079;-0.0905;0.0012;97.2242;53.2727;0.8503;1.1639;53.9977;-114.6250;2.9559;345.5031;175.2065;306.1539;9.2908;357.1969
0.5569;0.4726;False;False;97.2612;53.5859;-0.0141;-0.0094;54.0070;-114.3986;359.9054;0.2924;211.8120;305.8822;359.9774;0.2190;-1.2665;-0.0001;-0.0105;-1.6902;0.9148;-0.9721;191483;71.6401;Infinity;2642.83;97.5221;53.4216;1.2863;1.1749;53.6906;-113.9756;352.4055;353.0167;211.8562;293.1832;359.9772;1.7919;LeftFalse_RightFalse;LeftFalse_RightFalse;HandLeft_(0.3, -0.8, -0.2)_(0.5, 0.5, -0.7, 0.1)_1.046027_System.String[];HandLeft_(-0.7, -0.3, -0.2)_(0.8, 0.4, -0.5, 0.2)_1.005502_System.String[];HandRight_(0.5, -0.7, -0.4)_(0.1, -0.6, -0.3, 0.7)_1.046027_System.String[];HandRight_(-0.5, -0.3, -0.1)_(-0.2, -0.7, -0.4, 0.6)_1.005502_System.String[];3.3496;-0.0895;0.0012;97.1869;53.2210;0.8498;1.1635;53.9286;-114.5878;3.0720;345.4509;173.9207;306.1279;9.4242;357.2135
0.5574;0.4797;False;False;97.2203;53.5325;-0.0141;-0.0099;53.9358;-114.3601;359.9051;0.2849;211.6879;305.8830;359.9772;0.2189;-1.3000;-0.0001;-0.0108;-1.7318;0.9391;-0.9926;191486;71.81187;Infinity;2642.87;97.4823;53.3688;1.2863;1.1745;53.6206;-113.9374;352.4052;353.0094;211.7324;293.1838;359.9772;1.7934;LeftFalse_RightFalse;LeftFalse_RightFalse;HandLeft_(0.3, -0.8, -0.2)_(0.5, 0.5, -0.7, 0.2)_1.046027_System.String[];HandLeft_(-0.7, -0.3, -0.2)_(0.8, 0.4, -0.5, 0.2)_1.005502_System.String[];HandRight_(0.5, -0.7, -0.4)_(0.2, -0.5, -0.3, 0.8)_1.046027_System.String[];HandRight_(-0.5, -0.3, -0.1)_(-0.2, -0.7, -0.3, 0.6)_1.005502_System.String[];3.3911;-0.0892;0.0011;97.1484;53.1681;0.8494;1.1632;53.8584;-114.5500;3.1329;345.4030;172.9133;306.0963;9.4826;357.2250
0.5577;0.4852;False;False;97.1786;53.4776;-0.0141;-0.0103;53.8629;-114.3204;359.9047;0.2772;211.5621;305.8838;359.9766;0.2187;-1.3340;-0.0001;-0.0111;-1.7737;0.9637;-1.0124;191489;71.90807;Infinity;2642.91;97.4416;53.3146;1.2863;1.1741;53.5489;-113.8983;352.4048;353.0019;211.6073;293.1844;359.9766;1.7949;LeftFalse_RightFalse;LeftFalse_RightFalse;HandLeft_(0.3, -0.8, -0.2)_(0.5, 0.5, -0.7, 0.2)_1.046027_System.String[];HandLeft_(-0.7, -0.3, -0.2)_(0.8, 0.4, -0.5, 0.2)_1.005502_System.String[];HandRight_(0.5, -0.7, -0.4)_(0.2, -0.5, -0.3, 0.8)_1.046027_System.String[];HandRight_(-0.5, -0.3, -0.1)_(-0.2, -0.7, -0.3, 0.6)_1.005502_System.String[];3.4329;-0.0892;0.0009;97.1083;53.1138;0.8492;1.1628;53.7862;-114.5110;3.1121;345.3862;172.2745;306.0742;9.4811;357.2309
0.5579;0.4896;False;False;97.1356;53.4208;-0.0141;-0.0108;53.7874;-114.2794;359.9044;0.2694;211.4325;305.8845;359.9755;0.2191;-1.3682;-0.0001;-0.0109;-1.8156;0.9881;-1.0316;191492;71.5282;Infinity;2642.95;97.4000;53.2589;1.2863;1.1737;53.4753;-113.8580;352.4045;352.9942;211.4800;293.1849;359.9756;1.7965;LeftFalse_RightFalse;LeftFalse_RightFalse;HandLeft_(0.3, -0.8, -0.2)_(0.5, 0.5, -0.7, 0.2)_1.046027_System.String[];HandLeft_(-0.7, -0.3, -0.2)_(0.8, 0.4, -0.5, 0.2)_1.005502_System.String[];HandRight_(0.5, -0.7, -0.4)_(0.2, -0.5, -0.3, 0.8)_1.046027_System.String[];HandRight_(-0.5, -0.3, -0.1)_(-0.2, -0.7, -0.3, 0.6)_1.005502_System.String[];3.4749;-0.0892;0.0005;97.0668;53.0580;0.8496;1.1624;53.7122;-114.4709;2.8598;345.3820;172.1500;306.0727;9.4593;357.2524
0.5581;0.4942;False;False;97.0922;53.3629;-0.0141;-0.0112;53.7107;-114.2376;359.9040;0.2628;211.3015;305.8850;359.9742;0.2218;-1.4028;-0.0001;-0.0111;-1.8576;1.0125;-1.0505;191495;71.75815;Infinity;2642.99;97.3573;53.2012;1.2863;1.1733;53.3992;-113.8164;352.4041;352.9877;211.3488;293.1852;359.9744;1.8000;LeftFalse_RightFalse;LeftFalse_RightFalse;HandLeft_(0.3, -0.8, -0.2)_(0.5, 0.5, -0.7, 0.2)_1.046027_System.String[];HandLeft_(-0.7, -0.3, -0.2)_(0.8, 0.4, -0.5, 0.2)_1.005502_System.String[];HandRight_(0.5, -0.7, -0.4)_(0.2, -0.5, -0.3, 0.8)_1.046027_System.String[];HandRight_(-0.5, -0.3, -0.1)_(-0.2, -0.7, -0.3, 0.6)_1.005502_System.String[];3.5166;-0.0892;-0.0003;97.0225;53.0002;0.8509;1.1619;53.6360;-114.4293;2.2327;345.3760;172.7967;306.0699;9.4801;357.2912
0.5582;0.5001;False;False;97.0480;53.3036;-0.0141;-0.0117;53.6323;-114.1948;359.9037;0.2571;211.1676;305.8851;359.9728;0.2263;-1.4377;-0.0001;-0.0113;-1.8995;1.0370;-1.0690;191498;71.87513;Infinity;2643.03;97.3141;53.1424;1.2863;1.1729;53.3219;-113.7740;352.4038;352.9828;211.2161;293.1848;359.9730;1.8054;LeftFalse_RightFalse;LeftFalse_RightFalse;HandLeft_(0.3, -0.8, -0.2)_(0.5, 0.5, -0.7, 0.2)_1.046027_System.String[];HandLeft_(-0.7, -0.3, -0.2)_(0.8, 0.4, -0.5, 0.2)_1.005502_System.String[];HandRight_(0.5, -0.7, -0.3)_(0.2, -0.6, -0.3, 0.7)_1.046027_System.String[];HandRight_(-0.5, -0.3, -0.1)_(-0.2, -0.7, -0.3, 0.6)_1.005502_System.String[];3.5583;-0.0892;-0.0010;96.9763;52.9414;0.8525;1.1615;53.5588;-114.3870;1.2293;345.3759;174.4203;306.0498;9.5850;357.3232
0.5583;0.5064;False;False;97.0028;53.2426;-0.0141;-0.0122;53.5518;-114.1507;359.9034;0.2520;211.0303;305.8845;359.9713;0.2313;-1.4729;-0.0001;-0.0117;-1.9415;1.0618;-1.0871;191501;71.82806;Infinity;2643.08;97.2699;53.0819;1.2864;1.1725;53.2426;-113.7305;352.4035;352.9788;211.0800;293.1836;359.9716;1.8116;LeftFalse_RightFalse;LeftFalse_RightFalse;HandLeft_(0.3, -0.8, -0.3)_(0.5, 0.5, -0.7, 0.2)_1.046027_System.String[];HandLeft_(-0.7, -0.3, -0.2)_(0.8, 0.4, -0.5, 0.2)_1.005502_System.String[];HandRight_(0.5, -0.7, -0.3)_(0.2, -0.6, -0.3, 0.7)_1.046027_System.String[];HandRight_(-0.5, -0.3, -0.1)_(-0.2, -0.7, -0.3, 0.6)_1.005502_System.String[];3.6001;-0.0892;-0.0016;96.9278;52.8809;0.8542;1.1610;53.4798;-114.3435;0.1828;345.3620;176.7761;305.9996;9.6127;357.3545
0.5584;0.5121;False;False;96.9568;53.1799;-0.0141;-0.0127;53.4693;-114.1055;359.9030;0.2477;210.8900;305.8830;359.9699;0.2358;-1.5087;-0.0001;-0.0122;-1.9835;1.0870;-1.1048;191504;71.72311;Infinity;2643.12;97.2251;53.0199;1.2864;1.1720;53.1617;-113.6859;352.4031;352.9754;210.9413;293.1817;359.9701;1.8170;LeftFalse_RightFalse;LeftFalse_RightFalse;HandLeft_(0.3, -0.8, -0.3)_(0.5, 0.5, -0.7, 0.2)_1.046027_System.String[];HandLeft_(-0.7, -0.3, -0.2)_(0.8, 0.4, -0.5, 0.2)_1.005502_System.String[];HandRight_(0.5, -0.7, -0.3)_(0.2, -0.6, -0.3, 0.7)_1.046027_System.String[];HandRight_(-0.5, -0.3, -0.1)_(-0.2, -0.7, -0.3, 0.6)_1.005502_System.String[];3.6418;-0.0892;-0.0019;96.8779;52.8190;0.8557;1.1605;53.3995;-114.2990;359.2261;345.3779;179.5513;305.9134;9.4298;357.3685
0.5584;0.5166;False;False;96.9103;53.1160;-0.0141;-0.0132;53.3854;-114.0595;359.9027;0.2451;210.7475;305.8807;359.9685;0.2374;-1.5443;-0.0001;-0.0116;-2.0254;1.1125;-1.1222;191507;71.83636;Infinity;2643.16;97.1795;52.9563;1.2864;1.1715;53.0788;-113.6402;352.4028;352.9728;210.7994;293.1792;359.9687;1.8203;LeftFalse_RightFalse;LeftFalse_RightFalse;HandLeft_(0.3, -0.8, -0.3)_(0.6, 0.6, -0.5, 0.1)_1.046027_System.String[];HandLeft_(-0.7, -0.3, -0.2)_(0.8, 0.4, -0.5, 0.2)_1.005502_System.String[];HandRight_(0.5, -0.7, -0.3)_(0.2, -0.6, -0.3, 0.7)_1.046027_System.String[];HandRight_(-0.5, -0.3, -0.1)_(-0.2, -0.7, -0.3, 0.6)_1.005502_System.String[];3.6836;-0.0892;-0.0019;96.8267;52.7554;0.8568;1.1600;53.3172;-114.2532;358.4107;345.3950;182.4297;305.8081;9.0809;357.3955
0.5585;0.5206;False;False;96.8628;53.0503;-0.0141;-0.0137;53.2994;-114.0121;359.9024;0.2434;210.6015;305.8780;359.9670;0.2380;-1.5980;-0.0001;-0.0117;-2.0883;1.1513;-1.1476;191510;71.83363;Infinity;2643.20;97.1331;52.8911;1.2864;1.1711;52.9940;-113.5932;352.4025;352.9711;210.6546;293.1765;359.9672;1.8216;LeftFalse_RightFalse;LeftFalse_RightFalse;HandLeft_(0.3, -0.8, -0.3)_(0.7, 0.6, -0.4, 0.1)_1.046027_System.String[];HandLeft_(-0.7, -0.3, -0.2)_(0.8, 0.4, -0.5, 0.2)_1.005502_System.String[];HandRight_(0.5, -0.7, -0.3)_(0.2, -0.6, -0.3, 0.7)_1.046027_System.String[];HandRight_(-0.5, -0.3, -0.1)_(-0.2, -0.7, -0.3, 0.6)_1.005502_System.String[];3.7253;-0.0892;-0.0019;96.7747;52.6900;0.8579;1.1595;53.2331;-114.2064;357.7058;345.3900;185.2028;305.7153;8.6195;357.4202
0.5585;0.5235;False;False;96.8144;52.9827;-0.0141;-0.0142;53.2112;-113.9634;359.9021;0.2421;210.4521;305.8751;359.9657;0.2382;-1.6340;-0.0001;-0.0118;-2.1302;1.1772;-1.1641;191513;71.63385;Infinity;2643.24;97.0860;52.8243;1.2864;1.1706;52.9074;-113.5451;352.4022;352.9698;210.5069;293.1735;359.9658;1.8222;LeftFalse_RightFalse;LeftFalse_RightFalse;HandLeft_(0.3, -0.8, -0.3)_(0.7, 0.6, -0.4, 0.2)_1.046027_System.String[];HandLeft_(-0.7, -0.3, -0.2)_(0.8, 0.4, -0.5, 0.2)_1.005502_System.String[];HandRight_(0.5, -0.7, -0.3)_(0.2, -0.6, -0.3, 0.7)_1.046027_System.String[];HandRight_(-0.5, -0.3, -0.1)_(-0.2, -0.7, -0.3, 0.6)_1.005502_System.String[];3.7673;-0.0888;-0.0019;96.7221;52.6228;0.8588;1.1591;53.1472;-114.1584;357.1085;345.4290;187.7283;305.6469;8.0931;357.4534
0.5585;0.5245;False;False;96.7654;52.9137;-0.0141;-0.0146;53.1213;-113.9137;359.9018;0.2412;210.3004;305.8720;359.9644;0.2382;-1.6701;-0.0001;-0.0120;-2.1719;1.2031;-1.1804;191516;71.63052;Infinity;2643.29;97.0379;52.7556;1.2864;1.1701;52.8184;-113.4956;352.4019;352.9688;210.3555;293.1704;359.9645;1.8225;LeftFalse_RightFalse;LeftFalse_RightFalse;HandLeft_(0.3, -0.8, -0.3)_(0.6, 0.7, -0.3, 0.2)_1.046027_System.String[];HandLeft_(-0.7, -0.3, -0.2)_(0.8, 0.4, -0.5, 0.2)_1.005502_System.String[];HandRight_(0.5, -0.7, -0.3)_(0.2, -0.6, -0.3, 0.8)_1.046027_System.String[];HandRight_(-0.5, -0.3, -0.1)_(-0.2, -0.7, -0.3, 0.6)_1.005502_System.String[];3.8093;-0.0880;-0.0019;96.6690;52.5537;0.8593;1.1586;53.0589;-114.1090;356.6430;345.4992;189.8943;305.6039;7.5746;357.5084
0.5597;0.5253;False;False;96.7160;52.8435;-0.0141;-0.0151;53.0300;-113.8631;359.9015;0.2404;210.1477;305.8689;359.9633;0.2380;-1.7061;-0.0001;-0.0122;-2.2135;1.2290;-1.1968;191519;71.81276;Infinity;2643.33;96.9895;52.6859;1.2864;1.1696;52.7285;-113.4454;352.4016;352.9680;210.2035;293.1674;359.9633;1.8226;LeftFalse_RightFalse;LeftFalse_RightFalse;HandLeft_(0.3, -0.8, -0.3)_(0.7, 0.6, -0.3, 0.2)_1.046027_System.String[];HandLeft_(-0.7, -0.3, -0.2)_(0.8, 0.4, -0.5, 0.2)_1.005502_System.String[];HandRight_(0.5, -0.7, -0.3)_(0.1, -0.6, -0.3, 0.8)_1.046027_System.String[];HandRight_(-0.5, -0.3, -0.1)_(-0.2, -0.7, -0.3, 0.6)_1.005502_System.String[];3.8508;-0.0866;-0.0019;96.6162;52.4836;0.8598;1.1580;52.9692;-114.0588;356.2701;345.5677;191.6764;305.5839;7.0690;357.5777
0.5626;0.5258;False;False;96.6658;52.7717;-0.0141;-0.0157;52.9370;-113.8114;359.9012;0.2396;209.9936;305.8658;359.9623;0.2378;-1.7420;-0.0001;-0.0124;-2.2550;1.2548;-1.2132;191522;71.90166;Infinity;2643.37;96.9405;52.6146;1.2864;1.1691;52.6368;-113.3941;352.4013;352.9672;210.0500;293.1642;359.9623;1.8226;LeftFalse_RightFalse;LeftFalse_RightFalse;HandLeft_(0.3, -0.8, -0.3)_(0.6, 0.6, -0.4, 0.2)_1.046027_System.String[];HandLeft_(-0.7, -0.3, -0.2)_(0.8, 0.4, -0.5, 0.2)_1.005502_System.String[];HandRight_(0.5, -0.7, -0.3)_(0.1, -0.5, -0.3, 0.8)_1.046027_System.String[];HandRight_(-0.5, -0.3, -0.1)_(-0.2, -0.7, -0.3, 0.6)_1.005502_System.String[];3.8926;-0.0848;-0.0018;96.5632;52.4120;0.8604;1.1572;52.8777;-114.0074;355.9954;345.6181;193.1076;305.5966;6.5678;357.6281
0.5661;0.5266;False;False;96.6148;52.6982;-0.0141;-0.0162;52.8420;-113.7585;359.9008;0.2387;209.8389;305.8626;359.9617;0.2382;-1.7777;-0.0001;-0.0121;-2.2966;1.2804;-1.2299;191525;71.89163;Infinity;2643.41;96.8906;52.5417;1.2864;1.1686;52.5431;-113.3416;352.4009;352.9664;209.8954;293.1610;359.9615;1.8225;LeftFalse_RightFalse;LeftFalse_RightFalse;HandLeft_(0.3, -0.8, -0.3)_(0.6, 0.6, -0.4, 0.2)_1.046027_System.String[];HandLeft_(-0.7, -0.3, -0.2)_(0.8, 0.4, -0.5, 0.2)_1.005502_System.String[];HandRight_(0.5, -0.7, -0.3)_(0.1, -0.5, -0.3, 0.8)_1.046027_System.String[];HandRight_(-0.5, -0.3, -0.1)_(-0.2, -0.7, -0.3, 0.6)_1.005502_System.String[];3.9343;-0.0827;-0.0013;96.5097;52.3387;0.8608;1.1565;52.7839;-113.9548;355.7722;345.6200;194.2166;305.6451;6.1190;357.6629
0.5705;0.5289;False;False;96.5632;52.6234;-0.0141;-0.0167;52.7454;-113.7046;359.9004;0.2366;209.6851;305.8600;359.9614;0.2408;-1.8131;-0.0001;-0.0120;-2.3384;1.3062;-1.2467;191528;71.95;Infinity;2643.45;96.8401;52.4673;1.2864;1.1681;52.4478;-113.2881;352.4005;352.9651;209.7413;293.1578;359.9611;1.8249;LeftFalse_RightFalse;LeftFalse_RightFalse;HandLeft_(0.3, -0.8, -0.3)_(0.6, 0.6, -0.4, 0.2)_1.046027_System.String[];HandLeft_(-0.7, -0.3, -0.2)_(0.8, 0.4, -0.5, 0.2)_1.005502_System.String[];HandRight_(0.5, -0.7, -0.3)_(0.1, -0.6, -0.3, 0.7)_1.046027_System.String[];HandRight_(-0.5, -0.3, -0.1)_(-0.2, -0.7, -0.3, 0.6)_1.005502_System.String[];3.9761;-0.0805;-0.0002;96.4560;52.2639;0.8612;1.1559;52.6885;-113.9011;355.5788;345.5801;195.0382;305.7017;5.7335;357.7159
0.5754;0.5306;False;False;96.5108;52.5470;-0.0141;-0.0172;52.6469;-113.6495;359.8999;0.2329;209.5321;305.8585;359.9612;0.2429;-1.8482;-0.0001;-0.0115;-2.3804;1.3323;-1.2638;191531;71.97254;Infinity;2643.49;96.7889;52.3914;1.2864;1.1677;52.3507;-113.2335;352.4001;352.9628;209.5880;293.1555;359.9609;1.8279;LeftFalse_RightFalse;LeftFalse_RightFalse;HandLeft_(0.3, -0.8, -0.3)_(0.6, 0.6, -0.4, 0.2)_1.046027_System.String[];HandLeft_(-0.7, -0.3, -0.2)_(0.8, 0.4, -0.5, 0.2)_1.005502_System.String[];HandRight_(0.5, -0.7, -0.3)_(0.1, -0.6, -0.3, 0.7)_1.046027_System.String[];HandRight_(-0.5, -0.3, -0.1)_(-0.2, -0.7, -0.3, 0.6)_1.005502_System.String[];4.0178;-0.0785;0.0016;96.4020;52.1878;0.8613;1.1557;52.5911;-113.8464;355.4449;345.5305;195.6309;305.7491;5.3808;357.7239
0.5815;0.5318;False;False;96.4574;52.4685;-0.0141;-0.0176;52.5459;-113.5929;359.8993;0.2275;209.3792;305.8591;359.9611;0.2452;-1.8830;-0.0001;-0.0114;-2.4229;1.3588;-1.2806;191534;71.72467;Infinity;2643.54;96.7367;52.3137;1.2864;1.1672;52.2513;-113.1775;352.3995;352.9584;209.4353;293.1550;359.9608;1.8313;LeftFalse_RightFalse;LeftFalse_RightFalse;HandLeft_(0.3, -0.8, -0.3)_(0.6, 0.6, -0.4, 0.2)_1.046027_System.String[];HandLeft_(-0.7, -0.3, -0.2)_(0.8, 0.4, -0.5, 0.2)_1.005502_System.String[];HandRight_(0.5, -0.7, -0.3)_(0.1, -0.6, -0.3, 0.7)_1.046027_System.String[];HandRight_(-0.5, -0.3, -0.1)_(-0.2, -0.7, -0.3, 0.6)_1.005502_System.String[];4.0596;-0.0767;0.0041;96.3475;52.1098;0.8615;1.1555;52.4914;-113.7904;355.3509;345.5018;196.0506;305.8218;5.0789;357.6721
0.5891;0.5338;False;False;96.4035;52.3891;-0.0142;-0.0181;52.4438;-113.5355;359.8985;0.2208;209.2282;305.8627;359.9610;0.2472;-1.9175;-0.0001;-0.0118;-2.4660;1.3859;-1.2976;191537;71.86763;Infinity;2643.58;96.6839;52.2347;1.2864;1.1668;52.1502;-113.1204;352.3988;352.9528;209.2836;293.1570;359.9607;1.8348;LeftFalse_RightFalse;LeftFalse_RightFalse;HandLeft_(0.3, -0.8, -0.3)_(0.7, 0.6, -0.4, 0.2)_1.046027_System.String[];HandLeft_(-0.7, -0.3, -0.2)_(0.8, 0.4, -0.5, 0.2)_1.005502_System.String[];HandRight_(0.5, -0.7, -0.3)_(0.1, -0.6, -0.3, 0.7)_1.046027_System.String[];HandRight_(-0.5, -0.3, -0.1)_(-0.2, -0.7, -0.3, 0.6)_1.005502_System.String[];4.1013;-0.0752;0.0068;96.2926;52.0303;0.8615;1.1552;52.3899;-113.7331;355.3004;345.5221;196.3315;305.9113;4.8077;357.6169
0.5979;0.5352;False;False;96.3486;52.3076;-0.0142;-0.0186;52.3390;-113.4765;359.8977;0.2131;209.0767;305.8702;359.9608;0.2488;-1.9516;-0.0001;-0.0121;-2.5098;1.4134;-1.3146;191540;71.65718;Infinity;2643.62;96.6302;52.1540;1.2864;1.1664;52.0471;-113.0621;352.3980;352.9460;209.1324;293.1628;359.9605;1.8381;LeftFalse_RightFalse;LeftFalse_RightFalse;HandLeft_(0.3, -0.8, -0.3)_(0.7, 0.6, -0.4, 0.2)_1.046027_System.String[];HandLeft_(-0.7, -0.3, -0.2)_(0.8, 0.3, -0.5, 0.2)_1.005502_System.String[];HandRight_(0.5, -0.7, -0.3)_(0.1, -0.6, -0.3, 0.7)_1.046027_System.String[];HandRight_(-0.5, -0.3, -0.1)_(-0.2, -0.7, -0.3, 0.6)_1.005502_System.String[];4.1433;-0.0739;0.0093;96.2371;51.9490;0.8616;1.1549;52.2863;-113.6745;355.2824;345.5987;196.5313;306.0330;4.5721;357.6082
0.6060;0.5363;False;False;96.2928;52.2245;-0.0142;-0.0192;52.2322;-113.4162;359.8966;0.2048;208.9253;305.8822;359.9604;0.2504;-2.0026;-0.0001;-0.0126;-2.5771;1.4549;-1.3400;191543;71.54115;Infinity;2643.66;96.5756;52.0717;1.2864;1.1659;51.9417;-113.0023;352.3970;352.9384;208.9811;293.1729;359.9602;1.8415;LeftFalse_RightFalse;LeftFalse_RightFalse;HandLeft_(0.3, -0.8, -0.3)_(0.7, 0.6, -0.4, 0.2)_1.046027_System.String[];HandLeft_(-0.7, -0.3, -0.2)_(0.8, 0.3, -0.5, 0.2)_1.005502_System.String[];HandRight_(0.5, -0.7, -0.3)_(0.1, -0.6, -0.3, 0.7)_1.046027_System.String[];HandRight_(-0.5, -0.3, -0.1)_(-0.2, -0.7, -0.3, 0.6)_1.005502_System.String[];4.1853;-0.0732;0.0115;96.1810;51.8660;0.8616;1.1545;52.1803;-113.6145;355.2330;345.7054;196.6712;306.1576;4.3793;357.6455
0.6126;0.5370;False;False;96.2368;52.1406;-0.0142;-0.0197;52.1242;-113.3552;359.8955;0.1962;208.7745;305.8980;359.9597;0.2518;-2.0365;-0.0001;-0.0129;-2.6230;1.4824;-1.3567;191546;71.76806;Infinity;2643.70;96.5204;51.9882;1.2864;1.1654;51.8347;-112.9416;352.3959;352.9303;208.8301;293.1870;359.9596;1.8448;LeftFalse_RightFalse;LeftFalse_RightFalse;HandLeft_(0.3, -0.8, -0.3)_(0.7, 0.6, -0.4, 0.2)_1.046027_System.String[];HandLeft_(-0.7, -0.3, -0.2)_(0.8, 0.3, -0.5, 0.2)_1.005502_System.String[];HandRight_(0.5, -0.7, -0.3)_(0.1, -0.6, -0.3, 0.7)_1.046027_System.String[];HandRight_(-0.5, -0.3, -0.1)_(-0.2, -0.7, -0.4, 0.5)_1.005502_System.String[];4.2271;-0.0728;0.0127;96.1244;51.7817;0.8616;1.1540;52.0727;-113.5534;355.2051;345.8846;196.7720;306.2665;4.1913;357.6908
0.6180;0.5376;False;False;96.1800;52.0552;-0.0142;-0.0202;52.0142;-113.2930;359.8943;0.1873;208.6227;305.9172;359.9589;0.2531;-2.0706;-0.0001;-0.0134;-2.6696;1.5095;-1.3733;191549;71.88065;Infinity;2643.75;96.4647;51.9036;1.2864;1.1650;51.7261;-112.8799;352.3947;352.9220;208.6788;293.2047;359.9589;1.8480;LeftFalse_RightFalse;LeftFalse_RightFalse;HandLeft_(0.3, -0.8, -0.3)_(0.7, 0.6, -0.4, 0.2)_1.046027_System.String[];HandLeft_(-0.7, -0.3, -0.2)_(0.8, 0.3, -0.5, 0.2)_1.005502_System.String[];HandRight_(0.5, -0.7, -0.3)_(0.1, -0.6, -0.3, 0.7)_1.046027_System.String[];HandRight_(-0.5, -0.3, -0.1)_(-0.2, -0.7, -0.4, 0.5)_1.005502_System.String[];4.2686;-0.0722;0.0129;96.0675;51.6962;0.8617;1.1533;51.9634;-113.4913;355.1691;346.1119;196.8349;306.3633;4.0104;357.7041
0.6228;0.5380;False;False;96.1221;51.9677;-0.0142;-0.0208;51.9014;-113.2291;359.8929;0.1788;208.4685;305.9385;359.9579;0.2548;-2.1050;-0.0001;-0.0138;-2.7166;1.5362;-1.3898;191552;71.63683;Infinity;2643.79;96.4083;51.8175;1.2864;1.1645;51.6155;-112.8169;352.3934;352.9139;208.5262;293.2249;359.9579;1.8515;LeftFalse_RightFalse;LeftFalse_RightFalse;HandLeft_(0.3, -0.8, -0.3)_(0.7, 0.6, -0.4, 0.2)_1.046027_System.String[];HandLeft_(-0.7, -0.3, -0.2)_(0.8, 0.3, -0.5, 0.2)_1.005502_System.String[];HandRight_(0.5, -0.7, -0.3)_(0.1, -0.6, -0.4, 0.7)_1.046027_System.String[];HandRight_(-0.5, -0.3, -0.1)_(-0.2, -0.7, -0.4, 0.5)_1.005502_System.String[];4.3105;-0.0716;0.0125;96.0101;51.6092;0.8617;1.1526;51.8519;-113.4280;355.1745;346.2342;196.8497;306.4514;3.8537;357.7127
0.6280;0.5383;False;False;96.0639;51.8793;-0.0142;-0.0214;51.7873;-113.1646;359.8916;0.1705;208.3141;305.9605;359.9569;0.2566;-2.1395;-0.0001;-0.0142;-2.7640;1.5623;-1.4063;191555;71.81148;Infinity;2643.83;96.3509;51.7293;1.2864;1.1640;51.5022;-112.7524;352.3920;352.9061;208.3713;293.2465;359.9568;1.8551;LeftFalse_RightFalse;LeftFalse_RightFalse;HandLeft_(0.3, -0.8, -0.3)_(0.7, 0.6, -0.4, 0.2)_1.046027_System.String[];HandLeft_(-0.7, -0.3, -0.2)_(0.8, 0.3, -0.5, 0.2)_1.005502_System.String[];HandRight_(0.5, -0.7, -0.3)_(0.1, -0.6, -0.4, 0.7)_1.046027_System.String[];HandRight_(-0.5, -0.3, -0.1)_(-0.2, -0.7, -0.4, 0.5)_1.005502_System.String[];4.3523;-0.0704;0.0117;95.9517;51.5203;0.8617;1.1520;51.7376;-113.3632;355.2098;346.2567;196.7987;306.5333;3.7404;357.7133
0.6343;0.5385;False;False;96.0050;51.7894;-0.0142;-0.0220;51.6712;-113.0990;359.8902;0.1623;208.1588;305.9823;359.9559;0.2582;-2.1741;-0.0001;-0.0145;-2.8118;1.5881;-1.4229;191558;71.90657;Infinity;2643.87;96.2931;51.6402;1.2864;1.1634;51.3875;-112.6872;352.3907;352.8985;208.2164;293.2680;359.9558;1.8586;LeftFalse_RightFalse;LeftFalse_RightFalse;HandLeft_(0.3, -0.8, -0.3)_(0.7, 0.6, -0.4, 0.2)_1.046027_System.String[];HandLeft_(-0.7, -0.3, -0.2)_(0.8, 0.3, -0.5, 0.2)_1.005502_System.String[];HandRight_(0.5, -0.7, -0.3)_(0.1, -0.6, -0.4, 0.7)_1.046027_System.String[];HandRight_(-0.5, -0.3, -0.1)_(-0.2, -0.7, -0.4, 0.5)_1.005502_System.String[];4.3938;-0.0690;0.0105;95.8928;51.4304;0.8617;1.1514;51.6220;-113.2977;355.2096;346.2417;196.6942;306.5930;3.6386;357.6737
0.6399;0.5386;False;False;95.9453;51.6981;-0.0142;-0.0226;51.5530;-113.0322;359.8888;0.1549;208.0033;306.0031;359.9550;0.2598;-2.2087;-0.0001;-0.0143;-2.8600;1.6135;-1.4399;191561;71.95002;Infinity;2643.91;96.2345;51.5497;1.2864;1.1629;51.2708;-112.6209;352.3893;352.8910;208.0610;293.2889;359.9549;1.8615;LeftFalse_RightFalse;LeftFalse_RightFalse;HandLeft_(0.3, -0.8, -0.3)_(0.7, 0.6, -0.4, 0.2)_1.046027_System.String[];HandLeft_(-0.7, -0.3, -0.2)_(0.8, 0.3, -0.5, 0.2)_1.005502_System.String[];HandRight_(0.5, -0.7, -0.3)_(0.1, -0.6, -0.3, 0.7)_1.046027_System.String[];HandRight_(-0.5, -0.3, -0.1)_(-0.2, -0.7, -0.4, 0.5)_1.005502_System.String[];4.4355;-0.0673;0.0093;95.8334;51.3393;0.8617;1.1508;51.5044;-113.2311;355.1641;346.2053;196.5342;306.6297;3.5788;357.6353
0.6458;0.5391;False;False;95.8848;51.6050;-0.0142;-0.0232;51.4324;-112.9642;359.8874;0.1495;207.8481;306.0227;359.9545;0.2635;-2.2433;-0.0002;-0.0142;-2.9085;1.6384;-1.4573;191564;71.85911;Infinity;2643.95;96.1752;51.4575;1.2864;1.1623;51.1519;-112.5535;352.3879;352.8860;207.9059;293.3083;359.9542;1.8661;LeftFalse_RightFalse;LeftFalse_RightFalse;HandLeft_(0.3, -0.8, -0.3)_(0.7, 0.6, -0.4, 0.2)_1.046027_System.String[];HandLeft_(-0.7, -0.3, -0.2)_(0.8, 0.3, -0.5, 0.2)_1.005502_System.String[];HandRight_(0.5, -0.7, -0.3)_(0.1, -0.6, -0.3, 0.7)_1.046027_System.String[];HandRight_(-0.5, -0.3, -0.1)_(-0.2, -0.7, -0.4, 0.6)_1.005502_System.String[];4.4773;-0.0648;0.0080;95.7732;51.2467;0.8617;1.1502;51.3845;-113.1635;355.0886;346.1665;196.3497;306.6203;3.5305;357.6396
0.6507;0.5409;False;False;95.8225;51.5090;-0.0142;-0.0238;51.3078;-112.8940;359.8860;0.1454;207.6922;306.0406;359.9542;0.2668;-2.2777;-0.0002;-0.0135;-2.9574;1.6632;-1.4749;191567;71.37788;Infinity;2644.00;96.1141;51.3621;1.2864;1.1618;51.0288;-112.4837;352.3865;352.8822;207.7494;293.3263;359.9539;1.8711;LeftFalse_RightFalse;LeftFalse_RightFalse;HandLeft_(0.3, -0.8, -0.3)_(0.7, 0.6, -0.4, 0.2)_1.046027_System.String[];HandLeft_(-0.7, -0.3, -0.2)_(0.8, 0.3, -0.5, 0.2)_1.005502_System.String[];HandRight_(0.5, -0.7, -0.3)_(0.1, -0.6, -0.3, 0.7)_1.046027_System.String[];HandRight_(-0.5, -0.3, -0.1)_(-0.2, -0.7, -0.4, 0.6)_1.005502_System.String[];4.5198;-0.0620;0.0065;95.7115;51.1509;0.8616;1.1496;51.2606;-113.0936;355.0186;346.1335;196.1521;306.5633;3.5161;357.6785
0.6565;0.5436;False;False;95.7604;51.4128;-0.0142;-0.0243;51.1828;-112.8238;359.8846;0.1433;207.5410;306.0558;359.9543;0.2675;-2.3122;-0.0002;-0.0129;-3.0064;1.6877;-1.4931;191570;71.59792;Infinity;2644.04;96.0530;51.2664;1.2864;1.1613;50.9050;-112.4137;352.3850;352.8800;207.5970;293.3422;359.9538;1.8728;LeftFalse_RightFalse;LeftFalse_RightFalse;HandLeft_(0.3, -0.8, -0.3)_(0.7, 0.6, -0.4, 0.2)_1.046027_System.String[];HandLeft_(-0.7, -0.3, -0.2)_(0.8, 0.3, -0.5, 0.2)_1.005502_System.String[];HandRight_(0.5, -0.7, -0.3)_(0.1, -0.6, -0.3, 0.7)_1.046027_System.String[];HandRight_(-0.5, -0.3, -0.1)_(-0.2, -0.7, -0.3, 0.6)_1.005502_System.String[];4.5615;-0.0591;0.0051;95.6497;51.0546;0.8616;1.1491;51.1360;-113.0234;354.9677;346.1559;195.9548;306.4523;3.5209;357.7426
0.6643;0.5473;False;False;95.6973;51.3150;-0.0142;-0.0248;51.0555;-112.7524;359.8831;0.1423;207.3933;306.0686;359.9547;0.2673;-2.3467;-0.0002;-0.0126;-3.0558;1.7123;-1.5119;191573;71.60314;Infinity;2644.08;95.9912;51.1694;1.2864;1.1607;50.7793;-112.3428;352.3836;352.8788;207.4483;293.3556;359.9541;1.8732;LeftFalse_RightFalse;LeftFalse_RightFalse;HandLeft_(0.3, -0.8, -0.3)_(0.7, 0.6, -0.4, 0.2)_1.046027_System.String[];HandLeft_(-0.7, -0.3, -0.2)_(0.8, 0.3, -0.5, 0.2)_1.005502_System.String[];HandRight_(0.5, -0.7, -0.3)_(0.1, -0.6, -0.3, 0.7)_1.046027_System.String[];HandRight_(-0.5, -0.3, -0.1)_(-0.2, -0.7, -0.3, 0.6)_1.005502_System.String[];4.6035;-0.0559;0.0039;95.5874;50.9572;0.8615;1.1486;51.0095;-112.9523;354.9503;346.2531;195.7760;306.3172;3.5211;357.8015
0.6757;0.5526;False;False;95.6330;51.2149;-0.0142;-0.0254;50.9251;-112.6795;359.8817;0.1420;207.2493;306.0789;359.9554;0.2668;-2.3989;-0.0002;-0.0125;-3.1310;1.7495;-1.5409;191576;71.41129;Infinity;2644.12;95.9280;51.0701;1.2864;1.1602;50.6505;-112.2702;352.3822;352.8782;207.3027;293.3668;359.9547;1.8728;LeftFalse_RightFalse;LeftFalse_RightFalse;HandLeft_(0.3, -0.8, -0.3)_(0.7, 0.6, -0.4, 0.2)_1.046027_System.String[];HandLeft_(-0.7, -0.3, -0.2)_(0.8, 0.4, -0.5, 0.2)_1.005502_System.String[];HandRight_(0.5, -0.7, -0.3)_(0.1, -0.6, -0.3, 0.7)_1.046027_System.String[];HandRight_(-0.5, -0.3, -0.1)_(-0.2, -0.7, -0.4, 0.6)_1.005502_System.String[];4.6455;-0.0529;0.0031;95.5236;50.8575;0.8615;1.1481;50.8798;-112.8796;354.9457;346.3729;195.6219;306.1696;3.5217;357.8323
0.6881;0.5581;False;False;95.5681;51.1139;-0.0142;-0.0259;50.7932;-112.6058;359.8801;0.1419;207.1103;306.0872;359.9562;0.2661;-2.4341;-0.0002;-0.0125;-3.1824;1.7747;-1.5608;191579;71.49146;Infinity;2644.16;95.8641;50.9695;1.2864;1.1597;50.5198;-112.1968;352.3806;352.8779;207.1619;293.3758;359.9555;1.8722;LeftFalse_RightFalse;LeftFalse_RightFalse;HandLeft_(0.3, -0.8, -0.3)_(0.7, 0.6, -0.4, 0.2)_1.046027_System.String[];HandLeft_(-0.7, -0.3, -0.2)_(0.8, 0.4, -0.5, 0.2)_1.005502_System.String[];HandRight_(0.5, -0.7, -0.3)_(0.1, -0.6, -0.4, 0.7)_1.046027_System.String[];HandRight_(-0.5, -0.3, -0.1)_(-0.2, -0.7, -0.3, 0.6)_1.005502_System.String[];4.6875;-0.0505;0.0025;95.4593;50.7567;0.8615;1.1476;50.7485;-112.8060;354.9383;346.4445;195.4913;306.0687;3.5278;357.8224
0.6992;0.5657;False;False;95.5026;51.0116;-0.0142;-0.0264;50.6593;-112.5312;359.8784;0.1413;206.9758;306.0940;359.9570;0.2665;-2.4698;-0.0002;-0.0133;-3.2351;1.8003;-1.5810;191582;71.64997;Infinity;2644.21;95.7996;50.8676;1.2864;1.1592;50.3872;-112.1224;352.3790;352.8776;207.0258;293.3831;359.9563;1.8721;LeftFalse_RightFalse;LeftFalse_RightFalse;HandLeft_(0.3, -0.8, -0.3)_(0.7, 0.5, -0.4, 0.2)_1.046027_System.String[];HandLeft_(-0.7, -0.3, -0.2)_(0.8, 0.4, -0.5, 0.2)_1.005502_System.String[];HandRight_(0.5, -0.7, -0.3)_(0.1, -0.6, -0.4, 0.7)_1.046027_System.String[];HandRight_(-0.5, -0.3, -0.1)_(-0.2, -0.7, -0.3, 0.6)_1.005502_System.String[];4.7292;-0.0487;0.0023;95.3940;50.6544;0.8614;1.1471;50.6153;-112.7315;354.8746;346.4836;195.4043;306.0168;3.4826;357.8024
0.7099;0.5744;False;False;95.4359;50.9074;-0.0142;-0.0270;50.5226;-112.4552;359.8766;0.1386;206.8444;306.0998;359.9576;0.2687;-2.5059;-0.0002;-0.0128;-3.2889;1.8264;-1.6013;191585;71.57206;Infinity;2644.25;95.7341;50.7642;1.2864;1.1586;50.2524;-112.0471;352.3773;352.8764;206.8936;293.3889;359.9570;1.8743;LeftFalse_RightFalse;LeftFalse_RightFalse;HandLeft_(0.3, -0.8, -0.3)_(0.7, 0.5, -0.4, 0.2)_1.046027_System.String[];HandLeft_(-0.7, -0.3, -0.2)_(0.8, 0.4, -0.5, 0.2)_1.005502_System.String[];HandRight_(0.5, -0.7, -0.3)_(0.1, -0.6, -0.4, 0.7)_1.046027_System.String[];HandRight_(-0.5, -0.3, -0.1)_(-0.2, -0.7, -0.3, 0.6)_1.005502_System.String[];4.7712;-0.0474;0.0023;95.3278;50.5507;0.8615;1.1466;50.4798;-112.6560;354.7907;346.5048;195.3601;305.9861;3.4447;357.7932
0.7194;0.5840;False;False;95.3682;50.8013;-0.0143;-0.0275;50.3833;-112.3779;359.8747;0.1323;206.7153;306.1051;359.9579;0.2694;-2.5424;-0.0002;-0.0127;-3.3437;1.8532;-1.6216;191588;71.47504;Infinity;2644.29;95.6674;50.6588;1.2864;1.1581;50.1144;-111.9702;352.3753;352.8714;206.7635;293.3941;359.9575;1.8766;LeftFalse_RightFalse;LeftFalse_RightFalse;HandLeft_(0.3, -0.8, -0.3)_(0.7, 0.5, -0.4, 0.1)_1.046027_System.String[];HandLeft_(-0.7, -0.3, -0.2)_(0.8, 0.4, -0.5, 0.2)_1.005502_System.String[];HandRight_(0.5, -0.7, -0.3)_(0.1, -0.6, -0.4, 0.7)_1.046027_System.String[];HandRight_(-0.5, -0.3, -0.1)_(-0.2, -0.7, -0.3, 0.6)_1.005502_System.String[];4.8132;-0.0460;0.0023;95.2602;50.4450;0.8618;1.1461;50.3414;-112.5790;354.6729;346.5062;195.3782;305.9499;3.3604;357.8071
0.7266;0.5934;False;False;95.2993;50.6931;-0.0143;-0.0281;50.2410;-112.2991;359.8726;0.1237;206.5878;306.1102;359.9581;0.2697;-2.5796;-0.0002;-0.0127;-3.3994;1.8806;-1.6421;191591;71.32489;Infinity;2644.33;95.5995;50.5513;1.2864;1.1576;49.9735;-111.8918;352.3733;352.8638;206.6352;293.3989;359.9577;1.8788;LeftFalse_RightFalse;LeftFalse_RightFalse;HandLeft_(0.3, -0.8, -0.3)_(0.7, 0.5, -0.4, 0.1)_1.046027_System.String[];HandLeft_(-0.7, -0.3, -0.2)_(0.8, 0.4, -0.5, 0.2)_1.005502_System.String[];HandRight_(0.5, -0.7, -0.3)_(0.1, -0.6, -0.4, 0.7)_1.046027_System.String[];HandRight_(-0.5, -0.3, -0.1)_(-0.2, -0.7, -0.3, 0.6)_1.005502_System.String[];4.8555;-0.0443;0.0023;95.1915;50.3373;0.8620;1.1456;50.1998;-112.5006;354.5343;346.5040;195.4478;305.9015;3.2690;357.8351
0.7323;0.6017;False;False;95.2301;50.5844;-0.0143;-0.0286;50.0976;-112.2198;359.8705;0.1138;206.4639;306.1151;359.9583;0.2698;-2.6175;-0.0002;-0.0129;-3.4555;1.9086;-1.6631;191594;71.5702;Infinity;2644.37;95.5313;50.4431;1.2864;1.1572;49.8314;-111.8129;352.3712;352.8546;206.5101;293.4036;359.9578;1.8811;LeftFalse_RightFalse;LeftFalse_RightFalse;HandLeft_(0.3, -0.8, -0.3)_(0.7, 0.5, -0.4, 0.1)_1.046027_System.String[];HandLeft_(-0.7, -0.3, -0.2)_(0.8, 0.4, -0.5, 0.2)_1.005502_System.String[];HandRight_(0.5, -0.7, -0.3)_(0.1, -0.6, -0.4, 0.7)_1.046027_System.String[];HandRight_(-0.5, -0.3, -0.1)_(-0.2, -0.7, -0.3, 0.6)_1.005502_System.String[];4.8972;-0.0419;0.0023;95.1225;50.2290;0.8622;1.1451;50.0570;-112.4216;354.4915;346.5316;195.5541;305.8582;3.1676;357.8635
0.7382;0.6091;False;False;95.1603;50.4743;-0.0143;-0.0291;49.9521;-112.1395;359.8685;0.1029;206.3433;306.1200;359.9585;0.2699;-2.6559;-0.0002;-0.0131;-3.5120;1.9369;-1.6844;191597;71.77912;Infinity;2644.42;95.4624;50.3338;1.2864;1.1567;49.6874;-111.7331;352.3692;352.8442;206.3885;293.4081;359.9580;1.8835;LeftFalse_RightFalse;LeftFalse_RightFalse;HandLeft_(0.3, -0.8, -0.3)_(0.7, 0.5, -0.4, 0.1)_1.046027_System.String[];HandLeft_(-0.7, -0.3, -0.2)_(0.8, 0.4, -0.5, 0.2)_1.005502_System.String[];HandRight_(0.5, -0.7, -0.3)_(0.1, -0.6, -0.4, 0.7)_1.046027_System.String[];HandRight_(-0.5, -0.3, -0.1)_(-0.2, -0.7, -0.3, 0.6)_1.005502_System.String[];4.9390;-0.0389;0.0023;95.0528;50.1195;0.8623;1.1446;49.9123;-112.3418;354.5357;346.6091;195.6229;305.8517;3.1011;357.8696
0.7439;0.6173;False;False;95.0891;50.3619;-0.0143;-0.0297;49.8035;-112.0575;359.8665;0.0922;206.2262;306.1249;359.9591;0.2716;-2.6949;-0.0002;-0.0128;-3.5685;1.9656;-1.7067;191600;71.66586;Infinity;2644.46;95.3925;50.2226;1.2864;1.1562;49.5406;-111.6520;352.3671;352.8334;206.2703;293.4127;359.9585;1.8863;LeftFalse_RightFalse;LeftFalse_RightFalse;HandLeft_(0.3, -0.8, -0.3)_(0.7, 0.5, -0.5, 0.1)_1.046027_System.String[];HandLeft_(-0.7, -0.3, -0.2)_(0.8, 0.4, -0.5, 0.2)_1.005502_System.String[];HandRight_(0.5, -0.7, -0.3)_(0.1, -0.6, -0.4, 0.7)_1.046027_System.String[];HandRight_(-0.5, -0.3, -0.1)_(-0.2, -0.7, -0.3, 0.6)_1.005502_System.String[];4.9810;-0.0354;0.0023;94.9821;50.0079;0.8623;1.1442;49.7649;-112.2605;354.5868;346.6512;195.6223;305.8910;3.0651;357.8480
0.7487;0.6240;False;False;95.0172;50.2482;-0.0143;-0.0302;49.6528;-111.9746;359.8645;0.0838;206.1155;306.1302;359.9603;0.2758;-2.7344;-0.0002;-0.0118;-3.6252;1.9945;-1.7299;191603;71.7671;Infinity;2644.50;95.3213;50.1091;1.2864;1.1558;49.3908;-111.5693;352.3651;352.8255;206.1570;293.4170;359.9595;1.8929;LeftFalse_RightFalse;LeftFalse_RightFalse;HandLeft_(0.3, -0.8, -0.3)_(0.7, 0.5, -0.5, 0.0)_1.046027_System.String[];HandLeft_(-0.7, -0.3, -0.2)_(0.8, 0.4, -0.5, 0.2)_1.005502_System.String[];HandRight_(0.5, -0.7, -0.3)_(0.1, -0.6, -0.4, 0.7)_1.046027_System.String[];HandRight_(-0.5, -0.3, -0.1)_(-0.2, -0.7, -0.3, 0.6)_1.005502_System.String[];5.0227;-0.0321;0.0021;94.9103;49.8942;0.8624;1.1437;49.6143;-112.1777;354.5978;346.6456;195.5421;305.9557;3.0827;357.8129
0.7544;0.6296;False;False;94.9436;50.1318;-0.0143;-0.0307;49.4984;-111.8896;359.8626;0.0778;206.0110;306.1353;359.9618;0.2784;-2.7944;-0.0002;-0.0109;-3.7106;2.0384;-1.7654;191606;71.49549;Infinity;2644.54;95.2489;49.9938;1.2863;1.1554;49.2382;-111.4852;352.3632;352.8196;206.0502;293.4216;359.9609;1.8971;LeftFalse_RightFalse;LeftFalse_RightFalse;HandLeft_(0.3, -0.8, -0.3)_(0.7, 0.5, -0.5, 0.0)_1.046027_System.String[];HandLeft_(-0.7, -0.3, -0.2)_(0.8, 0.4, -0.5, 0.2)_1.005502_System.String[];HandRight_(0.5, -0.7, -0.3)_(0.1, -0.6, -0.4, 0.7)_1.046027_System.String[];HandRight_(-0.5, -0.3, -0.1)_(-0.2, -0.7, -0.3, 0.6)_1.005502_System.String[];5.0647;-0.0290;0.0017;94.8372;49.7787;0.8624;1.1432;49.4608;-112.0934;354.5478;346.6230;195.4230;306.0244;3.1235;357.7915
0.7628;0.6336;False;False;94.8691;50.0139;-0.0143;-0.0311;49.3417;-111.8036;359.8608;0.0733;205.9136;306.1399;359.9635;0.2803;-2.8349;-0.0002;-0.0110;-3.7680;2.0678;-1.7895;191609;71.43663;Infinity;2644.58;95.1753;49.8765;1.2863;1.1550;49.0829;-111.3996;352.3614;352.8152;205.9503;293.4261;359.9626;1.9004;LeftFalse_RightFalse;LeftFalse_RightFalse;HandLeft_(0.3, -0.8, -0.3)_(0.7, 0.5, -0.5, 0.0)_1.046027_System.String[];HandLeft_(-0.7, -0.3, -0.2)_(0.8, 0.4, -0.5, 0.2)_1.005502_System.String[];HandRight_(0.5, -0.7, -0.3)_(0.1, -0.6, -0.4, 0.7)_1.046027_System.String[];HandRight_(-0.5, -0.3, -0.1)_(-0.2, -0.7, -0.3, 0.6)_1.005502_System.String[];5.1067;-0.0263;0.0011;94.7631;49.6613;0.8625;1.1428;49.3045;-112.0078;354.4958;346.6086;195.3527;306.0680;3.1099;357.8103
0.7707;0.6369;False;False;94.7936;49.8942;-0.0143;-0.0316;49.1827;-111.7163;359.8590;0.0702;205.8231;306.1436;359.9653;0.2809;-2.8757;-0.0002;-0.0111;-3.8262;2.0973;-1.8140;191612;71.44147;Infinity;2644.63;95.1007;49.7575;1.2863;1.1545;48.9251;-111.3128;352.3596;352.8120;205.8573;293.4299;359.9644;1.9021;LeftFalse_RightFalse;LeftFalse_RightFalse;HandLeft_(0.3, -0.8, -0.3)_(0.7, 0.5, -0.5, 0.0)_1.046027_System.String[];HandLeft_(-0.7, -0.3, -0.2)_(0.8, 0.4, -0.5, 0.2)_1.005502_System.String[];HandRight_(0.5, -0.7, -0.3)_(0.1, -0.7, -0.4, 0.7)_1.046027_System.String[];HandRight_(-0.5, -0.3, -0.1)_(-0.2, -0.7, -0.3, 0.6)_1.005502_System.String[];5.1487;-0.0243;0.0005;94.6878;49.5422;0.8626;1.1423;49.1457;-111.9210;354.4683;346.5819;195.3479;306.0594;3.0699;357.8597
0.7767;0.6390;False;False;94.7168;49.7726;-0.0143;-0.0321;49.0208;-111.6276;359.8572;0.0679;205.7388;306.1460;359.9670;0.2809;-2.9167;-0.0002;-0.0113;-3.8850;2.1267;-1.8388;191615;71.40967;Infinity;2644.67;95.0248;49.6364;1.2863;1.1541;48.7644;-111.2245;352.3578;352.8096;205.7705;293.4327;359.9662;1.9029;LeftFalse_RightFalse;LeftFalse_RightFalse;HandLeft_(0.3, -0.8, -0.3)_(0.7, 0.5, -0.5, 0.0)_1.046027_System.String[];HandLeft_(-0.7, -0.3, -0.2)_(0.7, 0.4, -0.5, 0.2)_1.005502_System.String[];HandRight_(0.5, -0.7, -0.3)_(0.0, -0.7, -0.4, 0.7)_1.046027_System.String[];HandRight_(-0.5, -0.3, -0.1)_(-0.2, -0.7, -0.3, 0.6)_1.005502_System.String[];5.1907;-0.0225;-0.0003;94.6113;49.4207;0.8627;1.1419;48.9837;-111.8325;354.4589;346.5733;195.4162;306.0248;2.9758;357.8965
0.7811;0.6415;False;False;94.6391;49.6493;-0.0143;-0.0326;48.8565;-111.5377;359.8554;0.0658;205.6599;306.1470;359.9686;0.2816;-2.9579;-0.0002;-0.0119;-3.9443;2.1559;-1.8633;191618;71.42149;Infinity;2644.71;94.9480;49.5139;1.2863;1.1536;48.6016;-111.1351;352.3560;352.8076;205.6898;293.4341;359.9678;1.9036;LeftFalse_RightFalse;LeftFalse_RightFalse;HandLeft_(0.3, -0.8, -0.3)_(0.7, 0.5, -0.5, 0.0)_1.046027_System.String[];HandLeft_(-0.7, -0.3, -0.2)_(0.8, 0.4, -0.5, 0.2)_1.005502_System.String[];HandRight_(0.5, -0.7, -0.3)_(0.0, -0.7, -0.4, 0.7)_1.046027_System.String[];HandRight_(-0.5, -0.3, -0.1)_(-0.2, -0.7, -0.3, 0.6)_1.005502_System.String[];5.2327;-0.0212;-0.0010;94.5339;49.2979;0.8627;1.1414;48.8197;-111.7430;354.4506;346.6100;195.5180;305.9778;2.8641;357.9141
0.7843;0.6449;False;False;94.5604;49.5242;-0.0144;-0.0331;48.6896;-111.4465;359.8536;0.0634;205.5855;306.1464;359.9698;0.2830;-2.9993;-0.0002;-0.0123;-4.0040;2.1851;-1.8878;191621;71.42715;Infinity;2644.75;94.8701;49.3895;1.2863;1.1531;48.4359;-111.0444;352.3542;352.8056;205.6138;293.4339;359.9692;1.9054;LeftFalse_RightFalse;LeftFalse_RightFalse;HandLeft_(0.3, -0.8, -0.3)_(0.7, 0.5, -0.5, 0.0)_1.046027_System.String[];HandLeft_(-0.7, -0.3, -0.2)_(0.8, 0.4, -0.5, 0.2)_1.005502_System.String[];HandRight_(0.5, -0.7, -0.3)_(0.0, -0.6, -0.4, 0.7)_1.046027_System.String[];HandRight_(-0.5, -0.3, -0.1)_(-0.2, -0.7, -0.3, 0.6)_1.005502_System.String[];5.2747;-0.0200;-0.0017;94.4554;49.1732;0.8628;1.1406;48.6530;-111.6522;354.4595;346.6334;195.5965;305.9487;2.8103;357.9213
0.7867;0.6480;False;False;94.4811;49.3982;-0.0144;-0.0336;48.5213;-111.3548;359.8520;0.0607;205.5154;306.1440;359.9709;0.2840;-3.0411;-0.0002;-0.0130;-4.0638;2.2143;-1.9123;191624;71.68733;Infinity;2644.79;94.7914;49.2638;1.2862;1.1526;48.2686;-110.9530;352.3525;352.8036;205.5422;293.4319;359.9703;1.9073;LeftFalse_RightFalse;LeftFalse_RightFalse;HandLeft_(0.3, -0.8, -0.3)_(0.7, 0.5, -0.5, 0.0)_1.046027_System.String[];HandLeft_(-0.7, -0.3, -0.2)_(0.8, 0.4, -0.5, 0.2)_1.005502_System.String[];HandRight_(0.5, -0.7, -0.3)_(0.0, -0.6, -0.4, 0.7)_1.046027_System.String[];HandRight_(-0.5, -0.3, -0.1)_(-0.2, -0.7, -0.3, 0.6)_1.005502_System.String[];5.3164;-0.0192;-0.0027;94.3762;49.0475;0.8629;1.1398;48.4845;-111.5607;354.5216;346.6569;195.6362;305.9337;2.8132;357.9308
0.7884;0.6491;False;False;94.4001;49.2693;-0.0144;-0.0342;48.3489;-111.2610;359.8504;0.0570;205.4478;306.1394;359.9717;0.2831;-3.0829;-0.0002;-0.0131;-4.1238;2.2435;-1.9364;191627;71.53649;Infinity;2644.83;94.7113;49.1358;1.2862;1.1521;48.0978;-110.8598;352.3509;352.8004;205.4738;293.4279;359.9713;1.9080;LeftFalse_RightFalse;LeftFalse_RightFalse;HandLeft_(0.3, -0.8, -0.3)_(0.7, 0.5, -0.5, 0.0)_1.046027_System.String[];HandLeft_(-0.7, -0.3, -0.2)_(0.8, 0.4, -0.5, 0.2)_1.005502_System.String[];HandRight_(0.5, -0.7, -0.3)_(0.0, -0.6, -0.4, 0.7)_1.046027_System.String[];HandRight_(-0.5, -0.3, -0.1)_(-0.2, -0.7, -0.3, 0.6)_1.005502_System.String[];5.3584;-0.0192;-0.0040;94.2959;48.9192;0.8630;1.1392;48.3126;-111.4674;354.5946;346.7032;195.6222;305.9049;2.8687;357.9417
0.7907;0.6504;False;False;94.3183;49.1390;-0.0144;-0.0347;48.1746;-111.1662;359.8489;0.0503;205.3819;306.1320;359.9722;0.2821;-3.1249;-0.0002;-0.0120;-4.1840;2.2720;-1.9600;191630;71.59527;Infinity;2644.88;94.6301;49.0058;1.2862;1.1516;47.9242;-110.7653;352.3494;352.7945;205.4073;293.4215;359.9718;1.9077;LeftFalse_RightFalse;LeftFalse_RightFalse;HandLeft_(0.3, -0.8, -0.3)_(0.7, 0.5, -0.5, 0.0)_1.046027_System.String[];HandLeft_(-0.7, -0.3, -0.2)_(0.8, 0.4, -0.5, 0.2)_1.005502_System.String[];HandRight_(0.5, -0.7, -0.3)_(0.1, -0.6, -0.4, 0.7)_1.046027_System.String[];HandRight_(-0.5, -0.3, -0.1)_(-0.1, -0.7, -0.3, 0.6)_1.005502_System.String[];5.4004;-0.0192;-0.0057;94.2143;48.7890;0.8631;1.1387;48.1378;-111.3727;354.6629;346.7270;195.5503;305.8375;2.9669;357.9446
0.7960;0.6520;False;False;94.2360;49.0075;-0.0144;-0.0352;47.9985;-111.0707;359.8475;0.0420;205.3170;306.1212;359.9723;0.2809;-3.1672;-0.0002;-0.0118;-4.2444;2.3000;-1.9833;191633;71.79319;Infinity;2644.92;94.5485;48.8751;1.2862;1.1512;47.7493;-110.6703;352.3480;352.7865;205.3423;293.4118;359.9720;1.9085;LeftFalse_RightFalse;LeftFalse_RightFalse;HandLeft_(0.3, -0.8, -0.3)_(0.7, 0.5, -0.5, 0.1)_1.046027_System.String[];HandLeft_(-0.7, -0.3, -0.2)_(0.8, 0.4, -0.5, 0.2)_1.005502_System.String[];HandRight_(0.5, -0.7, -0.3)_(0.0, -0.6, -0.4, 0.7)_1.046027_System.String[];HandRight_(-0.5, -0.3, -0.1)_(-0.1, -0.7, -0.3, 0.6)_1.005502_System.String[];5.4421;-0.0191;-0.0076;94.1324;48.6581;0.8631;1.1382;47.9619;-111.2777;354.7502;346.7151;195.4544;305.7348;3.0524;357.9442
0.8041;0.6531;False;False;94.1522;48.8736;-0.0144;-0.0356;47.8189;-110.9735;359.8462;0.0325;205.2518;306.1059;359.9721;0.2794;-3.2310;-0.0002;-0.0117;-4.3360;2.3412;-2.0182;191636;71.69325;Infinity;2644.96;94.4656;48.7421;1.2862;1.1507;47.5714;-110.5739;352.3467;352.7773;205.2773;293.3979;359.9720;1.9091;LeftFalse_RightFalse;LeftFalse_RightFalse;HandLeft_(0.3, -0.8, -0.3)_(0.7, 0.5, -0.5, 0.1)_1.046027_System.String[];HandLeft_(-0.7, -0.3, -0.2)_(0.7, 0.4, -0.5, 0.2)_1.005502_System.String[];HandRight_(0.5, -0.7, -0.3)_(0.1, -0.6, -0.4, 0.7)_1.046027_System.String[];HandRight_(-0.5, -0.3, -0.1)_(-0.1, -0.7, -0.3, 0.6)_1.005502_System.String[];5.4839;-0.0191;-0.0093;94.0494;48.5251;0.8632;1.1377;47.7827;-111.1813;354.8614;346.7160;195.3783;305.6515;3.0780;357.9427
0.8121;0.6544;False;False;94.0679;48.7384;-0.0144;-0.0361;47.6375;-110.8756;359.8449;0.0228;205.1866;306.0862;359.9718;0.2782;-3.2737;-0.0002;-0.0121;-4.3980;2.3684;-2.0416;191639;71.83947;Infinity;2645.00;94.3817;48.6073;1.2862;1.1503;47.3908;-110.4763;352.3454;352.7675;205.2121;293.3796;359.9717;1.9098;LeftFalse_RightFalse;LeftFalse_RightFalse;HandLeft_(0.3, -0.8, -0.3)_(0.7, 0.5, -0.5, 0.0)_1.046027_System.String[];HandLeft_(-0.7, -0.3, -0.2)_(0.7, 0.4, -0.5, 0.2)_1.005502_System.String[];HandRight_(0.5, -0.7, -0.3)_(0.0, -0.6, -0.4, 0.7)_1.046027_System.String[];HandRight_(-0.5, -0.3, -0.1)_(-0.1, -0.7, -0.3, 0.6)_1.005502_System.String[];5.5256;-0.0191;-0.0104;93.9653;48.3904;0.8633;1.1373;47.6010;-111.0837;354.9473;346.7317;195.3333;305.6136;3.0815;357.9513
0.8185;0.6559;False;False;93.9825;48.6014;-0.0144;-0.0366;47.4534;-110.7765;359.8435;0.0141;205.1209;306.0623;359.9714;0.2793;-3.3162;-0.0003;-0.0105;-4.4608;2.3955;-2.0651;191642;71.9211;Infinity;2645.04;94.2970;48.4708;1.2862;1.1499;47.2080;-110.3778;352.3440;352.7585;205.1466;293.3568;359.9713;1.9121;LeftFalse_RightFalse;LeftFalse_RightFalse;HandLeft_(0.3, -0.8, -0.3)_(0.7, 0.5, -0.5, 0.0)_1.046027_System.String[];HandLeft_(-0.7, -0.3, -0.2)_(0.7, 0.4, -0.5, 0.2)_1.005502_System.String[];HandRight_(0.5, -0.7, -0.3)_(0.1, -0.6, -0.4, 0.7)_1.046027_System.String[];HandRight_(-0.5, -0.3, -0.1)_(-0.1, -0.7, -0.3, 0.6)_1.005502_System.String[];5.5674;-0.0191;-0.0109;93.8802;48.2541;0.8632;1.1368;47.4170;-110.9853;355.0094;346.7519;195.3021;305.6174;3.0929;357.9677
0.8232;0.6571;False;False;93.8961;48.4625;-0.0144;-0.0371;47.2666;-110.6763;359.8421;0.0086;205.0544;306.0353;359.9709;0.2799;-3.3584;-0.0003;-0.0097;-4.5241;2.4227;-2.0887;191645;71.94942;Infinity;2645.09;94.2113;48.3325;1.2862;1.1495;47.0225;-110.2781;352.3426;352.7523;205.0805;293.3305;359.9708;1.9145;LeftFalse_RightFalse;LeftFalse_RightFalse;HandLeft_(0.3, -0.8, -0.3)_(0.7, 0.5, -0.5, 0.0)_1.046027_System.String[];HandLeft_(-0.7, -0.3, -0.2)_(0.7, 0.4, -0.5, 0.2)_1.005502_System.String[];HandRight_(0.5, -0.7, -0.3)_(0.1, -0.6, -0.4, 0.7)_1.046027_System.String[];HandRight_(-0.5, -0.3, -0.1)_(-0.1, -0.7, -0.3, 0.6)_1.005502_System.String[];5.6089;-0.0190;-0.0109;93.7941;48.1161;0.8630;1.1364;47.2303;-110.8857;355.0604;346.7829;195.2614;305.6210;3.1111;357.9801
0.8267;0.6575;False;False;93.8077;48.3204;-0.0144;-0.0375;47.0750;-110.5738;359.8405;0.0050;204.9865;306.0057;359.9702;0.2801;-3.4004;0.0017;-0.0096;-4.5879;2.4501;-2.1121;191648;71.60707;Infinity;2645.13;94.1240;48.1913;1.2862;1.1491;46.8328;-110.1765;352.3411;352.7483;205.0130;293.3015;359.9702;1.9160;LeftFalse_RightFalse;LeftFalse_RightFalse;HandLeft_(0.3, -0.8, -0.3)_(0.7, 0.5, -0.5, 0.1)_1.046027_System.String[];HandLeft_(-0.7, -0.3, -0.2)_(0.7, 0.4, -0.5, 0.2)_1.005502_System.String[];HandRight_(0.5, -0.7, -0.3)_(0.0, -0.6, -0.4, 0.7)_1.046027_System.String[];HandRight_(-0.5, -0.3, -0.1)_(-0.1, -0.7, -0.3, 0.6)_1.005502_System.String[];5.6511;-0.0188;-0.0109;93.7063;47.9751;0.8629;1.1360;47.0395;-110.7842;355.1302;346.8058;195.2112;305.5798;3.1463;357.9988
0.8292;0.6572;False;False;93.7185;48.1766;-0.0144;-0.0379;46.8809;-110.4703;359.8390;0.0030;204.9182;305.9746;359.9695;0.2797;-3.4421;0.0008;-0.0095;-4.6518;2.4775;-2.1354;191651;71.48399;Infinity;2645.17;94.0354;48.0479;1.2863;1.1487;46.6400;-110.0735;352.3395;352.7459;204.9449;293.2708;359.9695;1.9162;LeftFalse_RightFalse;LeftFalse_RightFalse;HandLeft_(0.3, -0.8, -0.3)_(0.7, 0.5, -0.5, 0.1)_1.046027_System.String[];HandLeft_(-0.7, -0.3, -0.2)_(0.7, 0.4, -0.5, 0.2)_1.005502_System.String[];HandRight_(0.5, -0.7, -0.3)_(0.0, -0.6, -0.4, 0.7)_1.046027_System.String[];HandRight_(-0.5, -0.3, -0.1)_(-0.1, -0.7, -0.3, 0.6)_1.005502_System.String[];5.6931;-0.0184;-0.0109;93.6175;47.8320;0.8628;1.1356;46.8457;-110.6814;355.2151;346.7847;195.1580;305.4899;3.1822;358.0392
0.8310;0.6577;False;False;93.6288;48.0320;-0.0144;-0.0383;46.6853;-110.3662;359.8375;0.0017;204.8502;305.9428;359.9689;0.2801;-3.4838;0.0002;-0.0099;-4.7157;2.5047;-2.1589;191654;71.6814;Infinity;2645.21;93.9462;47.9033;1.2863;1.1483;46.4452;-109.9697;352.3380;352.7445;204.8769;293.2391;359.9688;1.9165;LeftFalse_RightFalse;LeftFalse_RightFalse;HandLeft_(0.3, -0.8, -0.3)_(0.7, 0.5, -0.5, 0.0)_1.046027_System.String[];HandLeft_(-0.7, -0.3, -0.2)_(0.7, 0.4, -0.5, 0.2)_1.005502_System.String[];HandRight_(0.5, -0.7, -0.3)_(0.0, -0.6, -0.4, 0.7)_1.046027_System.String[];HandRight_(-0.5, -0.3, -0.1)_(-0.2, -0.7, -0.3, 0.6)_1.005502_System.String[];5.7349;-0.0177;-0.0109;93.5282;47.6876;0.8627;1.1352;46.6499;-110.5781;355.3085;346.7430;195.0899;305.3945;3.1894;358.0962
0.8323;0.6583;False;False;93.5381;47.8855;-0.0144;-0.0387;46.4868;-110.2609;359.8361;0.0005;204.7827;305.9102;359.9685;0.2813;-3.5254;-0.0001;-0.0103;-4.7794;2.5318;-2.1827;191657;71.6981;Infinity;2645.25;93.8565;47.7576;1.2863;1.1479;46.2485;-109.8652;352.3366;352.7435;204.8094;293.2067;359.9684;1.9177;LeftFalse_RightFalse;LeftFalse_RightFalse;HandLeft_(0.3, -0.8, -0.3)_(0.7, 0.5, -0.5, 0.1)_1.046027_System.String[];HandLeft_(-0.7, -0.3, -0.2)_(0.7, 0.4, -0.5, 0.2)_1.005502_System.String[];HandRight_(0.5, -0.7, -0.3)_(0.0, -0.6, -0.4, 0.7)_1.046027_System.String[];HandRight_(-0.5, -0.3, -0.1)_(-0.1, -0.7, -0.3, 0.6)_1.005502_System.String[];5.7766;-0.0165;-0.0109;93.4381;47.5421;0.8624;1.1347;46.4521;-110.4739;355.4036;346.6801;195.0151;305.3403;3.1752;358.1437
0.8315;0.6588;False;False;93.4461;47.7368;-0.0144;-0.0391;46.2850;-110.1542;359.8348;-0.0009;204.7166;305.8769;359.9685;0.2825;-3.5670;-0.0003;-0.0108;-4.8429;2.5587;-2.2068;191660;71.68554;Infinity;2645.30;93.7649;47.6088;1.2863;1.1475;46.0475;-109.7587;352.3352;352.7426;204.7425;293.1732;359.9682;1.9194;LeftFalse_RightFalse;LeftFalse_RightFalse;HandLeft_(0.3, -0.7, -0.3)_(0.7, 0.5, -0.5, 0.1)_1.046027_System.String[];HandLeft_(-0.7, -0.3, -0.2)_(0.7, 0.4, -0.5, 0.2)_1.005502_System.String[];HandRight_(0.5, -0.7, -0.3)_(0.0, -0.6, -0.4, 0.6)_1.046027_System.String[];HandRight_(-0.5, -0.3, -0.1)_(-0.1, -0.7, -0.3, 0.6)_1.005502_System.String[];5.8186;-0.0146;-0.0109;93.3463;47.3936;0.8622;1.1343;46.2502;-110.3677;355.4683;346.5890;194.9541;305.3401;3.1315;358.1419
0.8306;0.6592;False;False;93.3528;47.5859;-0.0144;-0.0396;46.0801;-110.0461;359.8336;-0.0044;204.6536;305.8430;359.9690;0.2816;-3.6083;-0.0005;-0.0099;-4.9056;2.5855;-2.2316;191663;71.62384;Infinity;2645.34;93.6723;47.4583;1.2863;1.1471;45.8437;-109.6511;352.3340;352.7401;204.6781;293.1395;359.9684;1.9195;LeftFalse_RightFalse;LeftFalse_RightFalse;HandLeft_(0.3, -0.7, -0.3)_(0.7, 0.5, -0.5, 0.0)_1.046027_System.String[];HandLeft_(-0.7, -0.3, -0.2)_(0.7, 0.4, -0.5, 0.2)_1.005502_System.String[];HandRight_(0.5, -0.7, -0.3)_(0.0, -0.6, -0.4, 0.6)_1.046027_System.String[];HandRight_(-0.5, -0.3, -0.1)_(-0.1, -0.7, -0.3, 0.6)_1.005502_System.String[];5.8606;-0.0118;-0.0109;93.2534;47.2433;0.8621;1.1338;46.0457;-110.2604;355.5368;346.5026;194.9442;305.3594;3.0895;358.1392
0.8299;0.6598;False;False;93.2589;47.4341;-0.0144;-0.0400;45.8736;-109.9374;359.8326;359.9895;204.5967;305.8087;359.9702;0.2811;-3.6494;-0.0005;-0.0095;-4.9674;2.6121;-2.2575;191666;71.73849;Infinity;2645.38;93.5792;47.3072;1.2863;1.1467;45.6387;-109.5431;352.3329;352.7346;204.6190;293.1054;359.9695;1.9202;LeftFalse_RightFalse;LeftFalse_RightFalse;HandLeft_(0.3, -0.7, -0.3)_(0.7, 0.5, -0.5, 0.0)_1.046027_System.String[];HandLeft_(-0.7, -0.3, -0.2)_(0.7, 0.4, -0.5, 0.2)_1.005502_System.String[];HandRight_(0.5, -0.7, -0.3)_(0.0, -0.7, -0.4, 0.6)_1.046027_System.String[];HandRight_(-0.5, -0.3, -0.1)_(-0.1, -0.7, -0.3, 0.6)_1.005502_System.String[];5.9023;-0.0085;-0.0109;93.1602;47.0924;0.8620;1.1334;45.8400;-110.1529;355.5552;346.4540;195.0044;305.3540;3.0637;358.1721
0.8294;0.6610;False;False;93.1638;47.2804;-0.0144;-0.0404;45.6643;-109.8275;359.8317;359.9819;204.5481;305.7740;359.9724;0.2806;-3.7111;-0.0005;-0.0094;-5.0585;2.6517;-2.2981;191669;71.80156;Infinity;2645.42;93.4847;47.1537;1.2862;1.1463;45.4302;-109.4336;352.3320;352.7275;204.5672;293.0706;359.9714;1.9213;LeftFalse_RightFalse;LeftFalse_RightFalse;HandLeft_(0.3, -0.7, -0.3)_(0.7, 0.5, -0.5, 0.0)_1.046027_System.String[];HandLeft_(-0.7, -0.3, -0.2)_(0.7, 0.4, -0.5, 0.2)_1.005502_System.String[];HandRight_(0.5, -0.7, -0.3)_(0.0, -0.7, -0.4, 0.6)_1.046027_System.String[];HandRight_(-0.5, -0.2, -0.1)_(-0.2, -0.7, -0.3, 0.6)_1.005502_System.String[];5.9441;-0.0051;-0.0109;93.0656;46.9391;0.8620;1.1331;45.6307;-110.0441;355.5579;346.4355;195.0793;305.2852;3.0791;358.2263
0.8291;0.6618;False;False;93.0677;47.1253;-0.0145;-0.0408;45.4528;-109.7167;359.8309;359.9737;204.5092;305.7390;359.9753;0.2806;-3.7522;-0.0005;-0.0098;-5.1184;2.6779;-2.3261;191672;71.89799;Infinity;2645.46;93.3893;46.9990;1.2862;1.1460;45.2198;-109.3233;352.3311;352.7195;204.5246;293.0356;359.9741;1.9228;LeftFalse_RightFalse;LeftFalse_RightFalse;HandLeft_(0.3, -0.7, -0.3)_(0.7, 0.5, -0.5, 0.0)_1.046027_System.String[];HandLeft_(-0.7, -0.3, -0.2)_(0.7, 0.4, -0.5, 0.2)_1.005502_System.String[];HandRight_(0.5, -0.7, -0.3)_(0.0, -0.7, -0.4, 0.6)_1.046027_System.String[];HandRight_(-0.5, -0.2, -0.1)_(-0.1, -0.7, -0.3, 0.6)_1.005502_System.String[];5.9856;-0.0018;-0.0109;92.9702;46.7845;0.8620;1.1327;45.4196;-109.9345;355.5963;346.4212;195.1297;305.1247;3.1325;358.3256
0.8288;0.6624;False;False;92.9701;46.9680;-0.0145;-0.0412;45.2382;-109.6044;359.8302;359.9656;204.4812;305.7036;359.9789;0.2816;-3.7932;-0.0005;-0.0087;-5.1776;2.7038;-2.3549;191675;71.86476;Infinity;2645.50;93.2924;46.8422;1.2862;1.1457;45.0062;-109.2117;352.3304;352.7116;204.4923;292.9999;359.9774;1.9254;LeftFalse_RightFalse;LeftFalse_RightFalse;HandLeft_(0.3, -0.7, -0.3)_(0.8, 0.5, -0.5, 0.0)_1.046027_System.String[];HandLeft_(-0.7, -0.3, -0.2)_(0.7, 0.4, -0.5, 0.2)_1.005502_System.String[];HandRight_(0.5, -0.7, -0.3)_(0.0, -0.7, -0.4, 0.6)_1.046027_System.String[];HandRight_(-0.5, -0.2, -0.1)_(-0.2, -0.7, -0.3, 0.6)_1.005502_System.String[];6.0273;0.0012;-0.0109;92.8732;46.6278;0.8620;1.1323;45.2055;-109.8236;355.6346;346.3929;195.1718;304.8918;3.1777;358.4383
0.8286;0.6629;False;False;92.8710;46.8084;-0.0145;-0.0415;45.0204;-109.4907;359.8295;359.9602;204.4645;305.6676;359.9829;0.2828;-3.8340;-0.0005;-0.0077;-5.2363;2.7296;-2.3841;191678;71.72225;Infinity;2645.55;93.1942;46.6836;1.2861;1.1453;44.7901;-109.0989;352.3297;352.7057;204.4713;292.9639;359.9813;1.9279;LeftFalse_RightFalse;LeftFalse_RightFalse;HandLeft_(0.3, -0.7, -0.3)_(0.7, 0.5, -0.5, 0.0)_1.046027_System.String[];HandLeft_(-0.7, -0.3, -0.2)_(0.7, 0.4, -0.5, 0.2)_1.005502_System.String[];HandRight_(0.5, -0.7, -0.3)_(0.0, -0.7, -0.4, 0.6)_1.046027_System.String[];HandRight_(-0.5, -0.2, -0.1)_(-0.1, -0.7, -0.3, 0.6)_1.005502_System.String[];6.0693;0.0032;-0.0109;92.7749;46.4694;0.8619;1.1319;44.9890;-109.7114;355.6838;346.3587;195.2222;304.6512;3.2244;358.4816
0.8285;0.6632;False;False;92.7706;46.6471;-0.0145;-0.0418;44.8001;-109.3760;359.8290;359.9570;204.4586;305.6313;359.9870;0.2836;-3.8747;-0.0004;-0.0076;-5.2946;2.7552;-2.4132;191681;71.70242;Infinity;2645.59;93.0941;46.5221;1.2861;1.1450;44.5700;-108.9843;352.3292;352.7021;204.4614;292.9273;359.9855;1.9299;LeftFalse_RightFalse;LeftFalse_RightFalse;HandLeft_(0.3, -0.7, -0.3)_(0.8, 0.4, -0.5, -0.1)_1.046027_System.String[];HandLeft_(-0.7, -0.3, -0.2)_(0.7, 0.4, -0.5, 0.2)_1.005502_System.String[];HandRight_(0.5, -0.7, -0.3)_(0.0, -0.7, -0.4, 0.6)_1.046027_System.String[];HandRight_(-0.5, -0.2, -0.1)_(-0.1, -0.7, -0.3, 0.6)_1.005502_System.String[];6.1111;0.0044;-0.0109;92.6746;46.3081;0.8620;1.1316;44.7684;-109.5975;355.7585;346.3074;195.2990;304.4374;3.2484;358.4874
0.8284;0.6634;False;False;92.6695;46.4849;-0.0145;-0.0421;44.5784;-109.2607;359.8285;359.9552;204.4614;305.5947;359.9908;0.2839;-3.9153;-0.0004;-0.0077;-5.3529;2.7806;-2.4418;191684;71.8475;Infinity;2645.63;92.9935;46.3603;1.2860;1.1447;44.3492;-108.8696;352.3286;352.7001;204.4610;292.8908;359.9895;1.9306;LeftFalse_RightFalse;LeftFalse_RightFalse;HandLeft_(0.3, -0.7, -0.3)_(0.8, 0.4, -0.5, 0.0)_1.046027_System.String[];HandLeft_(-0.7, -0.3, -0.2)_(0.7, 0.4, -0.5, 0.2)_1.005502_System.String[];HandRight_(0.5, -0.7, -0.3)_(0.0, -0.7, -0.4, 0.6)_1.046027_System.String[];HandRight_(-0.5, -0.2, -0.1)_(-0.1, -0.7, -0.3, 0.6)_1.005502_System.String[];6.1528;0.0046;-0.0109;92.5739;46.1465;0.8620;1.1313;44.5473;-109.4833;355.8496;346.2593;195.3599;304.2942;3.2821;358.5013
0.8283;0.6636;False;False;92.5668;46.3204;-0.0145;-0.0425;44.3534;-109.1439;359.8280;359.9540;204.4702;305.5577;359.9941;0.2851;-3.9559;-0.0004;-0.0079;-5.4111;2.8059;-2.4699;191687;71.77911;Infinity;2645.67;92.8916;46.1966;1.2860;1.1444;44.1257;-108.7537;352.3281;352.6989;204.4676;292.8538;359.9930;1.9318;LeftFalse_RightFalse;LeftFalse_RightFalse;HandLeft_(0.3, -0.7, -0.3)_(0.8, 0.4, -0.5, 0.0)_1.046027_System.String[];HandLeft_(-0.7, -0.3, -0.2)_(0.7, 0.4, -0.5, 0.2)_1.005502_System.String[];HandRight_(0.5, -0.7, -0.3)_(0.0, -0.7, -0.4, 0.6)_1.046027_System.String[];HandRight_(-0.5, -0.2, -0.1)_(-0.1, -0.7, -0.3, 0.6)_1.005502_System.String[];6.1946;0.0046;-0.0109;92.4719;45.9831;0.8617;1.1309;44.3236;-109.3677;355.9269;346.2166;195.4002;304.1956;3.2845;358.5167
0.8286;0.6637;False;False;92.4623;46.1531;-0.0146;-0.0428;44.1246;-109.0253;359.8275;359.9529;204.4831;305.5201;-0.0032;0.2867;-3.9964;-0.0004;-0.0081;-5.4691;2.8310;-2.4978;191690;71.57162;Infinity;2645.71;92.7873;46.0294;1.2859;1.1441;43.8972;-108.6355;352.3277;352.6982;204.4790;292.8161;-0.0041;1.9335;LeftFalse_RightFalse;LeftFalse_RightFalse;HandLeft_(0.3, -0.7, -0.3)_(0.7, 0.4, -0.6, 0.0)_1.046027_System.String[];HandLeft_(-0.7, -0.3, -0.2)_(0.7, 0.4, -0.5, 0.2)_1.005502_System.String[];HandRight_(0.5, -0.7, -0.3)_(0.0, -0.7, -0.4, 0.6)_1.046027_System.String[];HandRight_(-0.5, -0.2, -0.1)_(-0.1, -0.7, -0.3, 0.6)_1.005502_System.String[];6.2368;0.0046;-0.0109;92.3677;45.8163;0.8614;1.1306;44.0951;-109.2498;356.0356;346.1916;195.4025;304.1258;3.2443;358.5230
0.8285;0.6649;False;False;92.3567;45.9844;-0.0146;-0.0432;43.8936;-108.9059;359.8271;359.9511;204.4987;305.4821;-0.0009;0.2867;-4.0367;-0.0003;-0.0082;-5.5268;2.8560;-2.5256;191693;71.56386;Infinity;2645.76;92.6820;45.8607;1.2859;1.1438;43.6667;-108.5164;352.3272;352.6972;204.4935;292.7780;-0.0016;1.9350;LeftFalse_RightFalse;LeftFalse_RightFalse;HandLeft_(0.3, -0.7, -0.3)_(0.6, 0.4, -0.7, 0.0)_1.046027_System.String[];HandLeft_(-0.7, -0.3, -0.2)_(0.7, 0.4, -0.5, 0.2)_1.005502_System.String[];HandRight_(0.5, -0.7, -0.3)_(0.0, -0.7, -0.4, 0.6)_1.046027_System.String[];HandRight_(-0.5, -0.3, -0.1)_(-0.2, -0.7, -0.3, 0.6)_1.005502_System.String[];6.2788;0.0046;-0.0109;92.2623;45.6479;0.8613;1.1302;43.8646;-109.1309;356.0863;346.1738;195.3896;304.0965;3.1405;358.5066
0.8284;0.6657;False;False;92.2508;45.8151;-0.0146;-0.0435;43.6618;-108.7862;359.8267;359.9465;204.5158;305.4441;0.0010;0.2859;-4.0769;-0.0003;-0.0074;-5.5842;2.8808;-2.5533;191696;71.77419;Infinity;2645.80;92.5763;45.6918;1.2859;1.1435;43.4355;-108.3972;352.3268;352.6934;204.5099;292.7401;0.0004;1.9346;LeftFalse_RightFalse;LeftFalse_RightFalse;HandLeft_(0.3, -0.7, -0.3)_(0.5, 0.4, -0.8, 0.0)_1.046027_System.String[];HandLeft_(-0.7, -0.3, -0.2)_(0.7, 0.4, -0.5, 0.2)_1.005502_System.String[];HandRight_(0.5, -0.7, -0.3)_(0.0, -0.7, -0.4, 0.6)_1.046027_System.String[];HandRight_(-0.5, -0.3, -0.1)_(-0.1, -0.7, -0.3, 0.6)_1.005502_System.String[];6.3203;0.0046;-0.0109;92.1567;45.4794;0.8612;1.1299;43.6335;-109.0119;356.0429;346.1656;195.4177;304.1109;3.0270;358.4767
0.8283;0.6663;False;False;92.1436;45.6440;-0.0146;-0.0437;43.4275;-108.6655;359.8262;359.9401;204.5341;305.4056;0.0026;0.2852;-4.1170;-0.0003;-0.0051;-5.6413;2.9054;-2.5811;191699;71.88505;Infinity;2645.84;92.4695;45.5211;1.2859;1.1432;43.2020;-108.2770;352.3264;352.6874;204.5277;292.7017;0.0021;1.9352;LeftFalse_RightFalse;LeftFalse_RightFalse;HandLeft_(0.3, -0.7, -0.3)_(0.6, 0.4, -0.7, 0.0)_1.046027_System.String[];HandLeft_(-0.7, -0.3, -0.2)_(0.7, 0.4, -0.5, 0.2)_1.005502_System.String[];HandRight_(0.5, -0.7, -0.3)_(0.0, -0.7, -0.4, 0.6)_1.046027_System.String[];HandRight_(-0.5, -0.3, -0.1)_(-0.2, -0.7, -0.3, 0.6)_1.005502_System.String[];6.3621;0.0046;-0.0109;92.0497;45.3091;0.8611;1.1296;43.3997;-108.8919;356.0036;346.1719;195.4768;304.1346;2.9898;358.4510
0.8275;0.6668;False;False;92.0348;45.4707;-0.0146;-0.0440;43.1899;-108.5432;359.8258;359.9324;204.5534;305.3667;0.0040;0.2846;-4.1572;-0.0003;-0.0058;-5.6981;2.9298;-2.6090;191702;71.79405;Infinity;2645.88;92.3614;45.3487;1.2858;1.1430;42.9658;-108.1557;352.3260;352.6801;204.5464;292.6629;0.0036;1.9363;LeftFalse_RightFalse;LeftFalse_RightFalse;HandLeft_(0.3, -0.7, -0.3)_(0.6, 0.4, -0.7, 0.0)_1.046027_System.String[];HandLeft_(-0.7, -0.3, -0.2)_(0.7, 0.4, -0.5, 0.2)_1.005502_System.String[];HandRight_(0.5, -0.7, -0.3)_(0.0, -0.7, -0.4, 0.6)_1.046027_System.String[];HandRight_(-0.5, -0.3, -0.1)_(-0.2, -0.7, -0.3, 0.6)_1.005502_System.String[];6.4038;0.0046;-0.0109;91.9416;45.1371;0.8611;1.1294;43.1634;-108.7707;356.0078;346.1534;195.5477;304.1345;2.9973;358.4335
0.8266;0.6671;False;False;91.9251;45.2960;-0.0146;-0.0442;42.9505;-108.4202;359.8254;359.9254;204.5732;305.3276;0.0053;0.2842;-4.2171;-0.0003;-0.0054;-5.7825;2.9660;-2.6506;191705;71.85892;Infinity;2645.92;92.2518;45.1740;1.2858;1.1428;42.7266;-108.0330;352.3256;352.6728;204.5659;292.6236;0.0050;1.9378;LeftFalse_RightFalse;LeftFalse_RightFalse;HandLeft_(0.3, -0.7, -0.3)_(0.6, 0.4, -0.7, 0.0)_1.046027_System.String[];HandLeft_(-0.7, -0.3, -0.2)_(0.7, 0.4, -0.5, 0.2)_1.005502_System.String[];HandRight_(0.5, -0.7, -0.3)_(0.0, -0.7, -0.4, 0.6)_1.046027_System.String[];HandRight_(-0.5, -0.3, -0.1)_(-0.1, -0.7, -0.3, 0.6)_1.005502_System.String[];6.4456;0.0046;-0.0110;91.8320;44.9628;0.8611;1.1292;42.9242;-108.6482;356.0194;346.0902;195.5981;304.0897;3.0111;358.3954
0.8260;0.6673;False;False;91.8132;45.1179;-0.0146;-0.0445;42.7064;-108.2951;359.8251;359.9211;204.5937;305.2876;0.0065;0.2855;-4.2570;-0.0003;-0.0049;-5.8383;2.9897;-2.6783;191708;71.57453;Infinity;2645.96;92.1404;44.9968;1.2858;1.1426;42.4838;-107.9087;352.3252;352.6678;204.5860;292.5837;0.0062;1.9393;LeftFalse_RightFalse;LeftFalse_RightFalse;HandLeft_(0.3, -0.7, -0.3)_(0.6, 0.4, -0.7, 0.0)_1.046027_System.String[];HandLeft_(-0.7, -0.3, -0.2)_(0.7, 0.4, -0.5, 0.2)_1.005502_System.String[];HandRight_(0.5, -0.7, -0.3)_(0.0, -0.7, -0.4, 0.6)_1.046027_System.String[];HandRight_(-0.5, -0.3, -0.1)_(-0.1, -0.7, -0.3, 0.6)_1.005502_System.String[];6.4875;0.0046;-0.0115;91.7206;44.7858;0.8611;1.1290;42.6814;-108.5240;356.0392;346.0466;195.5988;304.0375;3.0194;358.3556
0.8255;0.6675;False;False;91.7012;44.9400;-0.0147;-0.0447;42.4623;-108.1702;359.8247;359.9184;204.6143;305.2471;0.0075;0.2868;-4.2970;-0.0003;-0.0050;-5.8936;3.0128;-2.7059;191711;71.78626;Infinity;2646.01;92.0284;44.8185;1.2858;1.1425;42.2396;-107.7838;352.3249;352.6650;204.6065;292.5432;0.0073;1.9414;LeftFalse_RightFalse;LeftFalse_RightFalse;HandLeft_(0.3, -0.7, -0.3)_(0.6, 0.4, -0.7, 0.0)_1.046027_System.String[];HandLeft_(-0.7, -0.3, -0.2)_(0.7, 0.4, -0.5, 0.2)_1.005502_System.String[];HandRight_(0.5, -0.7, -0.3)_(0.0, -0.7, -0.4, 0.6)_1.046027_System.String[];HandRight_(-0.5, -0.3, -0.1)_(-0.1, -0.7, -0.3, 0.6)_1.005502_System.String[];6.5293;0.0046;-0.0125;91.6086;44.6078;0.8611;1.1289;42.4373;-108.3992;356.0496;346.0355;195.5704;304.0125;3.0166;358.3259
0.8251;0.6676;False;False;91.5878;44.7599;-0.0147;-0.0449;42.2154;-108.0440;359.8244;359.9170;204.6354;305.2040;0.0085;0.2873;-4.3376;-0.0003;-0.0055;-5.9486;3.0350;-2.7335;191714;71.82127;Infinity;2646.05;91.9155;44.6391;1.2858;1.1423;41.9938;-107.6584;352.3246;352.6635;204.6272;292.5011;0.0082;1.9424;LeftFalse_RightFalse;LeftFalse_RightFalse;HandLeft_(0.3, -0.7, -0.3)_(0.6, 0.4, -0.7, 0.0)_1.046027_System.String[];HandLeft_(-0.7, -0.3, -0.2)_(0.7, 0.4, -0.5, 0.2)_1.005502_System.String[];HandRight_(0.5, -0.7, -0.3)_(0.0, -0.7, -0.4, 0.6)_1.046027_System.String[];HandRight_(-0.5, -0.3, -0.1)_(-0.1, -0.7, -0.3, 0.6)_1.005502_System.String[];6.5710;0.0048;-0.0144;91.4961;44.4286;0.8611;1.1287;42.1915;-108.2739;356.0207;346.0246;195.5605;304.0010;3.0178;358.3151
0.8249;0.6673;False;False;91.4723;44.5767;-0.0147;-0.0451;41.9642;-107.9160;359.8241;359.9159;204.6570;305.1567;0.0093;0.2880;-4.3784;-0.0003;-0.0058;-6.0032;3.0564;-2.7611;191717;71.58939;Infinity;2646.09;91.8005;44.4565;1.2857;1.1420;41.7437;-107.5311;352.3242;352.6624;204.6486;292.4553;0.0091;1.9434;LeftFalse_RightFalse;LeftFalse_RightFalse;HandLeft_(0.3, -0.7, -0.3)_(0.6, 0.4, -0.7, 0.0)_1.046027_System.String[];HandLeft_(-0.7, -0.3, -0.2)_(0.7, 0.4, -0.5, 0.2)_1.005502_System.String[];HandRight_(0.5, -0.7, -0.3)_(0.0, -0.7, -0.4, 0.6)_1.046027_System.String[];HandRight_(-0.5, -0.2, -0.1)_(-0.1, -0.7, -0.3, 0.6)_1.005502_System.String[];6.6130;0.0048;-0.0165;91.3814;44.2464;0.8611;1.1285;41.9414;-108.1467;356.0041;346.0081;195.5936;303.9656;3.0250;358.3156
0.8247;0.6664;False;False;91.3558;44.3920;-0.0147;-0.0454;41.7110;-107.7872;359.8238;359.9150;204.6790;305.1038;0.0101;0.2879;-4.4197;-0.0003;-0.0063;-6.0576;3.0766;-2.7887;191720;71.51684;Infinity;2646.13;91.6843;44.2720;1.2857;1.1418;41.4911;-107.4027;352.3239;352.6617;204.6703;292.4044;0.0100;1.9440;LeftFalse_RightFalse;LeftFalse_RightFalse;HandLeft_(0.3, -0.7, -0.3)_(0.6, 0.4, -0.7, 0.0)_1.046027_System.String[];HandLeft_(-0.7, -0.3, -0.2)_(0.7, 0.4, -0.5, 0.2)_1.005502_System.String[];HandRight_(0.5, -0.7, -0.3)_(0.0, -0.7, -0.4, 0.6)_1.046027_System.String[];HandRight_(-0.5, -0.2, -0.1)_(-0.1, -0.7, -0.3, 0.6)_1.005502_System.String[];6.6550;0.0048;-0.0188;91.2654;44.0623;0.8611;1.1282;41.6889;-108.0185;355.9901;345.9853;195.6592;303.9032;3.0300;358.3048
0.8246;0.6658;False;False;91.2389;44.2069;-0.0147;-0.0456;41.4574;-107.6586;359.8235;359.9132;204.7012;305.0440;0.0108;0.2853;-4.4612;-0.0003;-0.0062;-6.1116;3.0960;-2.8161;191723;71.75067;Infinity;2646.17;91.5674;44.0866;1.2857;1.1415;41.2375;-107.2742;352.3236;352.6602;204.6924;292.3473;0.0107;1.9430;LeftFalse_RightFalse;LeftFalse_RightFalse;HandLeft_(0.3, -0.7, -0.3)_(0.6, 0.4, -0.7, 0.0)_1.046027_System.String[];HandLeft_(-0.7, -0.3, -0.2)_(0.7, 0.4, -0.5, 0.2)_1.005502_System.String[];HandRight_(0.5, -0.7, -0.3)_(0.0, -0.7, -0.4, 0.6)_1.046027_System.String[];HandRight_(-0.5, -0.2, -0.1)_(-0.1, -0.7, -0.3, 0.6)_1.005502_System.String[];6.6968;0.0048;-0.0210;91.1487;43.8775;0.8611;1.1280;41.4354;-107.8902;355.9684;345.9564;195.7078;303.8462;3.0532;358.2562
0.8245;0.6653;False;False;91.1209;44.0200;-0.0147;-0.0459;41.2014;-107.5291;359.8232;359.9088;204.7238;304.9765;0.0115;0.2815;-4.5025;-0.0003;-0.0053;-6.1652;3.1147;-2.8435;191726;71.87022;Infinity;2646.21;91.4497;43.8999;1.2857;1.1413;40.9822;-107.1452;352.3234;352.6558;204.7147;292.2827;0.0114;1.9396;LeftFalse_RightFalse;LeftFalse_RightFalse;HandLeft_(0.3, -0.7, -0.3)_(0.6, 0.4, -0.7, 0.0)_1.046027_System.String[];HandLeft_(-0.7, -0.3, -0.2)_(0.7, 0.4, -0.6, 0.2)_1.005502_System.String[];HandRight_(0.5, -0.7, -0.3)_(0.0, -0.7, -0.4, 0.6)_1.046027_System.String[];HandRight_(-0.5, -0.2, -0.2)_(-0.1, -0.7, -0.3, 0.6)_1.005502_System.String[];6.7383;0.0048;-0.0227;91.0312;43.6915;0.8610;1.1280;41.1802;-107.7614;355.9601;345.9148;195.7268;303.8075;3.0776;358.1898
0.8244;0.6650;False;False;91.0017;43.8313;-0.0147;-0.0461;40.9431;-107.3989;359.8230;359.9027;204.7465;304.9016;0.0121;0.2779;-4.5439;-0.0003;-0.0049;-6.2186;3.1328;-2.8708;191729;71.93573;Infinity;2646.26;91.3308;43.7113;1.2857;1.1411;40.7245;-107.0155;352.3231;352.6494;204.7374;292.2104;0.0120;1.9374;LeftFalse_RightFalse;LeftFalse_RightFalse;HandLeft_(0.3, -0.7, -0.3)_(0.6, 0.4, -0.7, 0.0)_1.046027_System.String[];HandLeft_(-0.7, -0.3, -0.2)_(0.7, 0.4, -0.5, 0.2)_1.005502_System.String[];HandRight_(0.5, -0.7, -0.3)_(0.0, -0.7, -0.4, 0.6)_1.046027_System.String[];HandRight_(-0.5, -0.2, -0.1)_(-0.1, -0.7, -0.3, 0.6)_1.005502_System.String[];6.7800;0.0048;-0.0238;90.9126;43.5038;0.8610;1.1281;40.9226;-107.6323;355.9689;345.8903;195.7431;303.7667;3.0797;358.1311
0.8243;0.6647;False;False;90.8804;43.6392;-0.0147;-0.0463;40.6804;-107.2668;359.8227;359.8961;204.7698;304.8192;0.0126;0.2742;-4.5852;-0.0003;-0.0046;-6.2717;3.1505;-2.8981;191732;71.7445;Infinity;2646.30;91.2097;43.5193;1.2857;1.1409;40.4624;-106.8839;352.3228;352.6421;204.7604;292.1303;0.0125;1.9354;LeftFalse_RightFalse;LeftFalse_RightFalse;HandLeft_(0.3, -0.7, -0.3)_(0.6, 0.4, -0.7, 0.0)_1.046027_System.String[];HandLeft_(-0.7, -0.3, -0.2)_(0.7, 0.4, -0.6, 0.2)_1.005502_System.String[];HandRight_(0.5, -0.7, -0.3)_(0.0, -0.7, -0.4, 0.6)_1.046027_System.String[];HandRight_(-0.5, -0.2, -0.1)_(-0.1, -0.7, -0.3, 0.6)_1.005502_System.String[];6.8220;0.0048;-0.0244;90.7918;43.3128;0.8610;1.1281;40.6605;-107.5014;355.9807;345.8549;195.7663;303.6962;3.1085;358.0933
0.8243;0.6645;False;False;90.7583;43.4461;-0.0148;-0.0464;40.4165;-107.1345;359.8224;359.8921;204.7931;304.7317;0.0131;0.2723;-4.6466;-0.0003;-0.0029;-6.3508;3.1766;-2.9389;191735;71.70457;Infinity;2646.34;91.0882;43.3269;1.2857;1.1408;40.1998;-106.7525;352.3225;352.6367;204.7836;292.0449;0.0130;1.9337;LeftFalse_RightFalse;LeftFalse_RightFalse;HandLeft_(0.3, -0.7, -0.3)_(0.6, 0.4, -0.7, 0.0)_1.046027_System.String[];HandLeft_(-0.7, -0.3, -0.2)_(0.7, 0.4, -0.6, 0.3)_1.005502_System.String[];HandRight_(0.5, -0.7, -0.3)_(0.0, -0.7, -0.4, 0.6)_1.046027_System.String[];HandRight_(-0.5, -0.2, -0.2)_(-0.1, -0.7, -0.3, 0.6)_1.005502_System.String[];6.8638;0.0048;-0.0245;90.6707;43.1213;0.8610;1.1280;40.3980;-107.3709;356.0140;345.8080;195.7726;303.5894;3.1585;358.0908
0.8243;0.6659;False;False;90.6355;43.2520;-0.0148;-0.0465;40.1512;-107.0019;359.8221;359.8897;204.8166;304.6405;0.0135;0.2715;-4.6873;-0.0003;-0.0027;-6.4031;3.1939;-2.9660;191738;71.84673;Infinity;2646.38;90.9654;43.1322;1.2856;1.1407;39.9345;-106.6201;352.3222;352.6337;204.8070;291.9547;0.0135;1.9333;LeftFalse_RightFalse;LeftFalse_RightFalse;HandLeft_(0.3, -0.7, -0.3)_(0.6, 0.4, -0.7, 0.0)_1.046027_System.String[];HandLeft_(-0.7, -0.3, -0.2)_(0.7, 0.4, -0.6, 0.3)_1.005502_System.String[];HandRight_(0.5, -0.7, -0.3)_(0.0, -0.7, -0.4, 0.6)_1.046027_System.String[];HandRight_(-0.5, -0.2, -0.2)_(-0.1, -0.7, -0.3, 0.6)_1.005502_System.String[];6.9055;0.0048;-0.0245;90.5483;42.9275;0.8610;1.1280;40.1326;-107.2393;356.0479;345.7908;195.7349;303.4677;3.2216;358.1187
0.8243;0.6675;False;False;90.5104;43.0542;-0.0148;-0.0467;39.8811;-106.8673;359.8217;359.8888;204.8405;304.5457;0.0139;0.2708;-4.7282;-0.0003;-0.0031;-6.4551;3.2112;-2.9931;191741;71.56816;Infinity;2646.42;90.8409;42.9349;1.2856;1.1406;39.6658;-106.4864;352.3219;352.6322;204.8307;291.8610;0.0139;1.9328;LeftFalse_RightFalse;LeftFalse_RightFalse;HandLeft_(0.3, -0.7, -0.3)_(0.6, 0.4, -0.7, 0.0)_1.046027_System.String[];HandLeft_(-0.7, -0.3, -0.2)_(0.7, 0.4, -0.6, 0.3)_1.005502_System.String[];HandRight_(0.5, -0.7, -0.3)_(0.0, -0.7, -0.4, 0.6)_1.046027_System.String[];HandRight_(-0.5, -0.2, -0.2)_(-0.1, -0.7, -0.3, 0.6)_1.005502_System.String[];6.9475;0.0048;-0.0245;90.4242;42.7310;0.8610;1.1279;39.8639;-107.1065;356.0834;345.7985;195.6767;303.3436;3.2697;358.1879
0.8242;0.6687;False;False;90.3838;42.8543;-0.0148;-0.0468;39.6083;-106.7317;359.8214;359.8883;204.8647;304.4487;0.0143;0.2709;-4.7692;-0.0003;-0.0034;-6.5069;3.2283;-3.0201;191744;71.39984;Infinity;2646.47;90.7147;42.7351;1.2856;1.1404;39.3938;-106.3515;352.3216;352.6316;204.8548;291.7648;0.0143;1.9329;LeftFalse_RightFalse;LeftFalse_RightFalse;HandLeft_(0.3, -0.7, -0.3)_(0.6, 0.4, -0.7, 0.0)_1.046027_System.String[];HandLeft_(-0.7, -0.3, -0.2)_(0.7, 0.4, -0.6, 0.3)_1.005502_System.String[];HandRight_(0.5, -0.7, -0.3)_(0.0, -0.7, -0.4, 0.6)_1.046027_System.String[];HandRight_(-0.5, -0.2, -0.2)_(-0.1, -0.7, -0.3, 0.6)_1.005502_System.String[];6.9897;0.0048;-0.0245;90.2983;42.5321;0.8610;1.1278;39.5920;-106.9724;356.1245;345.8079;195.6442;303.2389;3.2743;358.2555
0.8238;0.6695;False;False;90.2568;42.6538;-0.0148;-0.0469;39.3347;-106.5961;359.8211;359.8880;204.8890;304.3508;0.0146;0.2713;-4.8102;-0.0003;-0.0039;-6.5583;3.2451;-3.0470;191747;71.50063;Infinity;2646.51;90.5878;42.5342;1.2856;1.1403;39.1207;-106.2163;352.3213;352.6314;204.8789;291.6672;0.0147;1.9334;LeftFalse_RightFalse;LeftFalse_RightFalse;HandLeft_(0.3, -0.7, -0.3)_(0.6, 0.4, -0.7, 0.0)_1.046027_System.String[];HandLeft_(-0.7, -0.3, -0.2)_(0.7, 0.4, -0.5, 0.2)_1.005502_System.String[];HandRight_(0.5, -0.7, -0.3)_(0.0, -0.7, -0.4, 0.6)_1.046027_System.String[];HandRight_(-0.5, -0.2, -0.2)_(-0.1, -0.7, -0.3, 0.6)_1.005502_System.String[];7.0317;0.0048;-0.0245;90.1717;42.3322;0.8610;1.1276;39.3190;-106.8380;356.1613;345.7939;195.6552;303.1342;3.2578;358.3144
0.8229;0.6702;False;False;90.1280;42.4505;-0.0148;-0.0471;39.0577;-106.4592;359.8208;359.8860;204.9135;304.2511;0.0150;0.2692;-4.8512;-0.0003;-0.0029;-6.6094;3.2618;-3.0738;191750;71.38979;Infinity;2646.55;90.4595;42.3311;1.2856;1.1401;38.8446;-106.0801;352.3210;352.6301;204.9034;291.5681;0.0150;1.9323;LeftFalse_RightFalse;LeftFalse_RightFalse;HandLeft_(0.3, -0.7, -0.3)_(0.6, 0.4, -0.7, 0.0)_1.046027_System.String[];HandLeft_(-0.7, -0.3, -0.2)_(0.7, 0.4, -0.5, 0.2)_1.005502_System.String[];HandRight_(0.5, -0.7, -0.3)_(0.0, -0.7, -0.4, 0.6)_1.046027_System.String[];HandRight_(-0.5, -0.2, -0.2)_(-0.1, -0.7, -0.3, 0.6)_1.005502_System.String[];7.0737;0.0048;-0.0245;90.0435;42.1300;0.8610;1.1275;39.0430;-106.7027;356.2214;345.7450;195.7068;303.0550;3.2345;358.3692
0.8222;0.6717;False;False;89.9993;42.2474;-0.0148;-0.0472;38.7812;-106.3229;359.8206;359.8813;204.9381;304.1512;0.0153;0.2674;-4.8921;-0.0003;-0.0025;-6.6601;3.2781;-3.1005;191753;71.68824;Infinity;2646.59;90.3306;42.1273;1.2856;1.1400;38.5677;-105.9440;352.3206;352.6257;204.9279;291.4684;0.0153;1.9313;LeftFalse_RightFalse;LeftFalse_RightFalse;HandLeft_(0.3, -0.7, -0.3)_(0.6, 0.4, -0.7, 0.0)_1.046027_System.String[];HandLeft_(-0.7, -0.3, -0.2)_(0.7, 0.4, -0.5, 0.2)_1.005502_System.String[];HandRight_(0.5, -0.7, -0.3)_(0.0, -0.7, -0.4, 0.6)_1.046027_System.String[];HandRight_(-0.5, -0.2, -0.1)_(-0.1, -0.7, -0.3, 0.6)_1.005502_System.String[];7.1155;0.0048;-0.0245;89.9148;41.9271;0.8609;1.1274;38.7664;-106.5672;356.2841;345.7035;195.7720;302.9795;3.2073;358.4091
0.8217;0.6728;False;False;89.8690;42.0418;-0.0148;-0.0473;38.5015;-106.1855;359.8203;359.8751;204.9629;304.0501;0.0156;0.2658;-4.9331;-0.0003;-0.0024;-6.7103;3.2941;-3.1272;191756;71.68584;Infinity;2646.63;90.2010;41.9222;1.2856;1.1400;38.2894;-105.8075;352.3204;352.6198;204.9525;291.3679;0.0157;1.9309;LeftFalse_RightFalse;LeftFalse_RightFalse;HandLeft_(0.3, -0.7, -0.3)_(0.6, 0.4, -0.7, 0.0)_1.046027_System.String[];HandLeft_(-0.7, -0.3, -0.2)_(0.7, 0.4, -0.5, 0.2)_1.005502_System.String[];HandRight_(0.5, -0.7, -0.3)_(0.0, -0.7, -0.4, 0.6)_1.046027_System.String[];HandRight_(-0.5, -0.2, -0.1)_(-0.1, -0.7, -0.3, 0.6)_1.005502_System.String[];7.1572;0.0048;-0.0245;89.7852;41.7231;0.8606;1.1273;38.4881;-106.4312;356.3517;345.6733;195.8432;302.8954;3.1263;358.4455
0.8213;0.6740;False;False;89.7369;41.8334;-0.0149;-0.0474;38.2182;-106.0466;359.8200;359.8691;204.9880;303.9475;0.0159;0.2648;-4.9742;-0.0003;-0.0022;-6.7602;3.3098;-3.1537;191759;71.522;Infinity;2646.68;90.0692;41.7139;1.2855;1.1399;38.0070;-105.6694;352.3201;352.6133;204.9775;291.2656;0.0160;1.9316;LeftFalse_RightFalse;LeftFalse_RightFalse;HandLeft_(0.3, -0.7, -0.3)_(0.6, 0.4, -0.7, 0.0)_1.046027_System.String[];HandLeft_(-0.7, -0.3, -0.2)_(0.7, 0.4, -0.5, 0.2)_1.005502_System.String[];HandRight_(0.5, -0.7, -0.3)_(0.0, -0.7, -0.4, 0.6)_1.046027_System.String[];HandRight_(-0.5, -0.2, -0.1)_(-0.1, -0.7, -0.3, 0.6)_1.005502_System.String[];7.1992;0.0048;-0.0245;89.6534;41.5159;0.8604;1.1272;38.2055;-106.2936;356.4113;345.6668;195.9308;302.7871;3.0207;358.4836
0.8210;0.6755;False;False;89.6038;41.6234;-0.0149;-0.0475;37.9329;-105.9072;359.8198;359.8657;205.0133;303.8442;0.0162;0.2650;-5.0153;-0.0003;-0.0009;-6.8098;3.3252;-3.1801;191762;71.48829;Infinity;2646.72;89.9362;41.5036;1.2855;1.1399;37.7220;-105.5304;352.3199;352.6090;205.0027;291.1624;0.0163;1.9318;LeftFalse_RightFalse;LeftFalse_RightFalse;HandLeft_(0.3, -0.7, -0.3)_(0.6, 0.4, -0.7, 0.0)_1.046027_System.String[];HandLeft_(-0.7, -0.3, -0.2)_(0.7, 0.4, -0.5, 0.2)_1.005502_System.String[];HandRight_(0.5, -0.7, -0.3)_(0.0, -0.7, -0.4, 0.6)_1.046027_System.String[];HandRight_(-0.5, -0.2, -0.1)_(-0.1, -0.7, -0.3, 0.6)_1.005502_System.String[];7.2412;0.0048;-0.0245;89.5203;41.3062;0.8603;1.1272;37.9205;-106.1552;356.4486;345.7231;196.0340;302.6487;2.9158;358.5470
0.8208;0.6752;False;False;89.4702;41.4127;-0.0149;-0.0475;37.6471;-105.7678;359.8196;359.8641;205.0387;303.7408;0.0165;0.2654;-5.0565;-0.0003;-0.0008;-6.8591;3.3404;-3.2065;191765;71.6734;Infinity;2646.76;89.8025;41.2922;1.2855;1.1398;37.4359;-105.3913;352.3196;352.6070;205.0281;291.0587;0.0166;1.9330;LeftFalse_RightFalse;LeftFalse_RightFalse;HandLeft_(0.3, -0.7, -0.3)_(0.6, 0.4, -0.7, 0.0)_1.046027_System.String[];HandLeft_(-0.7, -0.3, -0.2)_(0.7, 0.4, -0.5, 0.2)_1.005502_System.String[];HandRight_(0.5, -0.7, -0.3)_(0.0, -0.7, -0.4, 0.6)_1.046027_System.String[];HandRight_(-0.5, -0.2, -0.1)_(-0.1, -0.7, -0.3, 0.6)_1.005502_System.String[];7.2830;0.0048;-0.0245;89.3863;41.0955;0.8602;1.1272;37.6346;-106.0167;356.4888;345.8100;196.1581;302.5055;2.8129;358.6068
0.8207;0.6753;False;False;89.3357;41.2006;-0.0149;-0.0475;37.3595;-105.6281;359.8194;359.8637;205.0642;303.6367;0.0168;0.2661;-5.1182;-0.0003;-0.0013;-6.9323;3.3627;-3.2459;191768;71.79868;Infinity;2646.80;89.6683;41.0800;1.2855;1.1398;37.1492;-105.2522;352.3194;352.6064;205.0535;290.9549;0.0169;1.9334;LeftFalse_RightFalse;LeftFalse_RightFalse;HandLeft_(0.3, -0.7, -0.3)_(0.6, 0.4, -0.7, 0.0)_1.046027_System.String[];HandLeft_(-0.7, -0.3, -0.2)_(0.7, 0.4, -0.5, 0.2)_1.005502_System.String[];HandRight_(0.5, -0.7, -0.3)_(0.0, -0.7, -0.4, 0.6)_1.046027_System.String[];HandRight_(-0.5, -0.2, -0.1)_(-0.1, -0.7, -0.3, 0.6)_1.005502_System.String[];7.3247;0.0048;-0.0245;89.2520;40.8842;0.8601;1.1272;37.3480;-105.8781;356.5262;345.9006;196.2852;302.3648;2.7287;358.6646
0.8195;0.6754;False;False;89.2000;40.9867;-0.0149;-0.0476;37.0700;-105.4877;359.8192;359.8637;205.0899;303.5319;0.0171;0.2673;-5.1593;-0.0003;-0.0016;-6.9807;3.3772;-3.2720;191771;71.89169;Infinity;2646.84;89.5328;40.8659;1.2855;1.1398;36.8600;-105.1123;352.3192;352.6065;205.0791;290.8502;0.0171;1.9344;LeftFalse_RightFalse;LeftFalse_RightFalse;HandLeft_(0.3, -0.7, -0.3)_(0.6, 0.4, -0.7, 0.0)_1.046027_System.String[];HandLeft_(-0.7, -0.3, -0.2)_(0.7, 0.4, -0.5, 0.2)_1.005502_System.String[];HandRight_(0.5, -0.7, -0.3)_(0.0, -0.7, -0.4, 0.6)_1.046027_System.String[];HandRight_(-0.5, -0.2, -0.1)_(-0.1, -0.7, -0.3, 0.6)_1.005502_System.String[];7.3665;0.0048;-0.0245;89.1164;40.6707;0.8601;1.1272;37.0590;-105.7385;356.5750;345.9975;196.4087;302.2352;2.6485;358.7034
0.8187;0.6763;False;False;89.0633;40.7710;-0.0149;-0.0477;36.7783;-105.3467;359.8189;359.8628;205.1158;303.4263;0.0174;0.2666;-5.2003;-0.0003;-0.0009;-7.0287;3.3914;-3.2980;191774;71.92379;Infinity;2646.88;89.3963;40.6499;1.2855;1.1397;36.5688;-104.9719;352.3190;352.6064;205.1049;290.7448;0.0174;1.9349;LeftFalse_RightFalse;LeftFalse_RightFalse;HandLeft_(0.3, -0.7, -0.3)_(0.6, 0.4, -0.7, 0.0)_1.046027_System.String[];HandLeft_(-0.7, -0.3, -0.2)_(0.7, 0.4, -0.5, 0.2)_1.005502_System.String[];HandRight_(0.5, -0.7, -0.3)_(0.0, -0.7, -0.4, 0.6)_1.046027_System.String[];HandRight_(-0.5, -0.2, -0.1)_(-0.1, -0.7, -0.3, 0.6)_1.005502_System.String[];7.4082;0.0048;-0.0245;88.9796;40.4556;0.8600;1.1272;36.7681;-105.5984;356.6041;346.0880;196.5248;302.1107;2.5710;358.7238
0.8181;0.6768;False;False;88.9250;40.5530;-0.0149;-0.0477;36.4837;-105.2047;359.8188;359.8589;205.1419;303.3195;0.0176;0.2655;-5.2412;-0.0003;-0.0006;-7.0763;3.4053;-3.3240;191777;71.82536;Infinity;2646.93;89.2587;40.4325;1.2855;1.1397;36.2758;-104.8309;352.3188;352.6031;205.1308;290.6388;0.0177;1.9342;LeftFalse_RightFalse;LeftFalse_RightFalse;HandLeft_(0.3, -0.7, -0.3)_(0.6, 0.4, -0.7, 0.0)_1.046027_System.String[];HandLeft_(-0.7, -0.3, -0.2)_(0.7, 0.4, -0.5, 0.2)_1.005502_System.String[];HandRight_(0.5, -0.7, -0.3)_(0.0, -0.7, -0.4, 0.6)_1.046027_System.String[];HandRight_(-0.5, -0.2, -0.1)_(-0.1, -0.7, -0.3, 0.6)_1.005502_System.String[];7.4500;0.0048;-0.0245;88.8418;40.2392;0.8600;1.1272;36.4754;-105.4578;356.6205;346.1597;196.6379;301.9899;2.5043;358.7258
0.8176;0.6765;False;False;88.7857;40.3334;-0.0149;-0.0477;36.1874;-105.0623;359.8186;359.8534;205.1682;303.2121;0.0179;0.2644;-5.2820;-0.0003;-0.0004;-7.1235;3.4190;-3.3498;191780;71.85702;Infinity;2646.97;89.1193;40.2121;1.2854;1.1397;35.9792;-104.6887;352.3186;352.5980;205.1571;290.5313;0.0180;1.9342;LeftFalse_RightFalse;LeftFalse_RightFalse;HandLeft_(0.3, -0.7, -0.3)_(0.6, 0.4, -0.7, 0.0)_1.046027_System.String[];HandLeft_(-0.7, -0.3, -0.2)_(0.7, 0.4, -0.5, 0.2)_1.005502_System.String[];HandRight_(0.5, -0.7, -0.3)_(0.0, -0.7, -0.4, 0.6)_1.046027_System.String[];HandRight_(-0.5, -0.2, -0.1)_(-0.1, -0.7, -0.3, 0.6)_1.005502_System.String[];7.4917;0.0048;-0.0245;88.7023;40.0198;0.8600;1.1272;36.1790;-105.3159;356.6107;346.2024;196.7381;301.8815;2.4463;358.7170
0.8173;0.6763;False;False;88.6453;40.1119;-0.0150;-0.0477;35.8889;-104.9192;359.8184;359.8484;205.1947;303.1039;0.0182;0.2633;-5.3227;-0.0003;0.0005;-7.1704;3.4322;-3.3755;191783;71.81725;Infinity;2647.01;88.9794;39.9911;1.2854;1.1397;35.6819;-104.5465;352.3185;352.5922;205.1834;290.4236;0.0183;1.9342;LeftFalse_RightFalse;LeftFalse_RightFalse;HandLeft_(0.3, -0.7, -0.3)_(0.6, 0.4, -0.7, 0.0)_1.046027_System.String[];HandLeft_(-0.7, -0.3, -0.2)_(0.7, 0.4, -0.5, 0.2)_1.005502_System.String[];HandRight_(0.5, -0.7, -0.3)_(0.0, -0.7, -0.4, 0.6)_1.046027_System.String[];HandRight_(-0.5, -0.2, -0.1)_(-0.1, -0.7, -0.3, 0.6)_1.005502_System.String[];7.5334;0.0048;-0.0245;88.5624;39.7999;0.8600;1.1272;35.8820;-105.1740;356.5878;346.2211;196.8203;301.7933;2.3904;358.7018
0.8170;0.6762;False;False;88.5029;39.8874;-0.0150;-0.0477;35.5867;-104.7747;359.8182;359.8456;205.2215;302.9944;0.0185;0.2640;-5.3633;-0.0003;0.0012;-7.2169;3.4450;-3.4012;191786;71.61491;Infinity;2647.05;88.8374;39.7666;1.2854;1.1398;35.3805;-104.4027;352.3183;352.5889;205.2101;290.3143;0.0185;1.9351;LeftFalse_RightFalse;LeftFalse_RightFalse;HandLeft_(0.3, -0.7, -0.3)_(0.6, 0.4, -0.7, 0.0)_1.046027_System.String[];HandLeft_(-0.7, -0.3, -0.2)_(0.7, 0.4, -0.5, 0.2)_1.005502_System.String[];HandRight_(0.5, -0.7, -0.3)_(0.0, -0.7, -0.4, 0.6)_1.046027_System.String[];HandRight_(-0.5, -0.2, -0.2)_(-0.1, -0.7, -0.2, 0.6)_1.005502_System.String[];7.5754;0.0048;-0.0245;88.4204;39.5762;0.8600;1.1273;35.5808;-105.0305;356.5695;346.2296;196.8951;301.7105;2.3426;358.6917
0.8169;0.6761;False;False;88.3595;39.6612;-0.0150;-0.0476;35.2826;-104.6298;359.8181;359.8445;205.2485;302.8843;0.0187;0.2650;-5.4037;-0.0003;0.0012;-7.2631;3.4575;-3.4267;191789;71.54644;Infinity;2647.09;88.6941;39.5401;1.2854;1.1398;35.0767;-104.2583;352.3181;352.5875;205.2370;290.2041;0.0188;1.9368;LeftFalse_RightFalse;LeftFalse_RightFalse;HandLeft_(0.3, -0.7, -0.3)_(0.6, 0.4, -0.7, 0.0)_1.046027_System.String[];HandLeft_(-0.7, -0.3, -0.2)_(0.7, 0.4, -0.5, 0.2)_1.005502_System.String[];HandRight_(0.5, -0.7, -0.3)_(0.0, -0.7, -0.4, 0.6)_1.046027_System.String[];HandRight_(-0.5, -0.2, -0.1)_(-0.1, -0.7, -0.2, 0.6)_1.005502_System.String[];7.6174;0.0048;-0.0245;88.2771;39.3506;0.8599;1.1274;35.2772;-104.8863;356.5440;346.2263;196.9749;301.6163;2.2842;358.6773
0.8167;0.6760;False;False;88.2149;39.4331;-0.0150;-0.0476;34.9762;-104.4841;359.8179;359.8444;205.2757;302.7735;0.0190;0.2662;-5.4442;-0.0003;0.0006;-7.3090;3.4697;-3.4522;191792;71.47245;Infinity;2647.14;88.5497;39.3118;1.2854;1.1399;34.7709;-104.1133;352.3180;352.5875;205.2641;290.0934;0.0191;1.9376;LeftFalse_RightFalse;LeftFalse_RightFalse;HandLeft_(0.3, -0.7, -0.3)_(0.6, 0.4, -0.7, 0.0)_1.046027_System.String[];HandLeft_(-0.7, -0.3, -0.2)_(0.7, 0.4, -0.5, 0.2)_1.005502_System.String[];HandRight_(0.5, -0.7, -0.3)_(0.0, -0.7, -0.4, 0.6)_1.046027_System.String[];HandRight_(-0.5, -0.2, -0.1)_(-0.1, -0.7, -0.2, 0.6)_1.005502_System.String[];7.6594;0.0048;-0.0245;88.1328;39.1235;0.8599;1.1275;34.9717;-104.7414;356.5178;346.2094;197.0615;301.5092;2.2267;358.6499
0.8156;0.6759;False;False;88.0692;39.2033;-0.0150;-0.0476;34.6679;-104.3381;359.8177;359.8448;205.3031;302.6619;0.0193;0.2680;-5.4846;-0.0003;0.0003;-7.3545;3.4816;-3.4776;191795;71.45367;Infinity;2647.18;88.4042;39.0816;1.2854;1.1399;34.4630;-103.9677;352.3178;352.5881;205.2914;289.9818;0.0194;1.9392;LeftFalse_RightFalse;LeftFalse_RightFalse;HandLeft_(0.3, -0.7, -0.3)_(0.6, 0.4, -0.7, 0.0)_1.046027_System.String[];HandLeft_(-0.7, -0.3, -0.2)_(0.7, 0.4, -0.5, 0.2)_1.005502_System.String[];HandRight_(0.5, -0.7, -0.3)_(0.0, -0.7, -0.4, 0.6)_1.046027_System.String[];HandRight_(-0.5, -0.2, -0.1)_(-0.1, -0.7, -0.3, 0.6)_1.005502_System.String[];7.7014;0.0048;-0.0245;87.9870;38.8945;0.8599;1.1275;34.6641;-104.5959;356.4941;346.2140;197.1662;301.4079;2.1704;358.6191
0.8147;0.6759;False;False;87.9223;38.9718;-0.0150;-0.0476;34.3577;-104.1915;359.8176;359.8440;205.3306;302.5496;0.0195;0.2666;-5.5249;-0.0003;0.0002;-7.3997;3.4933;-3.5029;191798;71.44409;Infinity;2647.22;88.2576;38.8499;1.2854;1.1399;34.1533;-103.8217;352.3177;352.5879;205.3189;289.8698;0.0196;1.9392;LeftFalse_RightFalse;LeftFalse_RightFalse;HandLeft_(0.3, -0.7, -0.3)_(0.6, 0.4, -0.7, 0.0)_1.046027_System.String[];HandLeft_(-0.7, -0.3, -0.2)_(0.7, 0.4, -0.5, 0.2)_1.005502_System.String[];HandRight_(0.5, -0.7, -0.3)_(0.0, -0.7, -0.4, 0.6)_1.046027_System.String[];HandRight_(-0.5, -0.2, -0.1)_(-0.1, -0.7, -0.3, 0.6)_1.005502_System.String[];7.7434;0.0048;-0.0245;87.8403;38.6640;0.8599;1.1275;34.3547;-104.4501;356.5074;346.2385;197.2760;301.3138;2.1230;358.5945
0.8141;0.6758;False;False;87.7745;38.7386;-0.0150;-0.0475;34.0457;-104.0445;359.8174;359.8402;205.3583;302.4365;0.0198;0.2660;-5.5850;-0.0003;0.0012;-7.4666;3.5101;-3.5407;191801;71.46342;Infinity;2647.26;88.1099;38.6164;1.2853;1.1400;33.8417;-103.6752;352.3175;352.5849;205.3465;289.7570;0.0199;1.9387;LeftFalse_RightFalse;LeftFalse_RightFalse;HandLeft_(0.3, -0.7, -0.3)_(0.6, 0.4, -0.7, 0.0)_1.046027_System.String[];HandLeft_(-0.7, -0.3, -0.2)_(0.7, 0.4, -0.5, 0.2)_1.005502_System.String[];HandRight_(0.5, -0.7, -0.3)_(0.0, -0.7, -0.4, 0.6)_1.046027_System.String[];HandRight_(-0.5, -0.2, -0.1)_(-0.1, -0.7, -0.3, 0.6)_1.005502_System.String[];7.7854;0.0048;-0.0245;87.6926;38.4318;0.8599;1.1276;34.0434;-104.3039;356.5331;346.2728;197.3733;301.2174;2.1006;358.5669
0.8137;0.6758;False;False;87.6253;38.5031;-0.0150;-0.0475;33.7311;-103.8967;359.8173;359.8349;205.3862;302.3225;0.0201;0.2651;-5.6249;-0.0003;0.0019;-7.5108;3.5210;-3.5657;191804;71.41109;Infinity;2647.30;87.9610;38.3810;1.2853;1.1400;33.5278;-103.5281;352.3174;352.5800;205.3743;289.6432;0.0202;1.9392;LeftFalse_RightFalse;LeftFalse_RightFalse;HandLeft_(0.3, -0.7, -0.3)_(0.6, 0.4, -0.7, 0.0)_1.046027_System.String[];HandLeft_(-0.7, -0.3, -0.2)_(0.7, 0.4, -0.5, 0.2)_1.005502_System.String[];HandRight_(0.5, -0.7, -0.3)_(0.0, -0.7, -0.4, 0.6)_1.046027_System.String[];HandRight_(-0.5, -0.2, -0.1)_(-0.1, -0.7, -0.3, 0.6)_1.005502_System.String[];7.8274;0.0048;-0.0245;87.5437;38.1975;0.8599;1.1273;33.7297;-104.1571;356.5526;346.3104;197.4458;301.1201;2.0903;358.5352
0.8134;0.6758;False;False;87.4760;38.2676;-0.0151;-0.0474;33.4168;-103.7495;359.8172;359.8310;205.4141;302.2085;0.0204;0.2642;-5.6646;-0.0003;0.0027;-7.5547;3.5313;-3.5906;191807;71.63935;Infinity;2647.35;87.8116;38.1447;1.2853;1.1401;33.2132;-103.3812;352.3172;352.5750;205.4022;289.5293;0.0204;1.9387;LeftFalse_RightFalse;LeftFalse_RightFalse;HandLeft_(0.3, -0.7, -0.3)_(0.6, 0.4, -0.7, 0.0)_1.046027_System.String[];HandLeft_(-0.7, -0.3, -0.2)_(0.7, 0.4, -0.5, 0.2)_1.005502_System.String[];HandRight_(0.5, -0.7, -0.3)_(0.0, -0.7, -0.4, 0.6)_1.046027_System.String[];HandRight_(-0.5, -0.2, -0.1)_(-0.1, -0.7, -0.3, 0.6)_1.005502_System.String[];7.8691;0.0048;-0.0245;87.3943;37.9625;0.8599;1.1272;33.4154;-104.0104;356.5798;346.3562;197.4980;301.0189;2.0790;358.5056
0.8131;0.6762;False;False;87.3259;38.0309;-0.0151;-0.0473;33.1013;-103.6022;359.8171;359.8293;205.4422;302.0942;0.0206;0.2656;-5.7044;-0.0003;0.0032;-7.5982;3.5414;-3.6155;191810;71.81219;Infinity;2647.39;87.6618;37.9078;1.2853;1.1403;32.8982;-103.2344;352.3171;352.5730;205.4301;289.4150;0.0207;1.9402;LeftFalse_RightFalse;LeftFalse_RightFalse;HandLeft_(0.3, -0.7, -0.3)_(0.6, 0.4, -0.7, 0.0)_1.046027_System.String[];HandLeft_(-0.7, -0.3, -0.2)_(0.7, 0.4, -0.5, 0.2)_1.005502_System.String[];HandRight_(0.5, -0.7, -0.3)_(0.0, -0.7, -0.4, 0.6)_1.046027_System.String[];HandRight_(-0.5, -0.2, -0.1)_(-0.1, -0.7, -0.3, 0.6)_1.005502_System.String[];7.9109;0.0048;-0.0245;87.2445;37.7268;0.8599;1.1272;33.1006;-103.8640;356.6096;346.4056;197.5394;300.9209;2.0554;358.5010
0.8126;0.6764;False;False;87.1748;37.7925;-0.0151;-0.0471;32.7839;-103.4545;359.8170;359.8290;205.4703;301.9793;0.0209;0.2668;-5.7441;-0.0003;0.0026;-7.6414;3.5512;-3.6403;191813;71.90269;Infinity;2647.43;87.5109;37.6691;1.2853;1.1404;32.5813;-103.0872;352.3170;352.5726;205.4582;289.3001;0.0210;1.9417;LeftFalse_RightFalse;LeftFalse_RightFalse;HandLeft_(0.3, -0.7, -0.3)_(0.6, 0.4, -0.7, 0.0)_1.046027_System.String[];HandLeft_(-0.7, -0.3, -0.2)_(0.7, 0.4, -0.5, 0.2)_1.005502_System.String[];HandRight_(0.5, -0.7, -0.3)_(0.0, -0.7, -0.4, 0.6)_1.046027_System.String[];HandRight_(-0.5, -0.2, -0.1)_(-0.1, -0.7, -0.3, 0.6)_1.005502_System.String[];7.9526;0.0048;-0.0245;87.0936;37.4893;0.8599;1.1272;32.7838;-103.7171;356.6181;346.4419;197.5869;300.8196;2.0481;358.4956
0.8115;0.6762;False;False;87.0226;37.5523;-0.0151;-0.0470;32.4646;-103.3063;359.8168;359.8294;205.4987;301.8638;0.0211;0.2688;-5.7838;-0.0003;0.0021;-7.6842;3.5607;-3.6649;191816;71.95051;Infinity;2647.47;87.3589;37.4287;1.2853;1.1405;32.2625;-102.9397;352.3169;352.5732;205.4864;289.1845;0.0213;1.9433;LeftFalse_RightFalse;LeftFalse_RightFalse;HandLeft_(0.3, -0.7, -0.3)_(0.6, 0.4, -0.7, 0.0)_1.046027_System.String[];HandLeft_(-0.7, -0.3, -0.2)_(0.7, 0.4, -0.5, 0.2)_1.005502_System.String[];HandRight_(0.5, -0.7, -0.3)_(0.0, -0.7, -0.4, 0.6)_1.046027_System.String[];HandRight_(-0.5, -0.2, -0.1)_(-0.1, -0.7, -0.3, 0.6)_1.005502_System.String[];7.9941;0.0048;-0.0245;86.9416;37.2502;0.8599;1.1272;32.4650;-103.5699;356.6152;346.4503;197.6449;300.7105;2.0218;358.4966
0.8096;0.6761;False;False;86.8694;37.3105;-0.0151;-0.0469;32.1435;-103.1577;359.8167;359.8301;205.5272;301.7475;0.0214;0.2705;-5.8235;-0.0003;0.0014;-7.7266;3.5700;-3.6895;191819;71.97533;Infinity;2647.51;87.2059;37.1865;1.2853;1.1406;31.9419;-102.7917;352.3167;352.5744;205.5148;289.0683;0.0215;1.9452;LeftFalse_RightFalse;LeftFalse_RightFalse;HandLeft_(0.3, -0.7, -0.3)_(0.6, 0.4, -0.7, 0.0)_1.046027_System.String[];HandLeft_(-0.7, -0.3, -0.2)_(0.7, 0.4, -0.5, 0.2)_1.005502_System.String[];HandRight_(0.5, -0.7, -0.3)_(0.0, -0.7, -0.4, 0.6)_1.046027_System.String[];HandRight_(-0.5, -0.2, -0.1)_(-0.1, -0.7, -0.3, 0.6)_1.005502_System.String[];8.0359;0.0048;-0.0245;86.7886;37.0093;0.8599;1.1272;32.1444;-103.4223;356.6234;346.4433;197.7038;300.5976;1.9995;358.4998
0.8046;0.6760;False;False;86.7151;37.0668;-0.0151;-0.0469;31.8205;-103.0088;359.8166;359.8286;205.5559;301.6305;0.0217;0.2693;-5.8629;-0.0003;0.0025;-7.7683;3.5790;-3.7138;191822;71.98569;Infinity;2647.55;87.0518;36.9427;1.2852;1.1407;31.6194;-102.6432;352.3167;352.5740;205.5434;288.9516;0.0218;1.9446;LeftFalse_RightFalse;LeftFalse_RightFalse;HandLeft_(0.3, -0.7, -0.3)_(0.6, 0.4, -0.7, 0.0)_1.046027_System.String[];HandLeft_(-0.7, -0.3, -0.2)_(0.7, 0.4, -0.5, 0.2)_1.005502_System.String[];HandRight_(0.5, -0.7, -0.3)_(0.0, -0.7, -0.4, 0.6)_1.046027_System.String[];HandRight_(-0.5, -0.2, -0.1)_(-0.1, -0.7, -0.3, 0.6)_1.005502_System.String[];8.0776;0.0048;-0.0245;86.6345;36.7667;0.8599;1.1273;31.8220;-103.2742;356.6204;346.4182;197.7583;300.4882;1.9852;358.4993
0.7983;0.6759;False;False;86.5569;36.8170;-0.0151;-0.0468;31.4899;-102.8567;359.8166;359.8243;205.5852;301.5105;0.0219;0.2686;-5.9022;-0.0003;0.0028;-7.8092;3.5876;-3.7378;191825;71.42034;Infinity;2647.60;86.8937;36.6926;1.2852;1.1408;31.2891;-102.4917;352.3166;352.5702;205.5727;288.8318;0.0221;1.9448;LeftFalse_RightFalse;LeftFalse_RightFalse;HandLeft_(0.3, -0.7, -0.3)_(0.6, 0.4, -0.7, 0.0)_1.046027_System.String[];HandLeft_(-0.7, -0.3, -0.2)_(0.7, 0.4, -0.5, 0.2)_1.005502_System.String[];HandRight_(0.5, -0.7, -0.3)_(0.0, -0.7, -0.4, 0.6)_1.046027_System.String[];HandRight_(-0.5, -0.2, -0.1)_(-0.1, -0.7, -0.3, 0.6)_1.005502_System.String[];8.1201;0.0052;-0.0245;86.4764;36.5180;0.8599;1.1274;31.4916;-103.1230;356.6061;346.3745;197.8258;300.3900;1.9473;358.4889
0.7936;0.6759;False;False;86.3996;36.5687;-0.0151;-0.0466;31.1617;-102.7062;359.8167;359.8195;205.6149;301.3915;0.0224;0.2673;-5.9412;-0.0003;0.0040;-7.8488;3.5958;-3.7618;191828;71.51099;Infinity;2647.64;86.7370;36.4445;1.2852;1.1410;30.9620;-102.3421;352.3167;352.5651;205.6020;288.7132;0.0224;1.9451;LeftFalse_RightFalse;LeftFalse_RightFalse;HandLeft_(0.3, -0.7, -0.3)_(0.6, 0.4, -0.7, 0.0)_1.046027_System.String[];HandLeft_(-0.7, -0.3, -0.2)_(0.7, 0.4, -0.5, 0.2)_1.005502_System.String[];HandRight_(0.5, -0.7, -0.3)_(0.0, -0.7, -0.4, 0.6)_1.046027_System.String[];HandRight_(-0.5, -0.2, -0.1)_(-0.1, -0.7, -0.3, 0.6)_1.005502_System.String[];8.1619;0.0066;-0.0245;86.3196;36.2712;0.8600;1.1275;31.1643;-102.9738;356.6307;346.3638;197.9232;300.3058;1.8558;358.4788
0.7895;0.6759;False;False;86.2407;36.3178;-0.0152;-0.0464;30.8306;-102.5547;359.8170;359.8172;205.6477;301.2714;0.0233;0.2677;-5.9997;-0.0003;0.0047;-7.9055;3.6075;-3.7993;191831;71.43601;Infinity;2647.68;86.5785;36.1937;1.2852;1.1412;30.6317;-102.1915;352.3169;352.5619;205.6334;288.5934;0.0232;1.9452;LeftFalse_RightFalse;LeftFalse_RightFalse;HandLeft_(0.3, -0.7, -0.3)_(0.6, 0.4, -0.7, 0.0)_1.046027_System.String[];HandLeft_(-0.7, -0.3, -0.2)_(0.7, 0.4, -0.5, 0.2)_1.005502_System.String[];HandRight_(0.5, -0.7, -0.3)_(0.0, -0.6, -0.4, 0.6)_1.046027_System.String[];HandRight_(-0.5, -0.2, -0.1)_(-0.1, -0.7, -0.3, 0.6)_1.005502_System.String[];8.2039;0.0095;-0.0245;86.1610;36.0217;0.8601;1.1277;30.8337;-102.8235;356.6888;346.3835;198.0756;300.2305;1.6702;358.4666
0.7855;0.6758;False;False;86.0822;36.0674;-0.0152;-0.0462;30.5009;-102.4044;359.8174;359.8164;205.6864;301.1517;0.0253;0.2693;-6.0386;-0.0003;0.0047;-7.9409;3.6149;-3.8267;191834;71.71784;Infinity;2647.72;86.4196;35.9422;1.2852;1.1414;30.3013;-102.0412;352.3173;352.5610;205.6694;288.4734;0.0247;1.9468;LeftFalse_RightFalse;LeftFalse_RightFalse;HandLeft_(0.3, -0.7, -0.3)_(0.6, 0.4, -0.7, 0.0)_1.046027_System.String[];HandLeft_(-0.7, -0.3, -0.2)_(0.7, 0.4, -0.5, 0.2)_1.005502_System.String[];HandRight_(0.5, -0.7, -0.3)_(0.0, -0.6, -0.4, 0.7)_1.046027_System.String[];HandRight_(-0.5, -0.2, -0.1)_(-0.1, -0.7, -0.3, 0.6)_1.005502_System.String[];8.2456;0.0142;-0.0245;86.0020;35.7714;0.8601;1.1279;30.5031;-102.6735;356.7107;346.4065;198.3156;300.1423;1.4184;358.4452
0.7818;0.6758;False;False;85.9214;35.8138;-0.0152;-0.0461;30.1676;-102.2528;359.8179;359.8170;205.7377;301.0309;0.0292;0.2708;-6.0774;-0.0003;0.0037;-7.9737;3.6221;-3.8574;191837;71.63562;Infinity;2647.76;86.2595;35.6890;1.2851;1.1416;29.9692;-101.8906;352.3177;352.5616;205.7152;288.3529;0.0279;1.9480;LeftFalse_RightFalse;LeftFalse_RightFalse;HandLeft_(0.3, -0.7, -0.3)_(0.6, 0.4, -0.7, 0.0)_1.046027_System.String[];HandLeft_(-0.7, -0.3, -0.2)_(0.7, 0.4, -0.5, 0.2)_1.005502_System.String[];HandRight_(0.5, -0.7, -0.3)_(-0.1, -0.6, -0.4, 0.7)_1.046027_System.String[];HandRight_(-0.5, -0.2, -0.1)_(-0.1, -0.7, -0.3, 0.6)_1.005502_System.String[];8.2876;0.0206;-0.0241;85.8417;35.5192;0.8602;1.1281;30.1707;-102.5230;356.6991;346.4330;198.6241;300.0537;1.2007;358.4077
0.7785;0.6758;False;False;85.7593;35.5587;-0.0152;-0.0459;29.8333;-102.1010;359.8185;359.8180;205.8098;300.9101;0.0357;0.2734;-6.1160;-0.0003;0.0033;-8.0034;3.6295;-3.8923;191840;71.66116;Infinity;2647.81;86.0973;35.4329;1.2851;1.1417;29.6341;-101.7390;352.3183;352.5629;205.7788;288.2314;0.0335;1.9502;LeftFalse_RightFalse;LeftFalse_RightFalse;HandLeft_(0.3, -0.7, -0.3)_(0.6, 0.3, -0.7, 0.0)_1.046027_System.String[];HandLeft_(-0.7, -0.3, -0.2)_(0.7, 0.4, -0.5, 0.2)_1.005502_System.String[];HandRight_(0.5, -0.7, -0.3)_(-0.2, -0.6, -0.4, 0.6)_1.046027_System.String[];HandRight_(-0.5, -0.2, -0.1)_(-0.1, -0.7, -0.3, 0.6)_1.005502_System.String[];8.3293;0.0288;-0.0233;85.6793;35.2644;0.8603;1.1283;29.8353;-102.3714;356.6674;346.4768;199.0001;299.9752;1.0072;358.3402
0.7750;0.6758;False;False;85.5964;35.3033;-0.0152;-0.0458;29.4995;-101.9496;359.8191;359.8179;205.9114;300.7909;0.0457;0.2739;-6.1540;-0.0003;0.0036;-8.0295;3.6373;-3.9320;191843;71.82897;Infinity;2647.85;85.9346;35.1770;1.2850;1.1419;29.2999;-101.5882;352.3189;352.5639;205.8681;288.1116;0.0423;1.9516;LeftFalse_RightFalse;LeftFalse_RightFalse;HandLeft_(0.3, -0.7, -0.3)_(0.6, 0.3, -0.7, -0.1)_1.046027_System.String[];HandLeft_(-0.7, -0.3, -0.2)_(0.7, 0.4, -0.5, 0.2)_1.005502_System.String[];HandRight_(0.6, -0.7, -0.3)_(-0.2, -0.6, -0.4, 0.6)_1.046027_System.String[];HandRight_(-0.5, -0.2, -0.1)_(-0.1, -0.7, -0.3, 0.6)_1.005502_System.String[];8.3711;0.0376;-0.0219;85.5163;35.0098;0.8601;1.1285;29.5007;-102.2207;356.6243;346.4972;199.4360;299.9344;0.8501;358.2546
0.7710;0.6758;False;False;85.4303;35.0440;-0.0152;-0.0456;29.1617;-101.7967;359.8198;359.8147;206.0505;300.6732;0.0589;0.2743;-6.1914;-0.0003;0.0039;-8.0529;3.6454;-3.9752;191846;71.62537;Infinity;2647.89;85.7692;34.9182;1.2849;1.1420;28.9627;-101.4362;352.3195;352.5617;205.9922;287.9930;0.0546;1.9522;LeftFalse_RightFalse;LeftFalse_RightFalse;HandLeft_(0.3, -0.7, -0.3)_(0.7, 0.3, -0.7, -0.1)_1.046027_System.String[];HandLeft_(-0.7, -0.3, -0.2)_(0.7, 0.4, -0.5, 0.2)_1.005502_System.String[];HandRight_(0.6, -0.8, -0.3)_(-0.2, -0.6, -0.4, 0.6)_1.046027_System.String[];HandRight_(-0.5, -0.2, -0.1)_(-0.1, -0.7, -0.3, 0.6)_1.005502_System.String[];8.4131;0.0462;-0.0201;85.3506;34.7523;0.8601;1.1286;29.1631;-102.0689;356.6222;346.5142;199.9013;299.9454;0.7785;358.1522
0.7660;0.6758;False;False;85.2623;34.7832;-0.0152;-0.0454;28.8232;-101.6434;359.8206;359.8101;206.2322;300.5598;0.0754;0.2744;-6.2281;-0.0003;0.0048;-8.0727;3.6542;-4.0228;191849;71.5401;Infinity;2647.93;85.6012;34.6571;1.2848;1.1422;28.6233;-101.2834;352.3203;352.5575;206.1569;287.8777;0.0701;1.9538;LeftFalse_RightFalse;LeftFalse_RightFalse;HandLeft_(0.3, -0.7, -0.3)_(0.7, 0.3, -0.7, -0.1)_1.046027_System.String[];HandLeft_(-0.7, -0.3, -0.2)_(0.7, 0.4, -0.5, 0.2)_1.005502_System.String[];HandRight_(0.6, -0.8, -0.3)_(-0.2, -0.6, -0.5, 0.6)_1.046027_System.String[];HandRight_(-0.5, -0.2, -0.1)_(-0.1, -0.7, -0.3, 0.6)_1.005502_System.String[];8.4551;0.0538;-0.0180;85.1823;34.4924;0.8601;1.1288;28.8234;-101.9162;356.6610;346.5340;200.3919;299.9388;0.7337;358.0844
0.7595;0.6758;False;False;85.0921;34.5208;-0.0152;-0.0452;28.4838;-101.4897;359.8214;359.8071;206.4598;300.4528;0.0948;0.2759;-6.2641;-0.0002;0.0058;-8.0892;3.6636;-4.0739;191852;71.49321;Infinity;2647.97;85.4310;34.3945;1.2847;1.1425;28.2830;-101.1304;352.3211;352.5537;206.3662;287.7682;0.0888;1.9546;LeftFalse_RightFalse;LeftFalse_RightFalse;HandLeft_(0.3, -0.7, -0.3)_(0.7, 0.3, -0.7, -0.1)_1.046027_System.String[];HandLeft_(-0.7, -0.3, -0.2)_(0.7, 0.4, -0.5, 0.2)_1.005502_System.String[];HandRight_(0.6, -0.8, -0.3)_(-0.2, -0.6, -0.5, 0.6)_1.046027_System.String[];HandRight_(-0.5, -0.2, -0.1)_(-0.1, -0.7, -0.3, 0.6)_1.005502_System.String[];8.4971;0.0602;-0.0158;85.0114;34.2312;0.8599;1.1291;28.4833;-101.7631;356.7560;346.5458;200.9332;299.9322;0.6847;358.0356
0.7530;0.6758;False;False;84.9200;34.2575;-0.0153;-0.0449;28.1447;-101.3360;359.8223;359.8062;206.7321;300.3538;0.1162;0.2806;-6.2997;-0.0002;0.0063;-8.1028;3.6734;-4.1273;191855;71.55367;Infinity;2648.02;85.2587;34.1312;1.2845;1.1428;27.9428;-100.9773;352.3220;352.5533;206.6213;287.6660;0.1099;1.9590;LeftFalse_RightFalse;LeftFalse_RightFalse;HandLeft_(0.3, -0.7, -0.3)_(0.7, 0.3, -0.7, -0.1)_1.046027_System.String[];HandLeft_(-0.7, -0.3, -0.2)_(0.7, 0.4, -0.5, 0.2)_1.005502_System.String[];HandRight_(0.5, -0.8, -0.3)_(-0.2, -0.6, -0.5, 0.6)_1.046027_System.String[];HandRight_(-0.5, -0.2, -0.1)_(-0.1, -0.7, -0.3, 0.6)_1.005502_System.String[];8.5388;0.0652;-0.0135;84.8386;33.9690;0.8595;1.1293;28.1437;-101.6098;356.9626;346.5603;201.5243;299.9197;0.6579;357.9872
0.7469;0.6758;False;False;84.7459;33.9933;-0.0153;-0.0447;27.8059;-101.1822;359.8233;359.8065;207.0452;300.2635;0.1389;0.2864;-6.3347;-0.0002;0.0055;-8.1132;3.6840;-4.1835;191858;71.65448;Infinity;2648.06;85.0839;33.8664;1.2843;1.1430;27.6019;-100.8239;352.3230;352.5544;206.9190;287.5721;0.1324;1.9645;LeftFalse_RightFalse;LeftFalse_RightFalse;HandLeft_(0.3, -0.7, -0.3)_(0.7, 0.3, -0.7, -0.1)_1.046027_System.String[];HandLeft_(-0.7, -0.3, -0.2)_(0.7, 0.4, -0.5, 0.2)_1.005502_System.String[];HandRight_(0.5, -0.8, -0.3)_(-0.3, -0.6, -0.5, 0.5)_1.046027_System.String[];HandRight_(-0.5, -0.2, -0.1)_(-0.2, -0.7, -0.3, 0.6)_1.005502_System.String[];8.5808;0.0685;-0.0112;84.6634;33.7054;0.8590;1.1296;27.8041;-101.4562;357.1897;346.5667;202.1463;299.9344;0.6147;357.9354
0.7417;0.6758;False;False;84.5683;33.7263;-0.0153;-0.0445;27.4649;-101.0271;359.8244;359.8076;207.3970;300.1824;0.1623;0.2929;-6.3690;-0.0002;0.0049;-8.1208;3.6953;-4.2420;191861;71.53856;Infinity;2648.10;84.9060;33.5995;1.2842;1.1433;27.2596;-100.6696;352.3240;352.5567;207.2560;287.4872;0.1558;1.9704;LeftFalse_RightFalse;LeftFalse_RightFalse;HandLeft_(0.3, -0.7, -0.3)_(0.7, 0.3, -0.7, -0.1)_1.046027_System.String[];HandLeft_(-0.7, -0.3, -0.2)_(0.7, 0.4, -0.5, 0.2)_1.005502_System.String[];HandRight_(0.5, -0.8, -0.3)_(-0.3, -0.6, -0.5, 0.5)_1.046027_System.String[];HandRight_(-0.5, -0.2, -0.1)_(-0.2, -0.7, -0.3, 0.6)_1.005502_System.String[];8.6228;0.0708;-0.0090;84.4849;33.4397;0.8586;1.1298;27.4633;-101.3015;357.4153;346.5577;202.8120;299.9780;0.5511;357.8842
0.7376;0.6758;False;False;84.3875;33.4568;-0.0153;-0.0443;27.1226;-100.8709;359.8255;359.8081;207.7818;300.1115;0.1859;0.2983;-6.4195;-0.0002;0.0049;-8.1273;3.7137;-4.3335;191864;71.3924;Infinity;2648.14;84.7245;33.3299;1.2840;1.1435;26.9153;-100.5140;352.3252;352.5591;207.6279;287.4121;0.1797;1.9765;LeftFalse_RightFalse;LeftFalse_RightFalse;HandLeft_(0.3, -0.7, -0.3)_(0.7, 0.3, -0.7, -0.1)_1.046027_System.String[];HandLeft_(-0.7, -0.3, -0.2)_(0.7, 0.4, -0.5, 0.2)_1.005502_System.String[];HandRight_(0.5, -0.8, -0.3)_(-0.3, -0.6, -0.5, 0.5)_1.046027_System.String[];HandRight_(-0.5, -0.2, -0.1)_(-0.2, -0.7, -0.3, 0.6)_1.005502_System.String[];8.6648;0.0727;-0.0068;84.3031;33.1711;0.8585;1.1300;27.1209;-101.1455;357.5973;346.5404;203.4902;300.0409;0.4225;357.8281
0.7346;0.6758;False;False;84.2049;33.1872;-0.0153;-0.0441;26.7819;-100.7150;359.8266;359.8053;208.1906;300.0509;0.2091;0.3030;-6.4521;-0.0002;0.0053;-8.1280;3.7267;-4.3979;191867;71.48752;Infinity;2648.18;84.5404;33.0595;1.2838;1.1437;26.5714;-100.3582;352.3263;352.5584;208.0265;287.3474;0.2032;1.9812;LeftFalse_RightFalse;LeftFalse_RightFalse;HandLeft_(0.3, -0.7, -0.3)_(0.7, 0.3, -0.7, -0.1)_1.046027_System.String[];HandLeft_(-0.7, -0.3, -0.2)_(0.7, 0.4, -0.5, 0.2)_1.005502_System.String[];HandRight_(0.5, -0.8, -0.3)_(-0.3, -0.6, -0.5, 0.5)_1.046027_System.String[];HandRight_(-0.5, -0.2, -0.1)_(-0.2, -0.7, -0.3, 0.6)_1.005502_System.String[];8.7068;0.0748;-0.0046;84.1189;32.9017;0.8581;1.1302;26.7793;-100.9888;357.7509;346.4881;204.1420;300.1299;0.3147;357.7637
0.7324;0.6758;False;False;84.0196;32.9165;-0.0153;-0.0438;26.4416;-100.5587;359.8278;359.8008;208.6213;300.0010;0.2323;0.3077;-6.4839;-0.0002;0.0067;-8.1256;3.7406;-4.4656;191870;71.53079;Infinity;2648.23;84.3550;32.7902;1.2836;1.1440;26.2303;-100.2031;352.3275;352.5554;208.4449;287.2934;0.2265;1.9867;LeftFalse_RightFalse;LeftFalse_RightFalse;HandLeft_(0.3, -0.7, -0.3)_(0.7, 0.3, -0.7, -0.1)_1.046027_System.String[];HandLeft_(-0.7, -0.3, -0.2)_(0.7, 0.4, -0.5, 0.2)_1.005502_System.String[];HandRight_(0.5, -0.8, -0.3)_(-0.3, -0.6, -0.5, 0.5)_1.046027_System.String[];HandRight_(-0.5, -0.2, -0.1)_(-0.2, -0.7, -0.3, 0.6)_1.005502_System.String[];8.7485;0.0775;-0.0024;83.9335;32.6332;0.8578;1.1304;26.4407;-100.8329;357.8949;346.4303;204.7556;300.2118;0.2309;357.6943
0.7308;0.6761;False;False;83.8300;32.6427;-0.0153;-0.0435;26.0993;-100.4007;359.8288;359.7976;209.0764;299.9619;0.2557;0.3125;-6.5150;-0.0002;0.0074;-8.1197;3.7553;-4.5370;191873;71.38297;Infinity;2648.27;84.1641;32.5161;1.2835;1.1443;25.8849;-100.0453;352.3286;352.5526;208.8903;287.2497;0.2501;1.9919;LeftFalse_RightFalse;LeftFalse_RightFalse;HandLeft_(0.3, -0.7, -0.3)_(0.7, 0.3, -0.7, -0.1)_1.046027_System.String[];HandLeft_(-0.7, -0.3, -0.2)_(0.8, 0.4, -0.5, 0.2)_1.005502_System.String[];HandRight_(0.5, -0.8, -0.3)_(-0.3, -0.6, -0.5, 0.5)_1.046027_System.String[];HandRight_(-0.5, -0.3, -0.1)_(-0.2, -0.7, -0.3, 0.6)_1.005502_System.String[];8.7908;0.0808;-0.0002;83.7430;32.3599;0.8576;1.1307;26.0982;-100.6744;358.0052;346.3839;205.3366;300.3084;0.1640;357.6023
0.7293;0.6760;False;False;83.6378;32.3683;-0.0153;-0.0432;25.7583;-100.2426;359.8298;359.7964;209.5516;299.9340;0.2794;0.3202;-6.5454;-0.0002;0.0078;-8.1105;3.7709;-4.6119;191876;71.37771;Infinity;2648.31;83.9709;32.2422;1.2833;1.1447;25.5417;-99.8879;352.3296;352.5523;209.3546;287.2172;0.2739;1.9991;LeftFalse_RightFalse;LeftFalse_RightFalse;HandLeft_(0.3, -0.7, -0.3)_(0.7, 0.3, -0.7, -0.1)_1.046027_System.String[];HandLeft_(-0.7, -0.3, -0.2)_(0.8, 0.4, -0.5, 0.2)_1.005502_System.String[];HandRight_(0.5, -0.8, -0.3)_(-0.3, -0.6, -0.5, 0.5)_1.046027_System.String[];HandRight_(-0.5, -0.3, -0.1)_(-0.2, -0.7, -0.3, 0.6)_1.005502_System.String[];8.8328;0.0845;0.0021;83.5506;32.0867;0.8575;1.1310;25.7578;-100.5159;358.0625;346.3593;205.8602;300.4228;0.1127;357.5186
0.7263;0.6759;False;False;83.4424;32.0929;-0.0153;-0.0429;25.4181;-100.0839;359.8308;359.7963;210.0491;299.9175;0.3034;0.3291;-6.5751;-0.0002;0.0069;-8.0976;3.7873;-4.6905;191879;71.39854;Infinity;2648.35;83.7743;31.9669;1.2831;1.1451;25.1987;-99.7296;352.3306;352.5538;209.8410;287.1956;0.2980;2.0077;LeftFalse_RightFalse;LeftFalse_RightFalse;HandLeft_(0.3, -0.7, -0.3)_(0.7, 0.3, -0.7, -0.1)_1.046027_System.String[];HandLeft_(-0.7, -0.3, -0.2)_(0.8, 0.4, -0.5, 0.2)_1.005502_System.String[];HandRight_(0.5, -0.8, -0.3)_(-0.3, -0.6, -0.5, 0.5)_1.046027_System.String[];HandRight_(-0.5, -0.3, -0.1)_(-0.2, -0.7, -0.3, 0.6)_1.005502_System.String[];8.8748;0.0886;0.0041;83.3547;31.8119;0.8575;1.1313;25.4179;-100.3568;358.0723;346.3546;206.3616;300.5339;0.0340;357.4474
0.7202;0.6759;False;False;83.2435;31.8163;-0.0153;-0.0426;25.0787;-99.9245;359.8317;359.7971;210.5709;299.9123;0.3280;0.3385;-6.6042;-0.0002;0.0064;-8.0807;3.8047;-4.7726;191882;71.43214;Infinity;2648.39;83.5740;31.6903;1.2829;1.1454;24.8561;-99.5705;352.3315;352.5564;210.3513;287.1855;0.3226;2.0166;LeftFalse_RightFalse;LeftFalse_RightFalse;HandLeft_(0.3, -0.7, -0.3)_(0.7, 0.2, -0.7, -0.1)_1.046027_System.String[];HandLeft_(-0.7, -0.3, -0.2)_(0.8, 0.4, -0.5, 0.2)_1.005502_System.String[];HandRight_(0.5, -0.8, -0.3)_(-0.3, -0.6, -0.5, 0.5)_1.046027_System.String[];HandRight_(-0.5, -0.3, -0.1)_(-0.2, -0.7, -0.3, 0.6)_1.005502_System.String[];8.9167;0.0927;0.0060;83.1552;31.5358;0.8576;1.1316;25.0785;-100.1969;358.0817;346.3493;206.9445;300.6671;359.9186;357.3594
0.7102;0.6759;False;False;83.0413;31.5389;-0.0153;-0.0424;24.7407;-99.7646;359.8326;359.7975;211.1169;299.9181;0.3528;0.3467;-6.6327;-0.0002;0.0059;-8.0601;3.8227;-4.8568;191885;71.5371;Infinity;2648.44;83.3698;31.4125;1.2828;1.1457;24.5142;-99.4106;352.3325;352.5595;210.8875;287.1866;0.3478;2.0259;LeftFalse_RightFalse;LeftFalse_RightFalse;HandLeft_(0.3, -0.7, -0.3)_(0.7, 0.2, -0.6, -0.1)_1.046027_System.String[];HandLeft_(-0.7, -0.3, -0.2)_(0.8, 0.4, -0.5, 0.2)_1.005502_System.String[];HandRight_(0.5, -0.8, -0.3)_(-0.3, -0.6, -0.5, 0.5)_1.046027_System.String[];HandRight_(-0.5, -0.3, -0.1)_(-0.2, -0.7, -0.3, 0.6)_1.005502_System.String[];8.9587;0.0951;0.0075;82.9523;31.2582;0.8577;1.1318;24.7400;-100.0361;358.1644;346.3629;207.6520;300.8264;359.7689;357.2739
0.6972;0.6762;False;False;82.8366;31.2618;-0.0153;-0.0421;24.4057;-99.6047;359.8336;359.7946;211.6826;299.9337;0.3770;0.3533;-6.6604;-0.0002;0.0067;-8.0357;3.8415;-4.9423;191888;71.76588;Infinity;2648.48;83.1633;31.1359;1.2826;1.1460;24.1759;-99.2511;352.3335;352.5590;211.4431;287.1983;0.3724;2.0324;LeftFalse_RightFalse;LeftFalse_RightFalse;HandLeft_(0.3, -0.7, -0.3)_(0.7, 0.2, -0.6, -0.1)_1.046027_System.String[];HandLeft_(-0.7, -0.3, -0.2)_(0.8, 0.4, -0.5, 0.2)_1.005502_System.String[];HandRight_(0.5, -0.8, -0.3)_(-0.3, -0.6, -0.6, 0.5)_1.046027_System.String[];HandRight_(-0.5, -0.3, -0.1)_(-0.2, -0.7, -0.3, 0.6)_1.005502_System.String[];9.0002;0.0964;0.0091;82.7473;30.9817;0.8576;1.1321;24.4053;-99.8756;358.3684;346.3978;208.3810;301.0173;359.7037;357.1757
0.6843;0.6761;False;False;82.6281;30.9835;-0.0153;-0.0418;24.0717;-99.4441;359.8349;359.7899;212.2676;299.9592;0.4001;0.3590;-6.6872;-0.0002;0.0076;-8.0077;3.8612;-5.0280;191891;71.87657;Infinity;2648.52;82.9531;30.8582;1.2824;1.1463;23.8387;-99.0908;352.3346;352.5561;212.0191;287.2197;0.3961;2.0396;LeftFalse_RightFalse;LeftFalse_RightFalse;HandLeft_(0.3, -0.7, -0.3)_(0.7, 0.2, -0.6, -0.1)_1.046027_System.String[];HandLeft_(-0.7, -0.3, -0.2)_(0.8, 0.3, -0.5, 0.2)_1.005502_System.String[];HandRight_(0.5, -0.8, -0.3)_(-0.3, -0.6, -0.6, 0.5)_1.046027_System.String[];HandRight_(-0.5, -0.3, -0.1)_(-0.2, -0.7, -0.3, 0.5)_1.005502_System.String[];9.0420;0.0966;0.0108;82.5388;30.7040;0.8573;1.1324;24.0718;-99.7145;358.5987;346.4319;209.0283;301.2209;359.7636;357.0851
0.6765;0.6760;False;False;82.4152;30.7031;-0.0154;-0.0414;23.7379;-99.2819;359.8364;359.7868;212.8688;299.9944;0.4217;0.3658;-6.7131;-0.0002;0.0089;-7.9764;3.8818;-5.1133;191894;71.81332;Infinity;2648.56;82.7385;30.5789;1.2822;1.1467;23.5021;-98.9293;352.3361;352.5536;212.6124;287.2509;0.4184;2.0462;LeftFalse_RightFalse;LeftFalse_RightFalse;HandLeft_(0.3, -0.7, -0.3)_(0.7, 0.2, -0.6, -0.1)_1.046027_System.String[];HandLeft_(-0.7, -0.3, -0.2)_(0.8, 0.3, -0.5, 0.2)_1.005502_System.String[];HandRight_(0.5, -0.8, -0.3)_(-0.3, -0.6, -0.6, 0.5)_1.046027_System.String[];HandRight_(-0.5, -0.3, -0.1)_(-0.2, -0.7, -0.3, 0.5)_1.005502_System.String[];9.0837;0.0966;0.0123;82.3266;30.4246;0.8568;1.1327;23.7391;-99.5522;358.7666;346.4639;209.5796;301.4426;359.8462;357.0063
0.6728;0.6759;False;False;82.1985;30.4215;-0.0154;-0.0410;23.4055;-99.1188;359.8381;359.7854;213.4806;300.0393;0.4414;0.3747;-6.7509;-0.0001;0.0096;-7.9241;3.9141;-5.2418;191897;71.74262;Infinity;2648.60;82.5200;30.2983;1.2821;1.1472;23.1668;-98.7668;352.3377;352.5536;213.2173;287.2915;0.4389;2.0549;LeftFalse_RightFalse;LeftFalse_RightFalse;HandLeft_(0.3, -0.7, -0.3)_(0.7, 0.2, -0.6, -0.1)_1.046027_System.String[];HandLeft_(-0.7, -0.3, -0.2)_(0.8, 0.3, -0.5, 0.2)_1.005502_System.String[];HandRight_(0.5, -0.8, -0.3)_(-0.3, -0.6, -0.6, 0.5)_1.046027_System.String[];HandRight_(-0.5, -0.3, -0.1)_(-0.2, -0.7, -0.3, 0.5)_1.005502_System.String[];9.1257;0.0966;0.0137;82.1105;30.1437;0.8565;1.1331;23.4078;-99.3889;358.8566;346.4792;210.1421;301.6559;359.8686;356.9512
0.6715;0.6759;False;False;81.9739;30.1336;-0.0154;-0.0406;23.0686;-98.9518;359.8398;359.7852;214.1107;300.0941;0.4597;0.3846;-6.7754;-0.0001;0.0085;-7.8863;3.9364;-5.3284;191900;71.03769;Infinity;2648.64;82.2956;30.0141;1.2820;1.1476;22.8299;-98.6017;352.3395;352.5552;213.8363;287.3415;0.4577;2.0644;LeftFalse_RightFalse;LeftFalse_RightFalse;HandLeft_(0.3, -0.7, -0.3)_(0.7, 0.2, -0.6, -0.1)_1.046027_System.String[];HandLeft_(-0.7, -0.3, -0.2)_(0.8, 0.3, -0.5, 0.2)_1.005502_System.String[];HandRight_(0.5, -0.8, -0.3)_(-0.2, -0.6, -0.6, 0.5)_1.046027_System.String[];HandRight_(-0.5, -0.3, -0.1)_(-0.2, -0.7, -0.3, 0.5)_1.005502_System.String[];9.1682;0.0966;0.0146;81.8886;29.8591;0.8563;1.1334;23.0752;-99.2233;358.8715;346.4952;210.8124;301.8308;359.8441;356.9073
0.6713;0.6759;False;False;81.7490;29.8492;-0.0154;-0.0403;22.7387;-98.7863;359.8416;359.7858;214.7364;300.1562;0.4762;0.3945;-6.7995;-0.0001;0.0080;-7.8464;3.9591;-5.4157;191903;71.31432;Infinity;2648.69;82.0653;29.7263;1.2818;1.1480;22.4918;-98.4343;352.3413;352.5577;214.4668;287.4006;0.4751;2.0741;LeftFalse_RightFalse;LeftFalse_RightFalse;HandLeft_(0.3, -0.7, -0.3)_(0.7, 0.2, -0.6, -0.1)_1.046027_System.String[];HandLeft_(-0.7, -0.3, -0.2)_(0.8, 0.3, -0.5, 0.2)_1.005502_System.String[];HandRight_(0.5, -0.8, -0.3)_(-0.2, -0.6, -0.6, 0.5)_1.046027_System.String[];HandRight_(-0.5, -0.3, -0.1)_(-0.2, -0.7, -0.4, 0.5)_1.005502_System.String[];9.2102;0.0966;0.0150;81.6610;29.5708;0.8564;1.1337;22.7415;-99.0554;358.8269;346.5114;211.5920;301.9608;359.8537;356.8721
0.6714;0.6758;False;False;81.5217;29.5655;-0.0154;-0.0400;22.4126;-98.6209;359.8431;359.7857;215.3621;300.2242;0.4911;0.4026;-6.8233;-0.0001;0.0082;-7.8046;3.9822;-5.5036;191906;71.64577;Infinity;2648.73;81.8357;29.4434;1.2817;1.1484;22.1623;-98.2691;352.3429;352.5603;215.0891;287.4655;0.4907;2.0829;LeftFalse_RightFalse;LeftFalse_RightFalse;HandLeft_(0.3, -0.7, -0.3)_(0.7, 0.2, -0.7, -0.1)_1.046027_System.String[];HandLeft_(-0.7, -0.3, -0.2)_(0.8, 0.3, -0.5, 0.2)_1.005502_System.String[];HandRight_(0.5, -0.8, -0.3)_(-0.3, -0.6, -0.6, 0.5)_1.046027_System.String[];HandRight_(-0.5, -0.3, -0.1)_(-0.2, -0.7, -0.4, 0.5)_1.005502_System.String[];9.2520;0.0966;0.0151;81.4344;29.2872;0.8566;1.1340;22.4162;-98.8899;358.7419;346.5125;212.3693;302.0549;359.9256;356.8584
0.6715;0.6758;False;False;81.2906;29.2807;-0.0154;-0.0396;22.0884;-98.4544;359.8445;359.7821;215.9908;300.2968;0.5046;0.4082;-6.8465;-0.0001;0.0086;-7.7611;4.0053;-5.5920;191909;71.81931;Infinity;2648.77;81.6022;29.1595;1.2816;1.1487;21.8346;-98.1029;352.3444;352.5592;215.7150;287.5359;0.5048;2.0896;LeftFalse_RightFalse;LeftFalse_RightFalse;HandLeft_(0.3, -0.7, -0.3)_(0.7, 0.2, -0.7, -0.1)_1.046027_System.String[];HandLeft_(-0.7, -0.3, -0.2)_(0.8, 0.3, -0.5, 0.2)_1.005502_System.String[];HandRight_(0.5, -0.8, -0.3)_(-0.3, -0.6, -0.6, 0.5)_1.046027_System.String[];HandRight_(-0.5, -0.3, -0.1)_(-0.2, -0.7, -0.4, 0.5)_1.005502_System.String[];9.2935;0.0966;0.0151;81.2039;29.0025;0.8568;1.1343;22.0927;-98.7234;358.6805;346.4893;213.0623;302.1367;0.0580;356.8528
0.6716;0.6758;False;False;81.0555;28.9947;-0.0154;-0.0392;21.7657;-98.2869;359.8457;359.7778;216.6223;300.3728;0.5168;0.4122;-6.8691;-0.0001;0.0102;-7.7159;4.0287;-5.6807;191912;71.88587;Infinity;2648.81;81.3646;28.8744;1.2815;1.1492;21.5086;-97.9355;352.3456;352.5558;216.3442;287.6102;0.5175;2.0949;LeftFalse_RightFalse;LeftFalse_RightFalse;HandLeft_(0.3, -0.7, -0.3)_(0.7, 0.2, -0.7, -0.1)_1.046027_System.String[];HandLeft_(-0.7, -0.3, -0.2)_(0.8, 0.3, -0.5, 0.2)_1.005502_System.String[];HandRight_(0.5, -0.8, -0.3)_(-0.3, -0.6, -0.6, 0.5)_1.046027_System.String[];HandRight_(-0.5, -0.3, -0.1)_(-0.2, -0.7, -0.4, 0.5)_1.005502_System.String[];9.3352;0.0966;0.0151;80.9696;28.7166;0.8569;1.1347;21.7708;-98.5558;358.6643;346.4342;213.6259;302.2359;0.1764;356.8430
0.6717;0.6758;False;False;80.8167;28.7080;-0.0154;-0.0388;21.4454;-98.1184;359.8466;359.7755;217.2553;300.4510;0.5278;0.4179;-6.8915;-0.0001;0.0107;-7.6692;4.0523;-5.7695;191915;71.94169;Infinity;2648.85;81.1233;28.5885;1.2814;1.1496;21.1849;-97.7672;352.3466;352.5538;216.9750;287.6870;0.5290;2.1004;LeftFalse_RightFalse;LeftFalse_RightFalse;HandLeft_(0.3, -0.7, -0.3)_(0.7, 0.2, -0.7, -0.1)_1.046027_System.String[];HandLeft_(-0.7, -0.3, -0.2)_(0.8, 0.3, -0.5, 0.2)_1.005502_System.String[];HandRight_(0.5, -0.8, -0.3)_(-0.3, -0.6, -0.6, 0.5)_1.046027_System.String[];HandRight_(-0.5, -0.3, -0.1)_(-0.2, -0.7, -0.4, 0.5)_1.005502_System.String[];9.3770;0.0966;0.0149;80.7315;28.4299;0.8568;1.1351;21.4512;-98.3873;358.7070;346.3653;214.1071;302.3519;0.2541;356.8383
0.6717;0.6758;False;False;80.5725;28.4185;-0.0154;-0.0383;21.1251;-97.9479;359.8474;359.7746;217.8937;300.5313;0.5376;0.4248;-6.9135;-0.0001;0.0111;-7.6209;4.0760;-5.8583;191918;71.73305;Infinity;2648.90;80.8772;28.3007;1.2813;1.1501;20.8622;-97.5974;352.3475;352.5541;217.6098;287.7658;0.5393;2.1073;LeftFalse_RightFalse;LeftFalse_RightFalse;HandLeft_(0.3, -0.7, -0.3)_(0.7, 0.2, -0.6, -0.1)_1.046027_System.String[];HandLeft_(-0.7, -0.3, -0.2)_(0.8, 0.3, -0.5, 0.2)_1.005502_System.String[];HandRight_(0.5, -0.8, -0.3)_(-0.3, -0.6, -0.6, 0.5)_1.046027_System.String[];HandRight_(-0.5, -0.3, -0.1)_(-0.2, -0.7, -0.4, 0.5)_1.005502_System.String[];9.4187;0.0966;0.0148;80.4887;28.1413;0.8565;1.1355;21.1325;-98.2171;358.8077;346.3169;214.6188;302.4519;0.3134;356.8574
0.6718;0.6758;False;False;80.3241;28.1276;-0.0154;-0.0379;20.8065;-97.7760;359.8481;359.7753;218.5347;300.6128;0.5463;0.4311;-6.9354;-0.0001;0.0099;-7.5712;4.0999;-5.9471;191921;71.5884;Infinity;2648.94;80.6259;28.0106;1.2813;1.1506;20.5402;-97.4256;352.3482;352.5558;218.2492;287.8463;0.5484;2.1137;LeftFalse_RightFalse;LeftFalse_RightFalse;HandLeft_(0.3, -0.7, -0.3)_(0.7, 0.2, -0.6, -0.1)_1.046027_System.String[];HandLeft_(-0.7, -0.3, -0.2)_(0.8, 0.3, -0.5, 0.2)_1.005502_System.String[];HandRight_(0.5, -0.8, -0.3)_(-0.2, -0.6, -0.6, 0.5)_1.046027_System.String[];HandRight_(-0.5, -0.3, -0.1)_(-0.2, -0.7, -0.4, 0.5)_1.005502_System.String[];9.4607;0.0966;0.0146;80.2408;27.8503;0.8562;1.1359;20.8146;-98.0451;358.9283;346.2820;215.2077;302.5089;0.3628;356.9171
0.6718;0.6758;False;False;80.0731;27.8373;-0.0154;-0.0375;20.4917;-97.6040;359.8486;359.7761;219.1736;300.6944;0.5540;0.4366;-6.9569;-0.0001;0.0100;-7.5201;4.1241;-6.0357;191924;71.7128;Infinity;2648.98;80.3714;27.7203;1.2812;1.1510;20.2213;-97.2533;352.3488;352.5581;218.8885;287.9272;0.5565;2.1195;LeftFalse_RightFalse;LeftFalse_RightFalse;HandLeft_(0.3, -0.7, -0.3)_(0.7, 0.2, -0.6, -0.1)_1.046027_System.String[];HandLeft_(-0.7, -0.3, -0.2)_(0.8, 0.3, -0.5, 0.2)_1.005502_System.String[];HandRight_(0.5, -0.8, -0.3)_(-0.2, -0.6, -0.6, 0.5)_1.046027_System.String[];HandRight_(-0.5, -0.3, -0.1)_(-0.2, -0.7, -0.4, 0.5)_1.005502_System.String[];9.5027;0.0964;0.0145;79.9895;27.5591;0.8561;1.1363;20.4999;-97.8726;358.9959;346.2628;215.8413;302.5218;0.4136;356.9894
0.6718;0.6758;False;False;79.8189;27.5468;-0.0154;-0.0371;20.1800;-97.4314;359.8490;359.7734;219.8115;300.7760;0.5607;0.4406;-6.9885;-0.0001;0.0104;-7.4412;4.1605;-6.1678;191927;71.85522;Infinity;2649.02;80.1144;27.4306;1.2812;1.1515;19.9064;-97.0808;352.3492;352.5576;219.5253;288.0082;0.5636;2.1240;LeftFalse_RightFalse;LeftFalse_RightFalse;HandLeft_(0.3, -0.7, -0.3)_(0.7, 0.2, -0.6, -0.1)_1.046027_System.String[];HandLeft_(-0.7, -0.3, -0.2)_(0.8, 0.3, -0.5, 0.2)_1.005502_System.String[];HandRight_(0.5, -0.8, -0.3)_(-0.2, -0.6, -0.6, 0.5)_1.046027_System.String[];HandRight_(-0.5, -0.3, -0.1)_(-0.2, -0.7, -0.4, 0.5)_1.005502_System.String[];9.5442;0.0959;0.0143;79.7356;27.2685;0.8560;1.1367;20.1890;-97.6998;359.0060;346.2173;216.4884;302.5198;0.4571;357.0629
0.6718;0.6758;False;False;79.5583;27.2524;-0.0154;-0.0366;19.8677;-97.2560;359.8493;359.7688;220.4559;300.8584;0.5665;0.4435;-7.0091;-0.0001;0.0111;-7.3876;4.1848;-6.2549;191930;71.59303;Infinity;2649.06;79.8516;27.1380;1.2811;1.1519;19.5916;-96.9060;352.3496;352.5544;220.1673;288.0899;0.5698;2.1281;LeftFalse_RightFalse;LeftFalse_RightFalse;HandLeft_(0.3, -0.7, -0.3)_(0.7, 0.2, -0.7, -0.1)_1.046027_System.String[];HandLeft_(-0.7, -0.3, -0.2)_(0.8, 0.3, -0.5, 0.2)_1.005502_System.String[];HandRight_(0.5, -0.8, -0.3)_(-0.2, -0.6, -0.6, 0.5)_1.046027_System.String[];HandRight_(-0.5, -0.3, -0.1)_(-0.2, -0.7, -0.4, 0.5)_1.005502_System.String[];9.5864;0.0945;0.0139;79.4758;26.9750;0.8560;1.1371;19.8781;-97.5248;359.0194;346.1831;217.1451;302.5336;0.4739;357.1196
0.6718;0.6758;False;False;79.2947;26.9582;-0.0154;-0.0362;19.5586;-97.0802;359.8495;359.7656;221.0959;300.9398;0.5709;0.4460;-7.0298;-0.0001;0.0118;-7.3341;4.2086;-6.3404;191933;71.5926;Infinity;2649.10;79.5844;26.8439;1.2811;1.1524;19.2786;-96.7298;352.3498;352.5507;220.8094;288.1715;0.5748;2.1309;LeftFalse_RightFalse;LeftFalse_RightFalse;HandLeft_(0.3, -0.7, -0.3)_(0.7, 0.2, -0.7, -0.1)_1.046027_System.String[];HandLeft_(-0.7, -0.3, -0.2)_(0.8, 0.3, -0.5, 0.2)_1.005502_System.String[];HandRight_(0.5, -0.8, -0.3)_(-0.2, -0.6, -0.6, 0.5)_1.046027_System.String[];HandRight_(-0.5, -0.3, -0.1)_(-0.2, -0.7, -0.4, 0.5)_1.005502_System.String[];9.6282;0.0919;0.0127;79.2117;26.6800;0.8560;1.1376;19.5691;-97.3484;359.0766;346.1563;217.8381;302.5660;0.4895;357.1686
0.6718;0.6754;False;False;79.0290;26.6647;-0.0154;-0.0357;19.2537;-96.9043;359.8496;359.7647;221.7258;301.0185;0.5735;0.4500;-7.0508;-0.0001;0.0118;-7.2812;4.2314;-6.4239;191936;71.75983;Infinity;2649.15;79.3160;26.5515;1.2810;1.1530;18.9709;-96.5542;352.3500;352.5502;221.4411;288.2505;0.5780;2.1355;LeftFalse_RightFalse;LeftFalse_RightFalse;HandLeft_(0.3, -0.7, -0.3)_(0.7, 0.2, -0.7, -0.1)_1.046027_System.String[];HandLeft_(-0.7, -0.3, -0.2)_(0.8, 0.3, -0.5, 0.2)_1.005502_System.String[];HandRight_(0.5, -0.8, -0.3)_(-0.2, -0.6, -0.6, 0.5)_1.046027_System.String[];HandRight_(-0.5, -0.3, -0.1)_(-0.2, -0.7, -0.4, 0.5)_1.005502_System.String[];9.6699;0.0886;0.0108;78.9462;26.3868;0.8559;1.1380;19.2653;-97.1725;359.1385;346.1427;218.5424;302.6080;0.5426;357.2167
0.6718;0.6744;False;False;78.7592;26.3699;-0.0154;-0.0352;18.9506;-96.7271;359.8497;359.7660;222.3464;301.0929;0.5741;0.4521;-7.0723;-0.0001;0.0110;-7.2287;4.2533;-6.5057;191939;71.81165;Infinity;2649.19;79.0431;26.2573;1.2810;1.1535;18.6646;-96.3770;352.3501;352.5515;222.0658;288.3265;0.5793;2.1377;LeftFalse_RightFalse;LeftFalse_RightFalse;HandLeft_(0.3, -0.7, -0.3)_(0.7, 0.3, -0.7, -0.1)_1.046027_System.String[];HandLeft_(-0.7, -0.3, -0.2)_(0.8, 0.3, -0.5, 0.2)_1.005502_System.String[];HandRight_(0.5, -0.8, -0.3)_(-0.2, -0.6, -0.6, 0.5)_1.046027_System.String[];HandRight_(-0.5, -0.3, -0.1)_(-0.2, -0.7, -0.4, 0.5)_1.005502_System.String[];9.7117;0.0849;0.0081;78.6763;26.0918;0.8556;1.1385;18.9627;-96.9951;359.2409;346.1774;219.2075;302.6599;0.6174;357.2867
0.6718;0.6737;False;False;78.4836;26.0715;-0.0154;-0.0347;18.6471;-96.5475;359.8497;359.7666;222.9582;301.1608;0.5726;0.4538;-7.0943;-0.0001;0.0119;-7.1773;4.2737;-6.5851;191942;71.48328;Infinity;2649.23;78.7659;25.9612;1.2810;1.1539;18.3599;-96.1984;352.3501;352.5530;222.6799;288.3967;0.5786;2.1394;LeftFalse_RightFalse;LeftFalse_RightFalse;HandLeft_(0.3, -0.7, -0.3)_(0.7, 0.3, -0.7, -0.1)_1.046027_System.String[];HandLeft_(-0.7, -0.3, -0.2)_(0.8, 0.3, -0.5, 0.2)_1.005502_System.String[];HandRight_(0.5, -0.8, -0.3)_(-0.2, -0.6, -0.6, 0.5)_1.046027_System.String[];HandRight_(-0.5, -0.3, -0.1)_(-0.2, -0.7, -0.4, 0.6)_1.005502_System.String[];9.7539;0.0809;0.0053;78.4021;25.7950;0.8552;1.1390;18.6616;-96.8163;359.4087;346.2509;219.7814;302.7283;0.6639;357.3754
0.6719;0.6740;False;False;78.2076;25.7755;-0.0154;-0.0342;18.3493;-96.3691;359.8496;359.7644;223.5452;301.2180;0.5689;0.4536;-7.1168;-0.0001;0.0117;-7.1269;4.2926;-6.6624;191945;71.74458;Infinity;2649.27;78.4855;25.6645;1.2810;1.1544;18.0579;-96.0191;352.3500;352.5520;223.2769;288.4577;0.5755;2.1405;LeftFalse_RightFalse;LeftFalse_RightFalse;HandLeft_(0.3, -0.7, -0.3)_(0.7, 0.3, -0.7, -0.1)_1.046027_System.String[];HandLeft_(-0.7, -0.3, -0.2)_(0.8, 0.3, -0.5, 0.2)_1.005502_System.String[];HandRight_(0.5, -0.8, -0.3)_(-0.2, -0.6, -0.6, 0.5)_1.046027_System.String[];HandRight_(-0.5, -0.3, -0.1)_(-0.2, -0.7, -0.3, 0.6)_1.005502_System.String[];9.7954;0.0772;0.0029;78.1248;25.4975;0.8547;1.1395;18.3631;-96.6369;359.5994;346.2866;220.2957;302.8181;0.6342;357.4496
0.6719;0.6748;False;False;77.9282;25.4783;-0.0154;-0.0337;18.0534;-96.1897;359.8495;359.7607;224.1126;301.2639;0.5631;0.4506;-7.1396;-0.0001;0.0122;-7.0773;4.3107;-6.7378;191948;71.8537;Infinity;2649.31;78.2031;25.3680;1.2811;1.1549;17.7594;-95.8398;352.3499;352.5482;223.8521;288.5078;0.5704;2.1394;LeftFalse_RightFalse;LeftFalse_RightFalse;HandLeft_(0.3, -0.7, -0.3)_(0.7, 0.3, -0.7, -0.1)_1.046027_System.String[];HandLeft_(-0.7, -0.3, -0.2)_(0.8, 0.3, -0.5, 0.2)_1.005502_System.String[];HandRight_(0.5, -0.8, -0.3)_(-0.2, -0.6, -0.6, 0.5)_1.046027_System.String[];HandRight_(-0.5, -0.3, -0.1)_(-0.2, -0.7, -0.3, 0.6)_1.005502_System.String[];9.8372;0.0738;0.0007;77.8454;25.2003;0.8544;1.1400;18.0681;-96.4573;359.7284;346.3041;220.7616;302.9086;0.5892;357.4745
0.6719;0.6751;False;False;77.6456;25.1802;-0.0154;-0.0332;17.7597;-96.0097;359.8493;359.7583;224.6591;301.2979;0.5559;0.4473;-7.1624;-0.0001;0.0129;-7.0282;4.3282;-6.8116;191951;71.92728;Infinity;2649.36;77.9178;25.0706;1.2811;1.1555;17.4634;-95.6599;352.3497;352.5441;224.4059;288.5459;0.5634;2.1359;LeftFalse_RightFalse;LeftFalse_RightFalse;HandLeft_(0.3, -0.7, -0.3)_(0.7, 0.3, -0.7, -0.1)_1.046027_System.String[];HandLeft_(-0.7, -0.3, -0.2)_(0.8, 0.4, -0.5, 0.2)_1.005502_System.String[];HandRight_(0.5, -0.8, -0.3)_(-0.2, -0.6, -0.6, 0.5)_1.046027_System.String[];HandRight_(-0.5, -0.3, -0.1)_(-0.2, -0.7, -0.3, 0.6)_1.005502_System.String[];9.8789;0.0712;-0.0006;77.5630;24.9022;0.8541;1.1406;17.7755;-96.2772;359.7632;346.3265;221.2085;302.9603;0.5446;357.4790
0.6719;0.6756;False;False;77.3575;24.8786;-0.0154;-0.0326;17.4657;-95.8273;359.8491;359.7581;225.1909;301.3217;0.5474;0.4462;-7.1856;-0.0001;0.0133;-6.9795;4.3454;-6.8839;191954;71.66389;Infinity;2649.40;77.6276;24.7704;1.2812;1.1560;17.1680;-95.4781;352.3495;352.5431;224.9434;288.5729;0.5553;2.1347;LeftFalse_RightFalse;LeftFalse_RightFalse;HandLeft_(0.3, -0.7, -0.3)_(0.7, 0.3, -0.7, -0.1)_1.046027_System.String[];HandLeft_(-0.7, -0.3, -0.2)_(0.8, 0.4, -0.5, 0.2)_1.005502_System.String[];HandRight_(0.5, -0.8, -0.3)_(-0.2, -0.6, -0.5, 0.6)_1.046027_System.String[];HandRight_(-0.5, -0.3, -0.1)_(-0.1, -0.7, -0.3, 0.6)_1.005502_System.String[];9.9209;0.0696;-0.0008;77.2757;24.6015;0.8540;1.1412;17.4833;-96.0953;359.7670;346.3492;221.6346;302.9260;0.5279;357.4768
0.6719;0.6767;False;False;77.0660;24.5758;-0.0154;-0.0321;17.1736;-95.6441;359.8489;359.7596;225.7059;301.3372;0.5384;0.4449;-7.2085;-0.0001;0.0122;-6.9309;4.3626;-6.9551;191957;71.50309;Infinity;2649.44;77.3337;24.4683;1.2812;1.1565;16.8741;-95.2953;352.3494;352.5438;225.4642;288.5909;0.5463;2.1330;LeftFalse_RightFalse;LeftFalse_RightFalse;HandLeft_(0.3, -0.7, -0.3)_(0.7, 0.3, -0.7, -0.1)_1.046027_System.String[];HandLeft_(-0.7, -0.3, -0.2)_(0.8, 0.4, -0.5, 0.2)_1.005502_System.String[];HandRight_(0.5, -0.8, -0.3)_(-0.2, -0.6, -0.5, 0.6)_1.046027_System.String[];HandRight_(-0.5, -0.3, -0.1)_(-0.2, -0.7, -0.3, 0.6)_1.005502_System.String[];9.9629;0.0689;-0.0005;76.9850;24.2990;0.8538;1.1417;17.1928;-95.9126;359.7302;346.3899;222.0413;302.8015;0.5141;357.4511
0.6719;0.6775;False;False;76.7716;24.2722;-0.0155;-0.0316;16.8839;-95.4603;359.8488;359.7615;226.2068;301.3471;0.5294;0.4451;-7.2430;-0.0001;0.0121;-6.8575;4.3889;-7.0601;191960;71.44434;Infinity;2649.48;77.0365;24.1649;1.2813;1.1570;16.5822;-95.1115;352.3492;352.5456;225.9706;288.6025;0.5371;2.1325;LeftFalse_RightFalse;LeftFalse_RightFalse;HandLeft_(0.3, -0.7, -0.3)_(0.7, 0.3, -0.7, -0.1)_1.046027_System.String[];HandLeft_(-0.7, -0.3, -0.2)_(0.8, 0.4, -0.5, 0.2)_1.005502_System.String[];HandRight_(0.5, -0.8, -0.3)_(-0.2, -0.6, -0.5, 0.6)_1.046027_System.String[];HandRight_(-0.5, -0.3, -0.1)_(-0.2, -0.7, -0.3, 0.6)_1.005502_System.String[];10.0049;0.0688;0.0002;76.6908;23.9954;0.8537;1.1422;16.9041;-95.7291;359.6693;346.4407;222.4732;302.6677;0.4933;357.4352
0.6719;0.6781;False;False;76.4742;23.9677;-0.0155;-0.0311;16.5965;-95.2757;359.8486;359.7600;226.6980;301.3540;0.5207;0.4429;-7.2656;-0.0001;0.0121;-6.8083;4.4063;-7.1291;191963;71.4443;Infinity;2649.52;76.7365;23.8608;1.2813;1.1575;16.2928;-94.9272;352.3490;352.5451;226.4659;288.6104;0.5283;2.1313;LeftFalse_RightFalse;LeftFalse_RightFalse;HandLeft_(0.3, -0.7, -0.3)_(0.7, 0.3, -0.7, -0.1)_1.046027_System.String[];HandLeft_(-0.7, -0.3, -0.2)_(0.8, 0.4, -0.5, 0.2)_1.005502_System.String[];HandRight_(0.5, -0.8, -0.3)_(-0.2, -0.6, -0.5, 0.6)_1.046027_System.String[];HandRight_(-0.5, -0.3, -0.1)_(-0.2, -0.7, -0.3, 0.6)_1.005502_System.String[];10.0469;0.0688;0.0008;76.3940;23.6911;0.8536;1.1427;16.6178;-95.5449;359.6042;346.4590;222.9275;302.5721;0.4879;357.4452
0.6719;0.6785;False;False;76.1738;23.6622;-0.0155;-0.0306;16.3113;-95.0904;359.8485;359.7572;227.1830;301.3599;0.5126;0.4396;-7.2881;-0.0001;0.0136;-6.7591;4.4238;-7.1970;191966;71.43512;Infinity;2649.57;76.4336;23.5557;1.2814;1.1581;16.0056;-94.7420;352.3488;352.5419;226.9540;288.6167;0.5198;2.1291;LeftFalse_RightFalse;LeftFalse_RightFalse;HandLeft_(0.3, -0.7, -0.3)_(0.7, 0.3, -0.7, -0.1)_1.046027_System.String[];HandLeft_(-0.7, -0.3, -0.2)_(0.8, 0.4, -0.5, 0.2)_1.005502_System.String[];HandRight_(0.5, -0.8, -0.3)_(-0.2, -0.6, -0.5, 0.6)_1.046027_System.String[];HandRight_(-0.5, -0.3, -0.1)_(-0.2, -0.7, -0.3, 0.6)_1.005502_System.String[];10.0889;0.0688;0.0013;76.0942;23.3858;0.8535;1.1433;16.3337;-95.3599;359.5564;346.4415;223.4149;302.5441;0.5079;357.4730
0.6719;0.6788;False;False;75.8704;23.3556;-0.0155;-0.0300;16.0281;-94.9043;359.8484;359.7556;227.6640;301.3661;0.5049;0.4374;-7.3105;-0.0001;0.0140;-6.7099;4.4408;-7.2638;191969;71.42074;Infinity;2649.61;76.1276;23.2495;1.2814;1.1586;15.7204;-94.5560;352.3487;352.5392;227.4373;288.6230;0.5120;2.1266;LeftFalse_RightFalse;LeftFalse_RightFalse;HandLeft_(0.3, -0.7, -0.3)_(0.7, 0.3, -0.7, -0.1)_1.046027_System.String[];HandLeft_(-0.7, -0.3, -0.2)_(0.8, 0.4, -0.5, 0.2)_1.005502_System.String[];HandRight_(0.6, -0.8, -0.3)_(-0.2, -0.6, -0.5, 0.6)_1.046027_System.String[];HandRight_(-0.5, -0.3, -0.1)_(-0.2, -0.7, -0.3, 0.6)_1.005502_System.String[];10.1309;0.0688;0.0019;75.7914;23.0795;0.8535;1.1439;16.0513;-95.1739;359.4981;346.3994;223.9009;302.5882;0.5471;357.5185
0.6719;0.6780;False;False;75.5640;23.0481;-0.0155;-0.0294;15.7473;-94.7174;359.8482;359.7559;228.1422;301.3734;0.4978;0.4380;-7.3331;-0.0001;0.0142;-6.6606;4.4576;-7.3298;191972;71.41724;Infinity;2649.65;75.8190;22.9426;1.2815;1.1592;15.4379;-94.3696;352.3486;352.5388;227.9168;288.6299;0.5046;2.1264;LeftFalse_RightFalse;LeftFalse_RightFalse;HandLeft_(0.3, -0.7, -0.3)_(0.7, 0.3, -0.7, -0.1)_1.046027_System.String[];HandLeft_(-0.7, -0.3, -0.2)_(0.8, 0.4, -0.5, 0.2)_1.005502_System.String[];HandRight_(0.5, -0.8, -0.3)_(-0.2, -0.6, -0.5, 0.6)_1.046027_System.String[];HandRight_(-0.5, -0.3, -0.1)_(-0.2, -0.7, -0.3, 0.6)_1.005502_System.String[];10.1731;0.0688;0.0019;75.4860;22.7725;0.8534;1.1445;15.7714;-94.9875;359.4437;346.3656;224.3667;302.6822;0.5887;357.5810
0.6719;0.6774;False;False;75.2565;22.7413;-0.0155;-0.0288;15.4700;-94.5309;359.8481;359.7572;228.6162;301.3816;0.4914;0.4396;-7.3558;-0.0001;0.0129;-6.6113;4.4738;-7.3948;191975;71.62847;Infinity;2649.69;75.5080;22.6352;1.2815;1.1598;15.1578;-94.1826;352.3484;352.5401;228.3937;288.6377;0.4979;2.1276;LeftFalse_RightFalse;LeftFalse_RightFalse;HandLeft_(0.3, -0.7, -0.3)_(0.7, 0.3, -0.7, -0.1)_1.046027_System.String[];HandLeft_(-0.7, -0.3, -0.2)_(0.8, 0.4, -0.5, 0.2)_1.005502_System.String[];HandRight_(0.5, -0.8, -0.3)_(-0.2, -0.6, -0.5, 0.6)_1.046027_System.String[];HandRight_(-0.5, -0.3, -0.1)_(-0.2, -0.7, -0.3, 0.6)_1.005502_System.String[];10.2148;0.0688;0.0019;75.1779;22.4649;0.8534;1.1450;15.4941;-94.8008;359.3936;346.3318;224.8304;302.7601;0.6299;357.6470
0.6719;0.6770;False;False;74.9470;22.4343;-0.0155;-0.0283;15.1957;-94.3441;359.8480;359.7591;229.0881;301.3907;0.4856;0.4414;-7.3785;-0.0001;0.0126;-6.5617;4.4897;-7.4590;191978;71.81436;Infinity;2649.73;75.1960;22.3285;1.2816;1.1603;14.8816;-93.9960;352.3484;352.5424;228.8667;288.6463;0.4918;2.1291;LeftFalse_RightFalse;LeftFalse_RightFalse;HandLeft_(0.3, -0.7, -0.3)_(0.7, 0.3, -0.7, -0.1)_1.046027_System.String[];HandLeft_(-0.7, -0.3, -0.2)_(0.8, 0.4, -0.5, 0.2)_1.005502_System.String[];HandRight_(0.6, -0.8, -0.3)_(-0.2, -0.6, -0.5, 0.6)_1.046027_System.String[];HandRight_(-0.5, -0.3, -0.1)_(-0.2, -0.7, -0.3, 0.6)_1.005502_System.String[];10.2563;0.0688;0.0019;74.8689;22.1580;0.8533;1.1455;15.2204;-94.6145;359.3766;346.2719;225.2941;302.7992;0.6908;357.7032
0.6719;0.6766;False;False;74.6330;22.1246;-0.0155;-0.0278;14.9220;-94.1556;359.8479;359.7585;229.5623;301.4004;0.4803;0.4415;-7.4009;-0.0001;0.0125;-6.5118;4.5054;-7.5226;191981;71.7003;Infinity;2649.77;74.8801;22.0198;1.2816;1.1608;14.6066;-93.8081;352.3482;352.5431;229.3407;288.6558;0.4863;2.1296;LeftFalse_RightFalse;LeftFalse_RightFalse;HandLeft_(0.3, -0.7, -0.3)_(0.7, 0.3, -0.7, -0.1)_1.046027_System.String[];HandLeft_(-0.7, -0.3, -0.2)_(0.8, 0.4, -0.5, 0.2)_1.005502_System.String[];HandRight_(0.6, -0.8, -0.3)_(-0.2, -0.6, -0.5, 0.6)_1.046027_System.String[];HandRight_(-0.5, -0.3, -0.1)_(-0.2, -0.7, -0.3, 0.6)_1.005502_System.String[];10.2983;0.0688;0.0019;74.5562;21.8492;0.8533;1.1460;14.9478;-94.4267;359.4002;346.2291;225.7419;302.8207;0.7468;357.7204
0.6719;0.6764;False;False;74.3134;21.8112;-0.0155;-0.0272;14.6481;-93.9648;359.8478;359.7561;230.0405;301.4106;0.4758;0.4399;-7.4231;-0.0001;0.0130;-6.4616;4.5209;-7.5855;191984;71.31008;Infinity;2649.82;74.5598;21.7087;1.2816;1.1614;14.3326;-93.6186;352.3481;352.5408;229.8167;288.6658;0.4815;2.1294;LeftFalse_RightFalse;LeftFalse_RightFalse;HandLeft_(0.3, -0.7, -0.3)_(0.7, 0.3, -0.7, -0.1)_1.046027_System.String[];HandLeft_(-0.7, -0.3, -0.2)_(0.8, 0.4, -0.5, 0.2)_1.005502_System.String[];HandRight_(0.5, -0.8, -0.3)_(-0.2, -0.6, -0.5, 0.6)_1.046027_System.String[];HandRight_(-0.5, -0.3, -0.1)_(-0.2, -0.7, -0.3, 0.6)_1.005502_System.String[];10.3406;0.0688;0.0019;74.2390;21.5379;0.8533;1.1466;14.6762;-94.2373;359.4445;346.2113;226.1735;302.8469;0.7831;357.7332
0.6719;0.6752;False;False;73.9957;21.5013;-0.0155;-0.0267;14.3804;-93.7760;359.8477;359.7546;230.5121;301.4209;0.4719;0.4386;-7.4450;-0.0001;0.0144;-6.4109;4.5362;-7.6478;191987;71.65246;Infinity;2649.86;74.2369;21.3967;1.2817;1.1620;14.0609;-93.4285;352.3481;352.5385;230.2926;288.6763;0.4774;2.1279;LeftFalse_RightFalse;LeftFalse_RightFalse;HandLeft_(0.3, -0.7, -0.3)_(0.7, 0.3, -0.7, -0.1)_1.046027_System.String[];HandLeft_(-0.7, -0.3, -0.2)_(0.8, 0.4, -0.5, 0.2)_1.005502_System.String[];HandRight_(0.5, -0.8, -0.3)_(-0.2, -0.6, -0.5, 0.6)_1.046027_System.String[];HandRight_(-0.5, -0.3, -0.1)_(-0.2, -0.7, -0.3, 0.6)_1.005502_System.String[];10.3823;0.0688;0.0019;73.9191;21.2257;0.8533;1.1472;14.4070;-94.0476;359.4614;346.2145;226.5838;302.8637;0.8118;357.7668
0.6719;0.6743;False;False;73.6736;21.1890;-0.0155;-0.0261;14.1135;-93.5856;359.8477;359.7551;230.9864;301.4314;0.4687;0.4402;-7.4776;-0.0001;0.0143;-6.3339;4.5587;-7.7403;191990;71.6311;Infinity;2649.90;73.9133;21.0857;1.2817;1.1626;13.7931;-93.2388;352.3480;352.5384;230.7659;288.6867;0.4739;2.1285;LeftFalse_RightFalse;LeftFalse_RightFalse;HandLeft_(0.3, -0.7, -0.3)_(0.7, 0.3, -0.7, -0.1)_1.046027_System.String[];HandLeft_(-0.7, -0.3, -0.2)_(0.8, 0.4, -0.5, 0.2)_1.005502_System.String[];HandRight_(0.5, -0.8, -0.3)_(-0.2, -0.6, -0.5, 0.6)_1.046027_System.String[];HandRight_(-0.5, -0.3, -0.1)_(-0.2, -0.7, -0.3, 0.6)_1.005502_System.String[];10.4241;0.0688;0.0019;73.5984;20.9144;0.8533;1.1477;14.1417;-93.8582;359.4521;346.2351;226.9997;302.8531;0.8525;357.8288
0.6719;0.6736;False;False;73.3504;20.8772;-0.0155;-0.0255;13.8503;-93.3955;359.8476;359.7570;231.4589;301.4422;0.4661;0.4427;-7.4991;-0.0001;0.0129;-6.2818;4.5735;-7.8014;191993;71.81607;Infinity;2649.94;73.5867;20.7734;1.2817;1.1631;13.5273;-93.0484;352.3479;352.5403;231.2398;288.6971;0.4711;2.1305;LeftFalse_RightFalse;LeftFalse_RightFalse;HandLeft_(0.3, -0.7, -0.3)_(0.7, 0.3, -0.7, -0.1)_1.046027_System.String[];HandLeft_(-0.7, -0.3, -0.2)_(0.8, 0.4, -0.5, 0.2)_1.005502_System.String[];HandRight_(0.5, -0.8, -0.3)_(-0.2, -0.6, -0.5, 0.6)_1.046027_System.String[];HandRight_(-0.5, -0.3, -0.1)_(-0.2, -0.7, -0.3, 0.6)_1.005502_System.String[];10.4658;0.0688;0.0019;73.2748;20.6020;0.8533;1.1483;13.8784;-93.6679;359.4264;346.2721;227.4424;302.8100;0.8723;357.9342
0.6719;0.6739;False;False;73.0242;20.5641;-0.0155;-0.0250;13.5890;-93.2045;359.8475;359.7595;231.9323;301.4532;0.4640;0.4457;-7.5206;-0.0001;0.0131;-6.2293;4.5883;-7.8619;191996;71.87022;Infinity;2649.98;73.2580;20.4607;1.2817;1.1637;13.2643;-92.8577;352.3478;352.5433;231.7134;288.7078;0.4688;2.1327;LeftFalse_RightFalse;LeftFalse_RightFalse;HandLeft_(0.3, -0.7, -0.3)_(0.7, 0.3, -0.7, -0.1)_1.046027_System.String[];HandLeft_(-0.7, -0.3, -0.2)_(0.8, 0.4, -0.5, 0.2)_1.005502_System.String[];HandRight_(0.5, -0.8, -0.3)_(-0.2, -0.6, -0.5, 0.6)_1.046027_System.String[];HandRight_(-0.5, -0.3, -0.1)_(-0.2, -0.7, -0.3, 0.6)_1.005502_System.String[];10.5076;0.0685;0.0019;72.9491;20.2891;0.8533;1.1488;13.6179;-93.4772;359.4113;346.3111;227.9095;302.7572;0.8795;358.0282
0.6719;0.6755;False;False;72.6913;20.2463;-0.0155;-0.0244;13.3268;-93.0106;359.8474;359.7595;232.4116;301.4645;0.4622;0.4472;-7.5417;-0.0001;0.0126;-6.1765;4.6030;-7.9218;191999;71.44459;Infinity;2650.03;72.9236;20.1442;1.2817;1.1642;13.0012;-92.6645;352.3477;352.5450;232.1914;288.7188;0.4669;2.1348;LeftFalse_RightFalse;LeftFalse_RightFalse;HandLeft_(0.3, -0.7, -0.3)_(0.7, 0.3, -0.7, -0.1)_1.046027_System.String[];HandLeft_(-0.7, -0.3, -0.2)_(0.8, 0.4, -0.5, 0.2)_1.005502_System.String[];HandRight_(0.6, -0.8, -0.3)_(-0.2, -0.6, -0.5, 0.6)_1.046027_System.String[];HandRight_(-0.5, -0.3, -0.1)_(-0.2, -0.7, -0.3, 0.6)_1.005502_System.String[];10.5498;0.0682;0.0019;72.6177;19.9725;0.8533;1.1493;13.3573;-93.2842;359.4264;346.3495;228.3956;302.7274;0.9113;358.0932
0.6715;0.6766;False;False;72.3574;19.9290;-0.0155;-0.0239;13.0682;-92.8169;359.8473;359.7577;232.8881;301.4757;0.4608;0.4472;-7.5629;-0.0001;0.0136;-6.1230;4.6178;-7.9813;192002;71.41119;Infinity;2650.07;72.5870;19.8272;1.2817;1.1648;12.7407;-92.4710;352.3476;352.5435;232.6684;288.7299;0.4654;2.1354;LeftFalse_RightFalse;LeftFalse_RightFalse;HandLeft_(0.3, -0.7, -0.3)_(0.7, 0.3, -0.7, -0.1)_1.046027_System.String[];HandLeft_(-0.7, -0.3, -0.2)_(0.8, 0.4, -0.5, 0.2)_1.005502_System.String[];HandRight_(0.5, -0.8, -0.3)_(-0.2, -0.6, -0.5, 0.6)_1.046027_System.String[];HandRight_(-0.5, -0.3, -0.1)_(-0.2, -0.7, -0.3, 0.6)_1.005502_System.String[];10.5918;0.0682;0.0019;72.2841;19.6554;0.8532;1.1499;13.0994;-93.0906;359.4967;346.3715;228.8882;302.7361;0.9619;358.1398
0.6705;0.6774;False;False;72.0214;19.6112;-0.0155;-0.0233;12.8124;-92.6228;359.8472;359.7570;233.3639;301.4870;0.4598;0.4470;-7.5839;-0.0001;0.0140;-6.0687;4.6326;-8.0404;192005;71.48208;Infinity;2650.11;72.2473;19.5089;1.2817;1.1653;12.4823;-92.2765;352.3475;352.5421;233.1459;288.7413;0.4642;2.1351;LeftFalse_RightFalse;LeftFalse_RightFalse;HandLeft_(0.3, -0.7, -0.3)_(0.7, 0.3, -0.7, -0.1)_1.046027_System.String[];HandLeft_(-0.7, -0.3, -0.2)_(0.8, 0.4, -0.5, 0.2)_1.005502_System.String[];HandRight_(0.5, -0.8, -0.3)_(-0.2, -0.6, -0.5, 0.6)_1.046027_System.String[];HandRight_(-0.5, -0.3, -0.1)_(-0.1, -0.7, -0.3, 0.6)_1.005502_System.String[];10.6338;0.0682;0.0021;71.9475;19.3368;0.8532;1.1504;12.8436;-92.8961;359.5814;346.3844;229.3658;302.7856;0.9926;358.1661
0.6684;0.6773;False;False;71.6851;19.2948;-0.0155;-0.0227;12.5607;-92.4295;359.8472;359.7578;233.8364;301.4984;0.4591;0.4492;-7.6049;-0.0001;0.0141;-6.0137;4.6475;-8.0989;192008;71.73426;Infinity;2650.15;71.9086;19.1929;1.2817;1.1659;12.2290;-92.0834;352.3474;352.5429;233.6183;288.7524;0.4634;2.1365;LeftFalse_RightFalse;LeftFalse_RightFalse;HandLeft_(0.3, -0.7, -0.3)_(0.7, 0.3, -0.7, -0.1)_1.046027_System.String[];HandLeft_(-0.7, -0.3, -0.2)_(0.8, 0.4, -0.5, 0.2)_1.005502_System.String[];HandRight_(0.5, -0.8, -0.3)_(-0.2, -0.6, -0.5, 0.6)_1.046027_System.String[];HandRight_(-0.5, -0.3, -0.1)_(-0.2, -0.7, -0.3, 0.6)_1.005502_System.String[];10.6753;0.0682;0.0024;71.6120;19.0207;0.8532;1.1510;12.5929;-92.7030;359.6083;346.3863;229.8183;302.8642;0.9917;358.1731
0.6643;0.6769;False;False;71.3458;18.9770;-0.0155;-0.0221;12.3111;-92.2352;359.8472;359.7603;234.3098;301.5108;0.4587;0.4516;-7.6256;-0.0001;0.0129;-5.9578;4.6627;-8.1567;192011;71.79942;Infinity;2650.19;71.5672;18.8759;1.2817;1.1665;11.9780;-91.8896;352.3474;352.5453;234.0910;288.7640;0.4629;2.1382;LeftFalse_RightFalse;LeftFalse_RightFalse;HandLeft_(0.3, -0.7, -0.3)_(0.7, 0.3, -0.7, -0.1)_1.046027_System.String[];HandLeft_(-0.7, -0.3, -0.2)_(0.8, 0.4, -0.5, 0.2)_1.005502_System.String[];HandRight_(0.5, -0.8, -0.3)_(-0.2, -0.6, -0.5, 0.6)_1.046027_System.String[];HandRight_(-0.5, -0.3, -0.1)_(-0.2, -0.7, -0.3, 0.6)_1.005502_System.String[];10.7170;0.0683;0.0033;71.2738;18.7036;0.8531;1.1516;12.3445;-92.5092;359.5791;346.3867;230.2452;302.9452;1.0063;358.1690
0.6611;0.6769;False;False;71.0037;18.6579;-0.0155;-0.0216;12.0636;-92.0400;359.8472;359.7627;234.7842;301.5252;0.4586;0.4557;-7.6460;-0.0001;0.0129;-5.9009;4.6783;-8.2136;192014;71.82404;Infinity;2650.24;71.2219;18.5566;1.2817;1.1670;11.7285;-91.6943;352.3474;352.5489;234.5660;288.7773;0.4627;2.1414;LeftFalse_RightFalse;LeftFalse_RightFalse;HandLeft_(0.3, -0.7, -0.3)_(0.7, 0.3, -0.7, -0.1)_1.046027_System.String[];HandLeft_(-0.7, -0.3, -0.2)_(0.8, 0.4, -0.5, 0.2)_1.005502_System.String[];HandRight_(0.5, -0.8, -0.3)_(-0.2, -0.6, -0.5, 0.6)_1.046027_System.String[];HandRight_(-0.5, -0.3, -0.1)_(-0.2, -0.7, -0.3, 0.6)_1.005502_System.String[];10.7588;0.0683;0.0049;70.9317;18.3842;0.8531;1.1521;12.0974;-92.3139;359.5293;346.3898;230.6464;303.0446;1.0074;358.1469
0.6587;0.6766;False;False;70.6590;18.3380;-0.0155;-0.0211;11.8187;-91.8441;359.8474;359.7625;235.2590;301.5434;0.4587;0.4585;-7.6653;-0.0001;0.0123;-5.8431;4.6950;-8.2696;192017;71.79401;Infinity;2650.28;70.8755;18.2379;1.2817;1.1676;11.4825;-91.4991;352.3476;352.5503;235.0395;288.7936;0.4627;2.1445;LeftFalse_RightFalse;LeftFalse_RightFalse;HandLeft_(0.3, -0.7, -0.3)_(0.7, 0.3, -0.7, -0.1)_1.046027_System.String[];HandLeft_(-0.7, -0.3, -0.2)_(0.8, 0.4, -0.5, 0.2)_1.005502_System.String[];HandRight_(0.5, -0.8, -0.3)_(-0.2, -0.6, -0.5, 0.6)_1.046027_System.String[];HandRight_(-0.5, -0.3, -0.1)_(-0.2, -0.7, -0.3, 0.6)_1.005502_System.String[];10.8005;0.0683;0.0072;70.5886;18.0653;0.8531;1.1526;11.8535;-92.1186;359.4571;346.4194;231.0671;303.1710;1.0171;358.1216
0.6570;0.6764;False;False;70.3128;18.0180;-0.0155;-0.0206;11.5769;-91.6479;359.8477;359.7613;235.7330;301.5683;0.4589;0.4609;-7.6835;-0.0001;0.0131;-5.7845;4.7130;-8.3250;192020;71.88689;Infinity;2650.32;70.5257;17.9175;1.2817;1.1681;11.2385;-91.3027;352.3478;352.5496;235.5145;288.8157;0.4629;2.1473;LeftFalse_RightFalse;LeftFalse_RightFalse;HandLeft_(0.3, -0.7, -0.3)_(0.7, 0.3, -0.7, -0.1)_1.046027_System.String[];HandLeft_(-0.7, -0.3, -0.2)_(0.8, 0.4, -0.5, 0.2)_1.005502_System.String[];HandRight_(0.5, -0.8, -0.3)_(-0.2, -0.6, -0.5, 0.6)_1.046027_System.String[];HandRight_(-0.5, -0.3, -0.1)_(-0.2, -0.7, -0.3, 0.6)_1.005502_System.String[];10.8423;0.0683;0.0100;70.2421;17.7447;0.8531;1.1531;11.6117;-91.9221;359.4168;346.4741;231.5442;303.3491;1.0244;358.1137
0.6557;0.6762;False;False;69.9623;17.6956;-0.0155;-0.0200;11.3363;-91.4498;359.8480;359.7611;236.2102;301.6032;0.4593;0.4649;-7.7086;-0.0001;0.0135;-5.6950;4.7424;-8.4068;192023;71.7224;Infinity;2650.36;70.1734;17.5963;1.2817;1.1687;10.9969;-91.1053;352.3481;352.5497;235.9902;288.8467;0.4633;2.1504;LeftFalse_RightFalse;LeftFalse_RightFalse;HandLeft_(0.3, -0.7, -0.3)_(0.7, 0.3, -0.7, -0.1)_1.046027_System.String[];HandLeft_(-0.7, -0.3, -0.2)_(0.8, 0.3, -0.5, 0.2)_1.005502_System.String[];HandRight_(0.5, -0.8, -0.3)_(-0.2, -0.6, -0.5, 0.6)_1.046027_System.String[];HandRight_(-0.5, -0.3, -0.1)_(-0.2, -0.7, -0.3, 0.5)_1.005502_System.String[];10.8843;0.0686;0.0132;69.8930;17.4231;0.8531;1.1536;11.3723;-91.7246;359.4034;346.5699;232.0605;303.5777;1.0080;358.1133
0.6548;0.6761;False;False;69.6113;17.3741;-0.0156;-0.0194;11.0997;-91.2518;359.8484;359.7626;236.6859;301.6502;0.4600;0.4719;-7.7240;-0.0001;0.0131;-5.6339;4.7639;-8.4608;192026;71.84303;Infinity;2650.40;69.8188;17.2745;1.2817;1.1693;10.7580;-90.9071;352.3485;352.5520;236.4665;288.8886;0.4639;2.1563;LeftFalse_RightFalse;LeftFalse_RightFalse;HandLeft_(0.3, -0.7, -0.3)_(0.7, 0.3, -0.7, -0.1)_1.046027_System.String[];HandLeft_(-0.7, -0.3, -0.2)_(0.8, 0.3, -0.5, 0.2)_1.005502_System.String[];HandRight_(0.5, -0.8, -0.3)_(-0.2, -0.6, -0.5, 0.6)_1.046027_System.String[];HandRight_(-0.5, -0.3, -0.1)_(-0.2, -0.7, -0.4, 0.5)_1.005502_System.String[];10.9258;0.0696;0.0167;69.5417;17.1010;0.8531;1.1541;11.1357;-91.5260;359.4041;346.6623;232.5826;303.8119;0.9745;358.1182
0.6488;0.6760;False;False;69.2578;17.0519;-0.0156;-0.0189;10.8657;-91.0529;359.8488;359.7655;237.1642;301.7121;0.4612;0.4797;-7.7382;-0.0001;0.0120;-5.5709;4.7872;-8.5149;192029;71.88933;Infinity;2650.44;69.4629;16.9530;1.2817;1.1698;10.5225;-90.7085;352.3489;352.5561;236.9433;288.9443;0.4649;2.1628;LeftFalse_RightFalse;LeftFalse_RightFalse;HandLeft_(0.3, -0.7, -0.3)_(0.7, 0.3, -0.7, -0.1)_1.046027_System.String[];HandLeft_(-0.7, -0.3, -0.2)_(0.8, 0.3, -0.5, 0.2)_1.005502_System.String[];HandRight_(0.5, -0.8, -0.3)_(-0.2, -0.6, -0.5, 0.6)_1.046027_System.String[];HandRight_(-0.5, -0.3, -0.1)_(-0.2, -0.7, -0.4, 0.5)_1.005502_System.String[];10.9675;0.0712;0.0201;69.1889;16.7790;0.8531;1.1546;10.9025;-91.3269;359.4023;346.7381;233.0895;304.0332;0.9457;358.1235
0.5644;0.6759;False;False;68.8992;16.7266;-0.0156;-0.0184;10.6327;-90.8513;359.8492;359.7674;237.6515;301.7919;0.4632;0.4898;-7.7510;-0.0001;0.0121;-5.5045;4.8122;-8.5662;192032;71.64779;Infinity;2650.49;69.1021;16.6289;1.2817;1.1704;10.2881;-90.5075;352.3493;352.5608;237.4276;289.0167;0.4666;2.1719;LeftFalse_RightFalse;LeftFalse_RightFalse;HandLeft_(0.3, -0.7, -0.3)_(0.7, 0.3, -0.7, -0.1)_1.046027_System.String[];HandLeft_(-0.7, -0.3, -0.2)_(0.8, 0.3, -0.5, 0.1)_1.005502_System.String[];HandRight_(0.5, -0.8, -0.3)_(-0.2, -0.6, -0.5, 0.5)_1.046027_System.String[];HandRight_(-0.5, -0.3, -0.1)_(-0.2, -0.7, -0.4, 0.5)_1.005502_System.String[];11.0095;0.0732;0.0233;68.8315;16.4542;0.8530;1.1551;10.6702;-91.1253;359.3872;346.7858;233.5738;304.2715;0.9180;358.1109
0.4115;0.6759;False;False;68.5387;16.4009;-0.0156;-0.0179;10.4028;-90.6486;359.8510;359.7666;238.1454;301.8905;0.4661;0.4990;-7.7623;0.0000;0.0119;-5.4276;4.8390;-8.6022;192035;71.51295;Infinity;2650.53;68.7397;16.3048;1.2816;1.1709;10.0571;-90.3057;352.3504;352.5629;237.9172;289.1074;0.4692;2.1812;LeftFalse_RightFalse;LeftFalse_RightFalse;HandLeft_(0.3, -0.7, -0.3)_(0.7, 0.3, -0.7, -0.1)_1.046027_System.String[];HandLeft_(-0.7, -0.3, -0.2)_(0.8, 0.3, -0.5, 0.1)_1.005502_System.String[];HandRight_(0.5, -0.8, -0.3)_(-0.3, -0.6, -0.5, 0.5)_1.046027_System.String[];HandRight_(-0.5, -0.3, -0.1)_(-0.2, -0.7, -0.4, 0.5)_1.005502_System.String[];11.0515;0.0749;0.0265;68.4726;16.1293;0.8530;1.1556;10.4412;-90.9227;359.3365;346.8377;234.0531;304.5103;0.9194;358.0927
0.3000;0.6762;False;False;68.1764;16.0741;-0.0156;-0.0174;10.1762;-90.4444;359.8557;359.7656;238.6467;302.0084;0.4693;0.5083;-7.7723;0.0000;0.0132;-5.3404;4.8671;-8.6220;192038;71.42004;Infinity;2650.57;68.3731;15.9781;1.2816;1.1715;9.8278;-90.1012;352.3540;352.5636;238.4173;289.2179;0.4724;2.1906;LeftFalse_RightFalse;LeftFalse_RightFalse;HandLeft_(0.3, -0.7, -0.3)_(0.7, 0.3, -0.7, -0.1)_1.046027_System.String[];HandLeft_(-0.7, -0.3, -0.2)_(0.8, 0.3, -0.5, 0.1)_1.005502_System.String[];HandRight_(0.5, -0.8, -0.3)_(-0.2, -0.6, -0.5, 0.5)_1.046027_System.String[];HandRight_(-0.5, -0.3, -0.1)_(-0.2, -0.7, -0.4, 0.5)_1.005502_System.String[];11.0938;0.0765;0.0293;68.1092;15.8017;0.8531;1.1561;10.2140;-90.7171;359.3074;346.8801;234.5525;304.7689;0.9837;358.0617
0.2187;0.6772;False;False;67.8143;15.7476;-0.0156;-0.0168;9.9541;-90.2394;359.8640;359.7661;239.1532;302.1452;0.4729;0.5201;-7.7810;0.0002;0.0130;-5.2437;4.8971;-8.6267;192041;71.4152;Infinity;2650.61;68.0075;15.6528;1.2816;1.1721;9.6037;-89.8964;352.3610;352.5659;238.9209;289.3467;0.4759;2.2010;LeftFalse_RightFalse;LeftFalse_RightFalse;HandLeft_(0.3, -0.7, -0.3)_(0.7, 0.3, -0.7, -0.1)_1.046027_System.String[];HandLeft_(-0.7, -0.3, -0.2)_(0.8, 0.3, -0.5, 0.1)_1.005502_System.String[];HandRight_(0.5, -0.8, -0.3)_(-0.2, -0.6, -0.5, 0.5)_1.046027_System.String[];HandRight_(-0.5, -0.3, -0.1)_(-0.2, -0.7, -0.4, 0.5)_1.005502_System.String[];11.1357;0.0779;0.0323;67.7471;15.4752;0.8535;1.1566;9.9916;-90.5113;359.2569;346.9078;235.0995;305.0493;1.1010;358.0169
0.1594;0.6775;False;False;67.4531;15.4215;-0.0155;-0.0163;9.7370;-90.0334;359.8753;359.7684;239.6639;302.3013;0.4765;0.5325;-7.7882;0.0003;0.0126;-5.1397;4.9293;-8.6196;192044;71.52773;Infinity;2650.65;67.6410;15.3265;1.2815;1.1727;9.3833;-89.6899;352.3715;352.5703;239.4312;289.4951;0.4795;2.2132;LeftFalse_RightFalse;LeftFalse_RightFalse;HandLeft_(0.3, -0.7, -0.3)_(0.7, 0.3, -0.7, -0.1)_1.046027_System.String[];HandLeft_(-0.7, -0.3, -0.2)_(0.8, 0.3, -0.5, 0.1)_1.005502_System.String[];HandRight_(0.5, -0.8, -0.3)_(-0.2, -0.6, -0.5, 0.5)_1.046027_System.String[];HandRight_(-0.5, -0.3, -0.1)_(-0.2, -0.7, -0.4, 0.5)_1.005502_System.String[];11.1775;0.0792;0.0353;67.3839;15.1476;0.8538;1.1571;9.7732;-90.3034;359.2474;346.9429;235.7152;305.3883;1.2129;357.9604
0.1162;0.6770;False;False;67.0920;15.0948;-0.0155;-0.0158;9.5243;-89.8257;359.8889;359.7707;240.1802;302.4772;0.4803;0.5471;-7.7942;0.0005;0.0121;-5.0309;4.9632;-8.6044;192047;71.49962;Infinity;2650.70;67.2769;15.0021;1.2815;1.1732;9.1691;-89.4830;352.3845;352.5760;239.9437;289.6626;0.4833;2.2259;LeftFalse_RightFalse;LeftFalse_RightFalse;HandLeft_(0.3, -0.7, -0.3)_(0.7, 0.3, -0.7, -0.1)_1.046027_System.String[];HandLeft_(-0.7, -0.3, -0.2)_(0.8, 0.3, -0.5, 0.1)_1.005502_System.String[];HandRight_(0.5, -0.8, -0.3)_(-0.3, -0.6, -0.5, 0.5)_1.046027_System.String[];HandRight_(-0.5, -0.3, -0.1)_(-0.2, -0.7, -0.4, 0.5)_1.005502_System.String[];11.2195;0.0800;0.0381;67.0231;14.8216;0.8540;1.1575;9.5609;-90.0954;359.3093;346.9417;236.3946;305.7803;1.2924;357.9274
0.0847;0.6767;False;False;66.7314;14.7675;-0.0155;-0.0153;9.3162;-89.6163;359.9037;359.7710;240.7008;302.6728;0.4840;0.5622;-7.7981;0.0006;0.0117;-4.9190;4.9993;-8.5832;192050;71.47648;Infinity;2650.74;66.9114;14.6755;1.2814;1.1738;8.9583;-89.2734;352.3990;352.5805;240.4635;289.8503;0.4871;2.2410;LeftFalse_RightFalse;LeftFalse_RightFalse;HandLeft_(0.3, -0.7, -0.3)_(0.7, 0.3, -0.7, -0.1)_1.046027_System.String[];HandLeft_(-0.7, -0.3, -0.2)_(0.8, 0.3, -0.5, 0.1)_1.005502_System.String[];HandRight_(0.5, -0.8, -0.3)_(-0.3, -0.6, -0.5, 0.5)_1.046027_System.String[];HandRight_(-0.5, -0.3, -0.1)_(-0.2, -0.7, -0.4, 0.5)_1.005502_System.String[];11.2615;0.0802;0.0414;66.6605;14.4933;0.8539;1.1579;9.3523;-89.8843;359.4858;346.9248;237.1221;306.2809;1.3357;357.8842
0.0618;0.6764;False;False;66.3708;14.4391;-0.0155;-0.0148;9.1125;-89.4045;359.9187;359.7697;241.2248;302.8895;0.4871;0.5760;-7.7996;0.0007;0.0122;-4.8054;5.0382;-8.5571;192053;71.30596;Infinity;2650.78;66.5484;14.3505;1.2814;1.1743;8.7535;-89.0630;352.4139;352.5824;240.9835;290.0573;0.4904;2.2548;LeftFalse_RightFalse;LeftFalse_RightFalse;HandLeft_(0.3, -0.7, -0.3)_(0.7, 0.3, -0.7, -0.1)_1.046027_System.String[];HandLeft_(-0.7, -0.3, -0.2)_(0.8, 0.2, -0.5, 0.1)_1.005502_System.String[];HandRight_(0.5, -0.8, -0.3)_(-0.3, -0.6, -0.5, 0.5)_1.046027_System.String[];HandRight_(-0.5, -0.3, -0.1)_(-0.2, -0.7, -0.4, 0.5)_1.005502_System.String[];11.3037;0.0801;0.0453;66.3007;14.1664;0.8537;1.1584;9.1498;-89.6725;359.7147;346.9258;237.7946;306.8094;1.3376;357.8527
0.0054;0.6752;False;False;66.0139;14.1129;-0.0154;-0.0142;8.9153;-89.1923;359.9330;359.7693;241.7451;303.1274;0.4896;0.5917;-7.7972;0.0008;0.0125;-4.6336;5.1021;-8.5113;192056;71.48846;Infinity;2650.82;66.1849;14.0240;1.2814;1.1749;8.5527;-88.8497;352.4285;352.5848;241.5067;290.2869;0.4931;2.2694;LeftFalse_RightFalse;LeftFalse_RightFalse;HandLeft_(0.3, -0.7, -0.3)_(0.7, 0.3, -0.7, -0.1)_1.046027_System.String[];HandLeft_(-0.7, -0.3, -0.2)_(0.8, 0.2, -0.5, 0.0)_1.005502_System.String[];HandRight_(0.5, -0.8, -0.3)_(-0.3, -0.6, -0.6, 0.5)_1.046027_System.String[];HandRight_(-0.5, -0.3, -0.1)_(-0.2, -0.7, -0.5, 0.5)_1.005502_System.String[];11.3455;0.0800;0.0509;65.9406;13.8381;0.8536;1.1588;8.9514;-89.4576;359.7841;346.9362;238.3220;307.3976;1.3705;357.8116
-0.1576;0.6743;False;False;65.6574;13.7858;-0.0154;-0.0137;8.7225;-88.9775;359.9469;359.7707;242.2650;303.3912;0.4911;0.6098;-7.7911;0.0009;0.0122;-4.5101;5.1498;-8.4597;192059;71.48276;Infinity;2650.86;65.8233;13.6982;1.2814;1.1755;8.3574;-88.6347;352.4424;352.5895;242.0278;290.5397;0.4950;2.2867;LeftFalse_RightFalse;LeftFalse_RightFalse;HandLeft_(0.3, -0.7, -0.3)_(0.7, 0.3, -0.7, -0.1)_1.046027_System.String[];HandLeft_(-0.7, -0.3, -0.2)_(0.8, 0.2, -0.5, 0.0)_1.005502_System.String[];HandRight_(0.5, -0.8, -0.3)_(-0.3, -0.6, -0.6, 0.5)_1.046027_System.String[];HandRight_(-0.5, -0.3, -0.1)_(-0.2, -0.7, -0.5, 0.5)_1.005502_System.String[];11.3875;0.0800;0.0571;65.5826;13.5101;0.8539;1.1592;8.7583;-89.2411;359.7134;346.9436;238.7103;307.9865;1.3776;357.7513
-0.3094;0.6736;False;False;65.3046;13.4597;-0.0154;-0.0132;8.5358;-88.7609;359.9643;359.7729;242.7791;303.6851;0.4914;0.6301;-7.7814;0.0010;0.0119;-4.3639;5.2019;-8.3587;192062;71.57555;Infinity;2650.91;65.4644;13.3731;1.2813;1.1761;8.1677;-88.4178;352.4581;352.5959;242.5446;290.8209;0.4957;2.3049;LeftFalse_RightFalse;LeftFalse_RightFalse;HandLeft_(0.3, -0.7, -0.3)_(0.7, 0.3, -0.7, -0.1)_1.046027_System.String[];HandLeft_(-0.7, -0.3, -0.2)_(0.8, 0.2, -0.5, -0.1)_1.005502_System.String[];HandRight_(0.5, -0.8, -0.3)_(-0.3, -0.6, -0.5, 0.5)_1.046027_System.String[];HandRight_(-0.5, -0.3, -0.1)_(-0.3, -0.7, -0.5, 0.4)_1.005502_System.String[];11.4292;0.0802;0.0634;65.2273;13.1825;0.8541;1.1596;8.5709;-89.0226;359.6884;346.9336;239.0836;308.6201;1.3362;357.6691
-0.3913;0.6731;False;False;64.9588;13.1359;-0.0153;-0.0127;8.3568;-88.5431;359.9888;359.7736;243.2832;304.0121;0.4902;0.6534;-7.7681;0.0013;0.0116;-4.2013;5.2575;-8.2196;192065;71.78214;Infinity;2650.95;65.1125;13.0511;1.2813;1.1767;7.9858;-88.2002;352.4801;352.6022;243.0515;291.1331;0.4950;2.3270;LeftFalse_RightFalse;LeftFalse_RightFalse;HandLeft_(0.3, -0.7, -0.3)_(0.7, 0.3, -0.7, -0.1)_1.046027_System.String[];HandLeft_(-0.7, -0.3, -0.2)_(0.8, 0.4, -0.4, -0.1)_1.005502_System.String[];HandRight_(0.5, -0.8, -0.3)_(-0.3, -0.6, -0.6, 0.5)_1.046027_System.String[];HandRight_(-0.5, -0.3, -0.1)_(-0.3, -0.7, -0.5, 0.4)_1.005502_System.String[];11.4709;0.0802;0.0689;64.8789;12.8575;0.8542;1.1599;8.3916;-88.8032;359.7684;346.9359;239.5239;309.2612;1.2449;357.5822
-0.4515;0.6728;False;False;64.6171;12.8103;-0.0153;-0.0122;8.1839;-88.3213;0.0193;359.7724;243.7824;304.3760;0.4877;0.6757;-7.7522;0.0015;0.0118;-4.0321;5.3154;-8.0613;192068;71.64124;Infinity;2650.99;64.7650;12.7285;1.2813;1.1773;7.8102;-87.9790;352.5089;352.6066;243.5526;291.4818;0.4929;2.3496;LeftFalse_RightFalse;LeftFalse_RightFalse;HandLeft_(0.3, -0.7, -0.3)_(0.7, 0.3, -0.7, -0.1)_1.046027_System.String[];HandLeft_(-0.7, -0.3, -0.2)_(0.8, 0.4, -0.4, -0.1)_1.005502_System.String[];HandRight_(0.5, -0.8, -0.3)_(-0.3, -0.6, -0.6, 0.5)_1.046027_System.String[];HandRight_(-0.5, -0.4, -0.1)_(-0.3, -0.7, -0.5, 0.4)_1.005502_System.String[];11.5129;0.0802;0.0729;64.5353;12.5315;0.8542;1.1603;8.2190;-88.5803;359.9215;347.0027;240.0628;309.9337;1.1123;357.5275
-0.4669;0.6725;False;False;64.2798;12.4827;-0.0152;-0.0117;8.0170;-88.0949;0.0537;359.7715;244.2762;304.7762;0.4838;0.6988;-7.7337;0.0018;0.0124;-3.8593;5.3757;-7.8878;192071;71.21877;Infinity;2651.03;64.4230;12.4054;1.2813;1.1779;7.6413;-87.7543;352.5421;352.6103;244.0469;291.8655;0.4894;2.3717;LeftFalse_RightFalse;LeftFalse_RightFalse;HandLeft_(0.3, -0.7, -0.3)_(0.7, 0.3, -0.7, -0.1)_1.046027_System.String[];HandLeft_(-0.7, -0.3, -0.2)_(0.8, 0.4, -0.4, -0.2)_1.005502_System.String[];HandRight_(0.5, -0.8, -0.3)_(-0.3, -0.6, -0.6, 0.5)_1.046027_System.String[];HandRight_(-0.5, -0.4, -0.1)_(-0.3, -0.7, -0.6, 0.4)_1.005502_System.String[];11.5552;0.0802;0.0757;64.1976;12.2046;0.8541;1.1607;8.0530;-88.3538;0.0042;347.1104;240.6544;310.5799;0.9936;357.5166
-0.4694;0.6724;False;False;63.9528;12.1583;-0.0151;-0.0112;7.8589;-87.8675;0.0882;359.7718;244.7560;305.2029;0.4785;0.7239;-7.7131;0.0020;0.0128;-3.6886;5.4380;-7.7103;192074;71.29865;Infinity;2651.07;64.0868;12.0815;1.2813;1.1785;7.4792;-87.5254;352.5771;352.6157;244.5340;292.2822;0.4845;2.3962;LeftFalse_RightFalse;LeftFalse_RightFalse;HandLeft_(0.3, -0.7, -0.3)_(0.7, 0.3, -0.7, -0.1)_1.046027_System.String[];HandLeft_(-0.7, -0.3, -0.2)_(0.8, 0.4, -0.4, -0.2)_1.005502_System.String[];HandRight_(0.5, -0.8, -0.3)_(-0.2, -0.6, -0.6, 0.5)_1.046027_System.String[];HandRight_(-0.5, -0.4, -0.1)_(-0.3, -0.7, -0.6, 0.4)_1.005502_System.String[];11.5972;0.0802;0.0773;63.8656;11.8765;0.8541;1.1611;7.8938;-88.1230;359.9056;347.2285;241.1952;311.2098;0.9515;357.5487
-0.4831;0.6722;False;False;63.6362;11.8376;-0.0150;-0.0107;7.7094;-87.6392;0.1203;359.7732;245.2207;305.6502;0.4718;0.7476;-7.6908;0.0021;0.0119;-3.5218;5.5014;-7.5314;192077;71.63519;Infinity;2651.12;63.7623;11.7623;1.2814;1.1791;7.3264;-87.2963;352.6103;352.6222;245.0048;292.7209;0.4782;2.4195;LeftFalse_RightFalse;LeftFalse_RightFalse;HandLeft_(0.3, -0.7, -0.3)_(0.7, 0.3, -0.7, -0.1)_1.046027_System.String[];HandLeft_(-0.7, -0.3, -0.2)_(0.8, 0.3, -0.4, -0.2)_1.005502_System.String[];HandRight_(0.5, -0.8, -0.3)_(-0.2, -0.6, -0.6, 0.5)_1.046027_System.String[];HandRight_(-0.5, -0.4, -0.1)_(-0.3, -0.7, -0.6, 0.4)_1.005502_System.String[];11.6389;0.0802;0.0781;63.5454;11.5529;0.8544;1.1615;7.7438;-87.8918;359.6885;347.2395;241.6523;311.8078;0.9299;357.5791
-0.4884;0.6724;False;False;63.3273;11.5178;-0.0149;-0.0102;7.5670;-87.4081;0.1493;359.7742;245.6738;306.1165;0.4635;0.7716;-7.6666;0.0022;0.0121;-3.3581;5.5664;-7.3483;192080;71.79906;Infinity;2651.16;63.4469;11.4453;1.2814;1.1797;7.1816;-87.0651;352.6403;352.6287;245.4627;293.1786;0.4703;2.4430;LeftFalse_RightFalse;LeftFalse_RightFalse;HandLeft_(0.3, -0.7, -0.3)_(0.7, 0.3, -0.7, -0.1)_1.046027_System.String[];HandLeft_(-0.7, -0.3, -0.2)_(0.8, 0.3, -0.4, -0.2)_1.005502_System.String[];HandRight_(0.5, -0.8, -0.3)_(-0.3, -0.6, -0.6, 0.5)_1.046027_System.String[];HandRight_(-0.5, -0.4, -0.1)_(-0.3, -0.7, -0.5, 0.4)_1.005502_System.String[];11.6807;0.0806;0.0781;63.2344;11.2313;0.8548;1.1618;7.6014;-87.6587;359.4477;347.1509;242.0809;312.3995;0.9005;357.6147
-0.4974;0.6723;False;False;63.0241;11.1966;-0.0148;-0.0097;7.4306;-87.1722;0.1748;359.7734;246.1185;306.6005;0.4535;0.7924;-7.6407;0.0022;0.0115;-3.1983;5.6325;-7.1628;192083;71.60425;Infinity;2651.20;63.1379;11.1278;1.2815;1.1803;7.0430;-86.8296;352.6669;352.6335;245.9113;293.6548;0.4608;2.4648;LeftFalse_RightFalse;LeftFalse_RightFalse;HandLeft_(0.3, -0.7, -0.3)_(0.7, 0.3, -0.7, -0.1)_1.046027_System.String[];HandLeft_(-0.7, -0.3, -0.2)_(0.8, 0.3, -0.4, -0.2)_1.005502_System.String[];HandRight_(0.5, -0.8, -0.3)_(-0.2, -0.6, -0.6, 0.5)_1.046027_System.String[];HandRight_(-0.5, -0.4, -0.1)_(-0.3, -0.7, -0.6, 0.4)_1.005502_System.String[];11.7227;0.0812;0.0781;62.9295;10.9090;0.8552;1.1622;7.4655;-87.4210;359.2567;347.0848;242.5139;312.9730;0.8411;357.6436
-0.5059;0.6722;False;False;62.7288;10.8760;-0.0148;-0.0092;7.3009;-86.9330;0.1967;359.7726;246.5519;307.0952;0.4421;0.8109;-7.5980;0.0020;0.0123;-2.9659;5.7343;-6.8800;192086;71.43916;Infinity;2651.24;62.8357;10.8100;1.2816;1.1809;6.9109;-86.5900;352.6900;352.6368;246.3503;294.1446;0.4497;2.4838;LeftFalse_RightFalse;LeftFalse_RightFalse;HandLeft_(0.3, -0.7, -0.3)_(0.7, 0.3, -0.7, -0.1)_1.046027_System.String[];HandLeft_(-0.7, -0.3, -0.2)_(0.8, 0.3, -0.4, -0.2)_1.005502_System.String[];HandRight_(0.5, -0.8, -0.3)_(-0.3, -0.6, -0.6, 0.5)_1.046027_System.String[];HandRight_(-0.5, -0.4, -0.1)_(-0.3, -0.7, -0.6, 0.4)_1.005502_System.String[];11.7646;0.0821;0.0783;62.6318;10.5863;0.8553;1.1626;7.3358;-87.1791;359.1330;347.0723;242.9487;313.5343;0.7431;357.6707
-0.5142;0.6728;False;False;62.4431;10.5582;-0.0147;-0.0086;7.1785;-86.6918;0.2150;359.7727;246.9719;307.5950;0.4295;0.8296;-7.5670;0.0020;0.0126;-2.8159;5.8039;-6.6881;192089;71.5415;Infinity;2651.28;62.5429;10.4945;1.2817;1.1815;6.7861;-86.3482;352.7095;352.6406;246.7766;294.6408;0.4373;2.5021;LeftFalse_RightFalse;LeftFalse_RightFalse;HandLeft_(0.3, -0.7, -0.3)_(0.7, 0.3, -0.7, -0.1)_1.046027_System.String[];HandLeft_(-0.7, -0.3, -0.2)_(0.8, 0.3, -0.4, -0.2)_1.005502_System.String[];HandRight_(0.5, -0.8, -0.3)_(-0.2, -0.6, -0.6, 0.5)_1.046027_System.String[];HandRight_(-0.5, -0.4, -0.1)_(-0.3, -0.7, -0.6, 0.4)_1.005502_System.String[];11.8066;0.0833;0.0790;62.3433;10.2658;0.8556;1.1630;7.2131;-86.9350;359.0335;347.0763;243.3708;314.0819;0.6588;357.6560
-0.5185;0.6736;False;False;62.1652;10.2409;-0.0146;-0.0081;7.0623;-86.4469;0.2305;359.7739;247.3824;308.1026;0.4158;0.8473;-7.5340;0.0019;0.0119;-2.6694;5.8749;-6.4927;192092;71.4178;Infinity;2651.33;62.2607;10.1827;1.2818;1.1821;6.6687;-86.1051;352.7258;352.6454;247.1891;295.1400;0.4239;2.5197;LeftFalse_RightFalse;LeftFalse_RightFalse;HandLeft_(0.3, -0.7, -0.3)_(0.7, 0.3, -0.7, -0.1)_1.046027_System.String[];HandLeft_(-0.7, -0.3, -0.2)_(0.8, 0.3, -0.4, -0.2)_1.005502_System.String[];HandRight_(0.5, -0.8, -0.3)_(-0.3, -0.6, -0.6, 0.5)_1.046027_System.String[];HandRight_(-0.5, -0.4, -0.1)_(-0.3, -0.7, -0.6, 0.4)_1.005502_System.String[];11.8486;0.0847;0.0799;62.0652;9.9490;0.8560;1.1634;7.0977;-86.6898;358.8958;347.1031;243.7598;314.6242;0.6118;357.6178
-0.5422;0.6742;False;False;61.8957;9.9249;-0.0145;-0.0076;6.9525;-86.1986;0.2438;359.7751;247.7830;308.6175;0.4012;0.8655;-7.4988;0.0018;0.0118;-2.5262;5.9474;-6.2927;192095;71.40588;Infinity;2651.37;61.9832;9.8680;1.2820;1.1826;6.5562;-85.8553;352.7398;352.6506;247.5974;295.6533;0.4094;2.5370;LeftFalse_RightFalse;LeftFalse_RightFalse;HandLeft_(0.3, -0.7, -0.3)_(0.7, 0.3, -0.7, -0.1)_1.046027_System.String[];HandLeft_(-0.7, -0.3, -0.2)_(0.8, 0.3, -0.4, -0.2)_1.005502_System.String[];HandRight_(0.5, -0.8, -0.3)_(-0.2, -0.6, -0.6, 0.5)_1.046027_System.String[];HandRight_(-0.5, -0.4, -0.1)_(-0.3, -0.7, -0.6, 0.4)_1.005502_System.String[];11.8906;0.0860;0.0809;61.7917;9.6290;0.8563;1.1638;6.9870;-86.4378;358.7194;347.1601;244.1286;315.1853;0.5833;357.5926
-0.5463;0.6746;False;False;61.6374;9.6132;-0.0144;-0.0071;6.8497;-85.9494;0.2552;359.7758;248.1702;309.1349;0.3858;0.8815;-7.4618;0.0017;0.0113;-2.3869;6.0209;-6.0888;192098;71.69466;Infinity;2651.41;61.7179;9.5587;1.2821;1.1832;6.4514;-85.6054;352.7518;352.6554;247.9908;296.1674;0.3942;2.5536;LeftFalse_RightFalse;LeftFalse_RightFalse;HandLeft_(0.3, -0.7, -0.3)_(0.7, 0.3, -0.7, -0.1)_1.046027_System.String[];HandLeft_(-0.7, -0.3, -0.2)_(0.8, 0.3, -0.4, -0.2)_1.005502_System.String[];HandRight_(0.5, -0.8, -0.3)_(-0.3, -0.6, -0.6, 0.5)_1.046027_System.String[];HandRight_(-0.5, -0.4, -0.1)_(-0.3, -0.7, -0.6, 0.4)_1.005502_System.String[];11.9324;0.0872;0.0821;61.5302;9.3145;0.8568;1.1642;6.8839;-86.1856;358.5341;347.1935;244.5018;315.7491;0.5755;357.6285
-0.5582;0.6749;False;False;61.3873;9.3025;-0.0144;-0.0066;6.7527;-85.6964;0.2653;359.7758;248.5480;309.6606;0.3698;0.8953;-7.4227;0.0016;0.0117;-2.2524;6.0955;-5.8835;192101;71.74734;Infinity;2651.45;61.4622;9.2517;1.2823;1.1837;6.3529;-85.3528;352.7623;352.6586;248.3734;296.6878;0.3782;2.5676;LeftFalse_RightFalse;LeftFalse_RightFalse;HandLeft_(0.3, -0.7, -0.3)_(0.7, 0.3, -0.7, -0.1)_1.046027_System.String[];HandLeft_(-0.7, -0.3, -0.2)_(0.8, 0.3, -0.4, -0.2)_1.005502_System.String[];HandRight_(0.5, -0.8, -0.3)_(-0.3, -0.6, -0.6, 0.5)_1.046027_System.String[];HandRight_(-0.5, -0.4, -0.1)_(-0.3, -0.7, -0.6, 0.4)_1.005502_System.String[];11.9741;0.0880;0.0829;61.2781;9.0023;0.8571;1.1646;6.7872;-85.9308;358.3696;347.1767;244.8738;316.3337;0.6005;357.6647
-0.5622;0.6752;False;False;61.1435;8.9899;-0.0143;-0.0062;6.6604;-85.4372;0.2741;359.7764;248.9193;310.1996;0.3528;0.9095;-7.3820;0.0015;0.0118;-2.1222;6.1706;-5.6752;192104;71.43207;Infinity;2651.49;61.2121;8.9423;1.2824;1.1843;6.2589;-85.0935;352.7715;352.6620;248.7508;297.2228;0.3614;2.5812;LeftFalse_RightFalse;LeftFalse_RightFalse;HandLeft_(0.3, -0.7, -0.3)_(0.7, 0.2, -0.7, -0.1)_1.046027_System.String[];HandLeft_(-0.7, -0.3, -0.2)_(0.8, 0.3, -0.4, -0.2)_1.005502_System.String[];HandRight_(0.5, -0.8, -0.3)_(-0.3, -0.6, -0.6, 0.5)_1.046027_System.String[];HandRight_(-0.5, -0.4, -0.1)_(-0.3, -0.7, -0.6, 0.4)_1.005502_System.String[];12.0164;0.0886;0.0837;61.0313;8.6875;0.8573;1.1650;6.6947;-85.6691;358.2645;347.1126;245.2469;316.9443;0.6520;357.6998
-0.5623;0.6753;False;False;60.9123;8.6835;-0.0143;-0.0057;6.5749;-85.1783;0.2816;359.7777;249.2734;310.7378;0.3354;0.9228;-7.3398;0.0014;0.0117;-1.9971;6.2460;-5.4655;192107;71.71543;Infinity;2651.53;60.9742;8.6385;1.2826;1.1848;6.1718;-84.8340;352.7794;352.6661;249.1122;297.7583;0.3440;2.5949;LeftFalse_RightFalse;LeftFalse_RightFalse;HandLeft_(0.3, -0.7, -0.3)_(0.7, 0.2, -0.7, -0.1)_1.046027_System.String[];HandLeft_(-0.7, -0.3, -0.2)_(0.8, 0.3, -0.4, -0.2)_1.005502_System.String[];HandRight_(0.5, -0.8, -0.3)_(-0.3, -0.6, -0.6, 0.5)_1.046027_System.String[];HandRight_(-0.5, -0.4, -0.1)_(-0.3, -0.7, -0.6, 0.4)_1.005502_System.String[];12.0579;0.0890;0.0843;60.7970;8.3787;0.8575;1.1653;6.6091;-85.4073;358.2021;347.0320;245.5821;317.5573;0.7075;357.7458
-0.5623;0.6754;False;False;60.6901;8.3789;-0.0142;-0.0052;6.4947;-84.9160;0.2880;359.7797;249.6149;311.2824;0.3174;0.9357;-7.2961;0.0014;0.0109;-1.8773;6.3217;-5.2557;192110;71.85205;Infinity;2651.58;60.7462;8.3372;1.2827;1.1853;6.0904;-84.5716;352.7861;352.6706;249.4601;298.2994;0.3261;2.6068;LeftFalse_RightFalse;LeftFalse_RightFalse;HandLeft_(0.3, -0.7, -0.3)_(0.7, 0.2, -0.7, -0.1)_1.046027_System.String[];HandLeft_(-0.7, -0.3, -0.2)_(0.8, 0.3, -0.4, -0.2)_1.005502_System.String[];HandRight_(0.5, -0.8, -0.3)_(-0.3, -0.6, -0.6, 0.5)_1.046027_System.String[];HandRight_(-0.5, -0.4, -0.1)_(-0.3, -0.7, -0.6, 0.4)_1.005502_System.String[];12.0996;0.0890;0.0848;60.5724;8.0722;0.8578;1.1657;6.5289;-85.1425;358.1290;346.9199;245.8777;318.1613;0.7323;357.7798
-0.5624;0.6755;False;False;60.4760;8.0750;-0.0141;-0.0047;6.4192;-84.6494;0.2933;359.7822;249.9440;311.8350;0.2989;0.9478;-7.2510;0.0013;0.0103;-1.7629;6.3979;-5.0460;192113;71.75636;Infinity;2651.62;60.5270;8.0373;1.2829;1.1858;6.0139;-84.3055;352.7917;352.6760;249.7953;298.8473;0.3076;2.6188;LeftFalse_RightFalse;LeftFalse_RightFalse;HandLeft_(0.3, -0.7, -0.3)_(0.7, 0.2, -0.7, -0.1)_1.046027_System.String[];HandLeft_(-0.7, -0.3, -0.2)_(0.8, 0.3, -0.4, -0.2)_1.005502_System.String[];HandRight_(0.5, -0.8, -0.3)_(-0.3, -0.6, -0.6, 0.5)_1.046027_System.String[];HandRight_(-0.5, -0.4, -0.1)_(-0.3, -0.7, -0.6, 0.4)_1.005502_System.String[];12.1416;0.0890;0.0853;60.3564;7.7670;0.8580;1.1660;6.4539;-84.8739;358.0218;346.7903;246.1533;318.7567;0.7251;357.8106
-0.5702;0.6756;False;False;60.2720;7.7744;-0.0141;-0.0043;6.3489;-84.3806;0.2975;359.7842;250.2572;312.3905;0.2802;0.9577;-7.2043;0.0012;0.0102;-1.6535;6.4743;-4.8367;192116;71.8815;Infinity;2651.66;60.3170;7.7393;1.2831;1.1863;5.9424;-84.0359;352.7963;352.6804;250.1165;299.4015;0.2887;2.6285;LeftFalse_RightFalse;LeftFalse_RightFalse;HandLeft_(0.3, -0.7, -0.3)_(0.7, 0.2, -0.7, -0.1)_1.046027_System.String[];HandLeft_(-0.7, -0.3, -0.2)_(0.8, 0.3, -0.4, -0.2)_1.005502_System.String[];HandRight_(0.5, -0.8, -0.3)_(-0.3, -0.6, -0.6, 0.5)_1.046027_System.String[];HandRight_(-0.5, -0.4, -0.1)_(-0.3, -0.7, -0.6, 0.4)_1.005502_System.String[];12.1831;0.0891;0.0854;60.1495;7.4636;0.8581;1.1663;6.3838;-84.6018;357.8984;346.6577;246.4328;319.3407;0.6857;357.8369
-0.5741;0.6756;False;False;60.0769;7.4753;-0.0141;-0.0039;6.2831;-84.1080;0.3011;359.7861;250.5562;312.9514;0.2611;0.9669;-7.1319;-0.0003;0.0102;-1.4997;6.5887;-4.5186;192119;71.86678;Infinity;2651.70;60.1166;7.4442;1.2832;1.1867;5.8757;-83.7637;352.8000;352.6842;250.4224;299.9590;0.2697;2.6372;LeftFalse_RightFalse;LeftFalse_RightFalse;HandLeft_(0.3, -0.7, -0.3)_(0.7, 0.2, -0.7, -0.1)_1.046027_System.String[];HandLeft_(-0.7, -0.3, -0.2)_(0.8, 0.3, -0.4, -0.2)_1.005502_System.String[];HandRight_(0.5, -0.8, -0.3)_(-0.3, -0.6, -0.6, 0.5)_1.046027_System.String[];HandRight_(-0.5, -0.4, -0.1)_(-0.3, -0.7, -0.6, 0.4)_1.005502_System.String[];12.2249;0.0894;0.0854;59.9520;7.1632;0.8584;1.1668;6.3182;-84.3274;357.7731;346.5439;246.7191;319.9189;0.6328;357.8601
-0.5781;0.6757;False;False;59.8901;7.1768;-0.0141;-0.0035;6.2213;-83.8306;0.3042;359.7885;250.8418;313.5186;0.2415;0.9757;-7.0822;0.0003;0.0101;-1.4019;6.6648;-4.3063;192122;71.68172;Infinity;2651.74;59.9245;7.1494;1.2833;1.1872;5.8130;-83.4865;352.8033;352.6884;250.7153;300.5236;0.2500;2.6457;LeftFalse_RightFalse;LeftFalse_RightFalse;HandLeft_(0.3, -0.7, -0.3)_(0.7, 0.2, -0.7, -0.1)_1.046027_System.String[];HandLeft_(-0.7, -0.3, -0.2)_(0.8, 0.3, -0.4, -0.2)_1.005502_System.String[];HandRight_(0.5, -0.8, -0.3)_(-0.3, -0.6, -0.6, 0.5)_1.046027_System.String[];HandRight_(-0.5, -0.4, -0.1)_(-0.3, -0.7, -0.6, 0.4)_1.005502_System.String[];12.2668;0.0901;0.0851;59.7625;6.8629;0.8586;1.1674;6.2565;-84.0478;357.6616;346.4618;247.0177;320.5050;0.5799;357.8804
-0.5898;0.6757;False;False;59.7124;6.8801;-0.0141;-0.0030;6.1638;-83.5494;0.3068;359.7910;251.1135;314.0887;0.2223;0.9843;-7.0319;0.0007;0.0083;-1.3068;6.7401;-4.0934;192125;71.54319;Infinity;2651.79;59.7413;6.8561;1.2835;1.1876;5.7545;-83.2053;352.8060;352.6925;250.9943;301.0921;0.2305;2.6536;LeftFalse_RightFalse;LeftFalse_RightFalse;HandLeft_(0.3, -0.7, -0.3)_(0.7, 0.2, -0.7, -0.1)_1.046027_System.String[];HandLeft_(-0.7, -0.3, -0.2)_(0.8, 0.3, -0.4, -0.2)_1.005502_System.String[];HandRight_(0.5, -0.8, -0.3)_(-0.3, -0.6, -0.6, 0.5)_1.046027_System.String[];HandRight_(-0.5, -0.4, -0.1)_(-0.3, -0.7, -0.6, 0.4)_1.005502_System.String[];12.3088;0.0911;0.0843;59.5817;6.5640;0.8588;1.1679;6.1988;-83.7642;357.5910;346.4023;247.3228;321.1192;0.5322;357.8987
-0.5976;0.6757;False;False;59.5441;6.5855;-0.0140;-0.0027;6.1103;-83.2649;0.3093;359.7971;251.3716;314.6582;0.2041;0.9917;-6.9814;0.0009;0.0071;-1.2141;6.8149;-3.8776;192128;71.46001;Infinity;2651.83;59.5677;6.5651;1.2836;1.1880;5.7002;-82.9208;352.8085;352.6992;251.2594;301.6611;0.2117;2.6605;LeftFalse_RightFalse;LeftFalse_RightFalse;HandLeft_(0.3, -0.7, -0.3)_(0.7, 0.2, -0.7, -0.1)_1.046027_System.String[];HandLeft_(-0.7, -0.3, -0.2)_(0.8, 0.3, -0.4, -0.2)_1.005502_System.String[];HandRight_(0.5, -0.8, -0.3)_(-0.3, -0.6, -0.6, 0.5)_1.046027_System.String[];HandRight_(-0.5, -0.4, -0.1)_(-0.3, -0.7, -0.6, 0.4)_1.005502_System.String[];12.3508;0.0921;0.0825;59.4103;6.2674;0.8589;1.1683;6.1452;-83.4773;357.5419;346.3691;247.6213;321.7747;0.5158;357.9365
-0.6054;0.6757;False;False;59.3855;6.2934;-0.0140;-0.0024;6.0609;-82.9773;0.3120;359.8036;251.6161;315.2245;0.1866;0.9972;-6.9308;0.0011;0.0060;-1.1243;6.8886;-3.6602;192131;71.44001;Infinity;2651.87;59.4037;6.2763;1.2838;1.1883;5.6500;-82.6332;352.8111;352.7069;251.5108;302.2283;0.1939;2.6650;LeftFalse_RightFalse;LeftFalse_RightFalse;HandLeft_(0.3, -0.7, -0.3)_(0.7, 0.2, -0.7, -0.1)_1.046027_System.String[];HandLeft_(-0.7, -0.3, -0.2)_(0.8, 0.3, -0.4, -0.2)_1.005502_System.String[];HandRight_(0.5, -0.8, -0.3)_(-0.3, -0.6, -0.6, 0.5)_1.046027_System.String[];HandRight_(-0.5, -0.4, -0.1)_(-0.3, -0.7, -0.6, 0.4)_1.005502_System.String[];12.3928;0.0931;0.0799;59.2484;5.9729;0.8590;1.1686;6.0956;-83.1870;357.5175;346.3484;247.8959;322.4135;0.5245;358.0029
-0.6211;0.6761;False;False;59.2364;6.0035;-0.0139;-0.0022;6.0155;-82.6866;0.3148;359.8098;251.8471;315.7842;0.1700;1.0004;-6.8806;0.0011;0.0057;-1.0374;6.9609;-3.4412;192134;71.43419;Infinity;2651.91;59.2495;5.9899;1.2839;1.1885;5.6037;-82.3424;352.8139;352.7139;251.7486;302.7904;0.1768;2.6674;LeftFalse_RightFalse;LeftFalse_RightFalse;HandLeft_(0.3, -0.7, -0.3)_(0.7, 0.2, -0.7, -0.1)_1.046027_System.String[];HandLeft_(-0.7, -0.3, -0.2)_(0.8, 0.3, -0.4, -0.2)_1.005502_System.String[];HandRight_(0.5, -0.8, -0.3)_(-0.3, -0.6, -0.6, 0.5)_1.046027_System.String[];HandRight_(-0.5, -0.4, -0.1)_(-0.3, -0.7, -0.6, 0.4)_1.005502_System.String[];12.4348;0.0941;0.0773;59.0961;5.6808;0.8591;1.1688;6.0499;-82.8937;357.5067;346.3011;248.1259;323.0052;0.5528;358.1012
-0.6250;0.6771;False;False;59.0971;5.7159;-0.0139;-0.0020;5.9738;-82.3928;0.3181;359.8159;252.0645;316.3340;0.1540;1.0016;-6.8306;0.0011;0.0058;-0.9526;7.0320;-3.2183;192137;71.4491;Infinity;2651.95;59.1049;5.7055;1.2841;1.1887;5.5612;-82.0484;352.8170;352.7203;251.9730;303.3440;0.1605;2.6679;LeftFalse_RightFalse;LeftFalse_RightFalse;HandLeft_(0.3, -0.7, -0.3)_(0.7, 0.2, -0.7, -0.1)_1.046027_System.String[];HandLeft_(-0.7, -0.3, -0.2)_(0.8, 0.3, -0.4, -0.2)_1.005502_System.String[];HandRight_(0.5, -0.8, -0.3)_(-0.3, -0.6, -0.6, 0.5)_1.046027_System.String[];HandRight_(-0.5, -0.4, -0.1)_(-0.3, -0.7, -0.6, 0.4)_1.005502_System.String[];12.4768;0.0948;0.0751;58.9534;5.3909;0.8591;1.1690;6.0078;-82.5972;357.4908;346.2805;248.3374;323.5282;0.5693;358.1831
-0.6289;0.6774;False;False;58.9678;5.4309;-0.0139;-0.0017;5.9358;-82.0963;0.3216;359.8218;252.2676;316.8716;0.1385;1.0021;-6.7806;0.0011;0.0051;-0.8713;7.1021;-2.9955;192140;71.53221;Infinity;2652.00;58.9703;5.4232;1.2842;1.1889;5.5223;-81.7511;352.8205;352.7260;252.1833;303.8868;0.1447;2.6671;LeftFalse_RightFalse;LeftFalse_RightFalse;HandLeft_(0.3, -0.7, -0.3)_(0.7, 0.2, -0.7, -0.1)_1.046027_System.String[];HandLeft_(-0.7, -0.3, -0.2)_(0.8, 0.3, -0.4, -0.2)_1.005502_System.String[];HandRight_(0.5, -0.8, -0.3)_(-0.3, -0.6, -0.6, 0.5)_1.046027_System.String[];HandRight_(-0.5, -0.4, -0.1)_(-0.3, -0.7, -0.6, 0.4)_1.005502_System.String[];12.5188;0.0954;0.0729;58.8205;5.1030;0.8591;1.1692;5.9695;-82.2974;357.4736;346.3239;248.5257;324.0057;0.5636;358.2139
-0.6289;0.6770;False;False;58.8490;5.1497;-0.0138;-0.0015;5.9015;-81.7986;0.3251;359.8287;252.4552;317.3941;0.1235;1.0015;-6.7310;0.0011;0.0047;-0.7930;7.1713;-2.7726;192143;71.75993;Infinity;2652.04;58.8468;5.1453;1.2844;1.1891;5.4874;-81.4534;352.8240;352.7327;252.3775;304.4134;0.1295;2.6656;LeftFalse_RightFalse;LeftFalse_RightFalse;HandLeft_(0.3, -0.7, -0.3)_(0.7, 0.2, -0.7, -0.1)_1.046027_System.String[];HandLeft_(-0.7, -0.3, -0.2)_(0.8, 0.4, -0.4, -0.2)_1.005502_System.String[];HandRight_(0.5, -0.8, -0.3)_(-0.3, -0.6, -0.6, 0.5)_1.046027_System.String[];HandRight_(-0.5, -0.4, -0.1)_(-0.2, -0.7, -0.6, 0.4)_1.005502_System.String[];12.5605;0.0958;0.0710;58.6985;4.8199;0.8592;1.1694;5.9350;-81.9972;357.4600;346.4221;248.7041;324.4616;0.5364;358.2343
-0.6289;0.6766;False;False;58.7398;4.8707;-0.0138;-0.0013;5.8705;-81.4979;0.3284;359.8350;252.6282;317.9049;0.1091;1.0006;-6.6815;0.0010;0.0039;-0.7181;7.2391;-2.5507;192146;71.87286;Infinity;2652.08;58.7330;4.8696;1.2845;1.1892;5.4558;-81.1527;352.8273;352.7389;252.5571;304.9282;0.1147;2.6625;LeftFalse_RightFalse;LeftFalse_RightFalse;HandLeft_(0.4, -0.7, -0.3)_(0.7, 0.2, -0.7, -0.1)_1.046027_System.String[];HandLeft_(-0.7, -0.3, -0.2)_(0.8, 0.3, -0.4, -0.2)_1.005502_System.String[];HandRight_(0.5, -0.8, -0.3)_(-0.3, -0.6, -0.6, 0.5)_1.046027_System.String[];HandRight_(-0.5, -0.4, -0.1)_(-0.2, -0.7, -0.5, 0.4)_1.005502_System.String[];12.6021;0.0960;0.0693;58.5862;4.5390;0.8592;1.1696;5.9037;-81.6939;357.4606;346.5022;248.8880;324.9317;0.5146;358.2721
-0.6250;0.6764;False;False;58.6390;4.5904;-0.0137;-0.0012;5.8423;-81.1906;0.3313;359.8375;252.7881;318.4106;0.0949;0.9967;-6.6076;0.0009;0.0024;-0.6119;7.3390;-2.2206;192149;71.48584;Infinity;2652.12;58.6281;4.5934;1.2846;1.1893;5.4271;-80.8463;352.8304;352.7420;252.7233;305.4363;0.1004;2.6595;LeftFalse_RightFalse;LeftFalse_RightFalse;HandLeft_(0.3, -0.7, -0.3)_(0.7, 0.2, -0.7, -0.1)_1.046027_System.String[];HandLeft_(-0.7, -0.3, -0.2)_(0.8, 0.4, -0.4, -0.2)_1.005502_System.String[];HandRight_(0.5, -0.8, -0.3)_(-0.3, -0.6, -0.6, 0.5)_1.046027_System.String[];HandRight_(-0.5, -0.4, -0.1)_(-0.2, -0.7, -0.5, 0.4)_1.005502_System.String[];12.6443;0.0960;0.0677;58.4826;4.2577;0.8592;1.1697;5.8754;-81.3851;357.4714;346.5580;249.0739;325.4225;0.5007;358.3613
-0.6250;0.6762;False;False;58.5481;4.3124;-0.0137;-0.0011;5.8173;-80.8802;0.3336;359.8380;252.9322;318.9048;0.0815;0.9919;-6.5587;-0.0001;-0.0013;-0.5451;7.4033;-2.0032;192152;71.28503;Infinity;2652.16;58.5327;4.3187;1.2848;1.1894;5.4014;-80.5363;352.8329;352.7418;252.8744;305.9348;0.0864;2.6548;LeftFalse_RightFalse;LeftFalse_RightFalse;HandLeft_(0.3, -0.7, -0.3)_(0.7, 0.2, -0.7, -0.1)_1.046027_System.String[];HandLeft_(-0.7, -0.3, -0.2)_(0.8, 0.4, -0.4, -0.1)_1.005502_System.String[];HandRight_(0.5, -0.8, -0.3)_(-0.3, -0.6, -0.6, 0.5)_1.046027_System.String[];HandRight_(-0.5, -0.4, -0.1)_(-0.2, -0.7, -0.5, 0.4)_1.005502_System.String[];12.6865;0.0960;0.0659;58.3884;3.9780;0.8592;1.1698;5.8500;-81.0726;357.4789;346.6050;249.2382;325.9073;0.4858;358.4736
-0.6015;0.6761;False;False;58.4677;4.0398;-0.0137;-0.0013;5.7954;-80.5709;0.3379;359.8459;253.0594;319.3806;0.0703;0.9870;-6.5111;-0.0016;-0.0046;-0.4816;7.4672;-1.7907;192155;71.63017;Infinity;2652.20;58.4477;4.0482;1.2848;1.1893;5.3789;-80.2260;352.8363;352.7455;253.0087;306.4173;0.0749;2.6489;LeftFalse_RightFalse;LeftFalse_RightFalse;HandLeft_(0.3, -0.7, -0.3)_(0.7, 0.2, -0.7, -0.1)_1.046027_System.String[];HandLeft_(-0.7, -0.3, -0.2)_(0.8, 0.4, -0.4, -0.1)_1.005502_System.String[];HandRight_(0.5, -0.8, -0.3)_(-0.3, -0.6, -0.6, 0.5)_1.046027_System.String[];HandRight_(-0.5, -0.4, -0.1)_(-0.2, -0.7, -0.5, 0.5)_1.005502_System.String[];12.7280;0.0960;0.0635;58.3045;3.7026;0.8592;1.1698;5.8277;-80.7599;357.4423;346.6304;249.3513;326.3368;0.4568;358.6337
-0.5859;0.6760;False;False;58.3960;3.7674;-0.0138;-0.0015;5.7761;-80.2568;0.3427;359.8588;253.1726;319.8466;0.0587;0.9811;-6.4648;-0.0021;-0.0064;-0.4222;7.5291;-1.5863;192158;71.5159;Infinity;2652.25;58.3723;3.7806;1.2848;1.1890;5.3591;-79.9139;352.8412;352.7554;253.1277;306.8858;0.0630;2.6410;LeftFalse_RightFalse;LeftFalse_RightFalse;HandLeft_(0.3, -0.7, -0.3)_(0.7, 0.2, -0.7, -0.1)_1.046027_System.String[];HandLeft_(-0.7, -0.3, -0.2)_(0.8, 0.4, -0.5, -0.1)_1.005502_System.String[];HandRight_(0.5, -0.8, -0.3)_(-0.3, -0.6, -0.6, 0.5)_1.046027_System.String[];HandRight_(-0.5, -0.4, -0.1)_(-0.2, -0.7, -0.5, 0.5)_1.005502_System.String[];12.7700;0.0960;0.0603;58.2302;3.4304;0.8594;1.1695;5.8081;-80.4454;357.3790;346.6467;249.4421;326.7169;0.4260;358.7883
-0.5976;0.6759;False;False;58.3329;3.4958;-0.0139;-0.0018;5.7593;-79.9384;0.3466;359.8739;253.2718;320.3005;0.0478;0.9744;-6.4201;-0.0023;-0.0077;-0.3651;7.5890;-1.3848;192161;71.29465;Infinity;2652.29;58.3053;3.5124;1.2848;1.1886;5.3418;-79.5964;352.8454;352.7685;253.2331;307.3448;0.0518;2.6317;LeftFalse_RightFalse;LeftFalse_RightFalse;HandLeft_(0.3, -0.7, -0.3)_(0.7, 0.2, -0.7, -0.1)_1.046027_System.String[];HandLeft_(-0.7, -0.3, -0.2)_(0.8, 0.4, -0.5, -0.1)_1.005502_System.String[];HandRight_(0.5, -0.8, -0.3)_(-0.3, -0.6, -0.6, 0.5)_1.046027_System.String[];HandRight_(-0.5, -0.4, -0.1)_(-0.2, -0.7, -0.5, 0.5)_1.005502_System.String[];12.8123;0.0960;0.0563;58.1641;3.1578;0.8596;1.1692;5.7910;-80.1253;357.3434;346.6318;249.5486;327.0872;0.4276;358.9526
-0.5859;0.6759;False;False;58.2788;3.2268;-0.0140;-0.0021;5.7450;-79.6182;0.3500;359.8882;253.3565;320.7362;0.0377;0.9633;-6.3775;-0.0022;-0.0077;-0.3092;7.6465;-1.1822;192164;71.3103;Infinity;2652.33;58.2470;3.2445;1.2848;1.1881;5.3268;-79.2741;352.8489;352.7806;253.3247;307.7912;0.0413;2.6189;LeftFalse_RightFalse;LeftFalse_RightFalse;HandLeft_(0.3, -0.7, -0.3)_(0.7, 0.2, -0.7, -0.1)_1.046027_System.String[];HandLeft_(-0.7, -0.3, -0.2)_(0.8, 0.4, -0.5, -0.1)_1.005502_System.String[];HandRight_(0.5, -0.8, -0.3)_(-0.3, -0.6, -0.6, 0.5)_1.046027_System.String[];HandRight_(-0.5, -0.4, -0.1)_(-0.2, -0.7, -0.5, 0.5)_1.005502_System.String[];12.8542;0.0960;0.0523;58.1066;2.8855;0.8596;1.1689;5.7762;-79.8006;357.3525;346.5872;249.6475;327.4645;0.4588;359.1229
-0.5703;0.6755;False;False;58.2339;2.9620;-0.0141;-0.0024;5.7333;-79.2986;0.3524;359.9008;253.4266;321.1475;0.0285;0.9511;-6.3371;-0.0020;-0.0064;-0.2561;7.7017;-0.9865;192167;71.65073;Infinity;2652.37;58.1984;2.9816;1.2847;1.1877;5.3145;-78.9534;352.8518;352.7909;253.4009;308.2129;0.0317;2.6040;LeftFalse_RightFalse;LeftFalse_RightFalse;HandLeft_(0.3, -0.7, -0.3)_(0.7, 0.2, -0.7, -0.1)_1.046027_System.String[];HandLeft_(-0.7, -0.3, -0.2)_(0.8, 0.4, -0.5, -0.1)_1.005502_System.String[];HandRight_(0.5, -0.8, -0.3)_(-0.3, -0.6, -0.6, 0.5)_1.046027_System.String[];HandRight_(-0.5, -0.4, -0.1)_(-0.2, -0.7, -0.5, 0.5)_1.005502_System.String[];12.8960;0.0960;0.0482;58.0586;2.6185;0.8596;1.1686;5.7640;-79.4776;357.3782;346.5242;249.6941;327.8596;0.4767;359.2401
-0.5703;0.6723;False;False;58.1973;2.6980;-0.0141;-0.0028;5.7238;-78.9755;0.3536;359.9189;253.4836;321.5372;0.0202;0.9383;-6.2985;-0.0018;-0.0106;-0.2053;7.7545;-0.7955;192170;71.70617;Infinity;2652.41;58.1584;2.7202;1.2847;1.1872;5.3044;-78.6302;352.8534;352.8029;253.4635;308.6125;0.0230;2.5882;LeftFalse_RightFalse;LeftFalse_RightFalse;HandLeft_(0.3, -0.7, -0.3)_(0.7, 0.2, -0.7, -0.1)_1.046027_System.String[];HandLeft_(-0.7, -0.3, -0.2)_(0.8, 0.4, -0.5, -0.1)_1.005502_System.String[];HandRight_(0.5, -0.8, -0.3)_(-0.3, -0.6, -0.6, 0.5)_1.046027_System.String[];HandRight_(-0.5, -0.3, -0.1)_(-0.2, -0.7, -0.5, 0.5)_1.005502_System.String[];12.9377;0.0960;0.0445;58.0191;2.3533;0.8596;1.1683;5.7541;-79.1521;357.3852;346.4827;249.7020;328.2620;0.5055;359.3289
-0.5586;0.6635;False;False;58.1689;2.4360;-0.0142;-0.0033;5.7164;-78.6505;0.3537;359.9410;253.5276;321.9039;0.0128;0.9277;-6.2621;-0.0014;-0.0134;-0.1557;7.8055;-0.6066;192173;71.74979;Infinity;2652.46;58.1271;2.4612;1.2847;1.1865;5.2966;-78.3058;352.8538;352.8213;253.5125;308.9875;0.0153;2.5707;LeftFalse_RightFalse;LeftFalse_RightFalse;HandLeft_(0.3, -0.7, -0.3)_(0.7, 0.2, -0.7, -0.1)_1.046027_System.String[];HandLeft_(-0.7, -0.3, -0.2)_(0.8, 0.4, -0.5, -0.1)_1.005502_System.String[];HandRight_(0.5, -0.8, -0.3)_(-0.3, -0.6, -0.6, 0.5)_1.046027_System.String[];HandRight_(-0.5, -0.3, -0.1)_(-0.2, -0.7, -0.5, 0.5)_1.005502_System.String[];12.9795;0.0960;0.0419;57.9883;2.0908;0.8596;1.1678;5.7460;-78.8254;357.3904;346.4627;249.7054;328.6468;0.5366;359.3894
-0.5390;0.6397;False;False;58.1486;2.1742;-0.0143;-0.0040;5.7112;-78.3218;0.3526;359.9577;253.5589;322.2517;0.0062;0.9150;-6.2265;-0.0011;-0.0192;-0.1082;7.8539;-0.4235;192176;71.6114;Infinity;2652.50;58.1039;2.2020;1.2847;1.1857;5.2909;-77.9774;352.8531;352.8374;253.5487;309.3430;0.0084;2.5563;LeftFalse_RightFalse;LeftFalse_RightFalse;HandLeft_(0.3, -0.7, -0.3)_(0.7, 0.2, -0.7, -0.1)_1.046027_System.String[];HandLeft_(-0.7, -0.3, -0.2)_(0.8, 0.4, -0.5, -0.1)_1.005502_System.String[];HandRight_(0.5, -0.8, -0.3)_(-0.3, -0.6, -0.6, 0.5)_1.046027_System.String[];HandRight_(-0.5, -0.3, -0.1)_(-0.2, -0.7, -0.5, 0.6)_1.005502_System.String[];13.0215;0.0960;0.0403;57.9655;1.8284;0.8596;1.1672;5.7401;-78.4948;357.4229;346.4576;249.7223;329.0001;0.5519;359.4240
-0.5351;0.5760;False;False;58.1359;1.9137;-0.0143;-0.0049;5.7079;-77.9906;0.3498;359.9692;253.5780;322.5814;0.0006;0.8977;-6.1888;-0.0008;-0.0204;-0.0637;7.8988;-0.2507;192179;71.50563;Infinity;2652.54;58.0887;1.9436;1.2847;1.1847;5.2872;-77.6459;352.8510;352.8467;253.5724;309.6808;0.0024;2.5380;LeftFalse_RightFalse;LeftFalse_RightFalse;HandLeft_(0.3, -0.7, -0.3)_(0.7, 0.2, -0.7, -0.1)_1.046027_System.String[];HandLeft_(-0.7, -0.3, -0.2)_(0.8, 0.4, -0.5, -0.1)_1.005502_System.String[];HandRight_(0.5, -0.8, -0.3)_(-0.3, -0.6, -0.6, 0.5)_1.046027_System.String[];HandRight_(-0.5, -0.3, -0.1)_(-0.2, -0.6, -0.5, 0.6)_1.005502_System.String[];13.0635;0.0960;0.0392;57.9505;1.5666;0.8595;1.1664;5.7362;-78.1610;357.4552;346.4622;249.7369;329.3153;0.5735;359.4395
-0.5195;0.4629;False;False;58.1293;1.6550;-0.0143;-0.0057;5.7062;-77.6576;0.3400;359.9773;253.5881;322.8944;-0.0034;0.8798;-6.1223;-0.0003;-0.0188;-0.0004;7.9492;-0.0027;192182;71.44694;Infinity;2652.58;58.0806;1.6868;1.2847;1.1837;5.2852;-77.3126;352.8450;352.8516;253.5853;310.0018;-0.0024;2.5179;LeftFalse_RightFalse;LeftFalse_RightFalse;HandLeft_(0.3, -0.7, -0.3)_(0.7, 0.2, -0.7, -0.1)_1.046027_System.String[];HandLeft_(-0.7, -0.3, -0.2)_(0.8, 0.4, -0.5, -0.1)_1.005502_System.String[];HandRight_(0.5, -0.8, -0.3)_(-0.3, -0.6, -0.6, 0.5)_1.046027_System.String[];HandRight_(-0.5, -0.3, -0.1)_(-0.2, -0.7, -0.5, 0.6)_1.005502_System.String[];13.1055;0.0960;0.0383;57.9425;1.3065;0.8595;1.1656;5.7341;-77.8258;357.4741;346.4816;249.7395;329.6018;0.5955;359.4471
-0.5039;0.3374;False;False;58.1292;1.3986;-0.0143;-0.0066;5.7062;-77.3237;0.3318;359.9875;253.5880;323.1930;359.9930;0.8630;-6.0676;-0.0004;-0.0209;0.0004;7.9640;0.0014;192185;71.45354;Infinity;2652.62;58.0786;1.4321;1.2847;1.1828;5.2848;-76.9782;352.8381;352.8558;253.5889;310.3077;359.9935;2.4994;LeftFalse_RightFalse;LeftFalse_RightFalse;HandLeft_(0.3, -0.7, -0.3)_(0.7, 0.2, -0.7, -0.1)_1.046027_System.String[];HandLeft_(-0.7, -0.3, -0.2)_(0.8, 0.4, -0.5, -0.1)_1.005502_System.String[];HandRight_(0.5, -0.8, -0.3)_(-0.3, -0.6, -0.6, 0.5)_1.046027_System.String[];HandRight_(-0.5, -0.3, -0.1)_(-0.2, -0.7, -0.5, 0.6)_1.005502_System.String[];13.1475;0.0960;0.0371;57.9405;1.0486;0.8595;1.1649;5.7334;-77.4897;357.4816;346.4724;249.7324;329.8956;0.6044;359.4662
-0.5078;0.2460;False;False;58.1291;1.1449;-0.0144;-0.0075;5.7061;-76.9897;0.3030;0.0044;253.5880;323.4780;359.9927;0.8486;-6.0048;-0.0008;-0.0236;0.0005;7.9631;0.0019;192188;71.46632;Infinity;2652.67;58.0790;1.1803;1.2848;1.1817;5.2850;-76.6440;352.8137;352.8676;253.5890;310.5990;359.9926;2.4809;LeftFalse_RightFalse;LeftFalse_RightFalse;HandLeft_(0.3, -0.7, -0.3)_(0.7, 0.2, -0.7, -0.1)_1.046027_System.String[];HandLeft_(-0.7, -0.3, -0.2)_(0.8, 0.4, -0.5, -0.1)_1.005502_System.String[];HandRight_(0.5, -0.8, -0.3)_(-0.3, -0.6, -0.6, 0.5)_1.046027_System.String[];HandRight_(-0.5, -0.3, -0.1)_(-0.2, -0.7, -0.5, 0.6)_1.005502_System.String[];13.1895;0.0960;0.0356;57.9409;0.7936;0.8596;1.1641;5.7331;-77.1537;357.4771;346.3904;249.7236;330.2163;0.6380;359.5298
-0.5000;0.1793;False;False;58.1290;0.8955;-0.0144;-0.0085;5.7061;-76.6576;0.2673;0.0196;253.5880;323.7491;359.9936;0.8365;-5.9362;-0.0011;-0.0258;0.0005;7.9496;0.0021;192191;71.67851;Infinity;2652.71;58.0796;0.9312;1.2849;1.1806;5.2851;-76.3100;352.7795;352.8804;253.5889;310.8773;359.9932;2.4649;LeftFalse_RightFalse;LeftFalse_RightFalse;HandLeft_(0.3, -0.7, -0.3)_(0.7, 0.2, -0.7, -0.1)_1.046027_System.String[];HandLeft_(-0.7, -0.3, -0.2)_(0.7, 0.4, -0.5, -0.1)_1.005502_System.String[];HandRight_(0.5, -0.8, -0.3)_(-0.3, -0.6, -0.6, 0.5)_1.046027_System.String[];HandRight_(-0.5, -0.3, -0.1)_(-0.2, -0.7, -0.5, 0.6)_1.005502_System.String[];13.2312;0.0960;0.0333;57.9414;0.5415;0.8597;1.1632;5.7330;-76.8179;357.4530;346.2939;249.7105;330.5460;0.6718;359.6363
-0.5000;0.1307;False;False;58.1289;0.6487;-0.0144;-0.0095;5.7061;-76.3259;0.2302;0.0323;253.5880;324.0074;-0.0051;0.8203;-5.8643;-0.0012;-0.0252;0.0005;7.9275;0.0021;192194;71.70597;Infinity;2652.75;58.0803;0.6862;1.2849;1.1794;5.2853;-75.9782;352.7425;352.8907;253.5887;311.1416;-0.0056;2.4480;LeftFalse_RightFalse;LeftFalse_RightFalse;HandLeft_(0.3, -0.7, -0.3)_(0.7, 0.2, -0.7, -0.1)_1.046027_System.String[];HandLeft_(-0.7, -0.3, -0.2)_(0.7, 0.4, -0.5, -0.1)_1.005502_System.String[];HandRight_(0.5, -0.8, -0.3)_(-0.3, -0.6, -0.6, 0.5)_1.046027_System.String[];HandRight_(-0.5, -0.3, -0.1)_(-0.2, -0.6, -0.5, 0.6)_1.005502_System.String[];13.2729;0.0960;0.0303;57.9418;0.2937;0.8597;1.1622;5.7329;-76.4846;357.4301;346.1970;249.6997;330.8877;0.7112;359.7219
-0.5000;0.0953;False;False;58.1288;0.4028;-0.0145;-0.0106;5.7060;-75.9922;0.1948;0.0421;253.5880;324.2525;-0.0037;0.8005;-5.7909;-0.0013;-0.0225;0.0005;7.8973;0.0019;192197;71.37609;Infinity;2652.79;58.0810;0.4424;1.2850;1.1781;5.2855;-75.6449;352.7063;352.8970;253.5885;311.3941;-0.0042;2.4265;LeftFalse_RightFalse;LeftFalse_RightFalse;HandLeft_(0.3, -0.7, -0.3)_(0.7, 0.2, -0.7, -0.1)_1.046027_System.String[];HandLeft_(-0.7, -0.3, -0.2)_(0.7, 0.4, -0.5, -0.1)_1.005502_System.String[];HandRight_(0.5, -0.8, -0.3)_(-0.3, -0.6, -0.6, 0.5)_1.046027_System.String[];HandRight_(-0.5, -0.3, -0.1)_(-0.2, -0.6, -0.5, 0.6)_1.005502_System.String[];13.3152;0.0960;0.0270;57.9424;0.0474;0.8598;1.1615;5.7325;-76.1498;357.4088;346.1017;249.6905;331.2358;0.7597;359.7976
-0.5000;0.0695;False;False;58.1286;0.1611;-0.0146;-0.0115;5.7060;-75.6612;0.1632;0.0504;253.5880;324.4784;-0.0023;0.7805;-5.7175;-0.0013;-0.0213;0.0004;7.8609;0.0017;192200;71.38553;Infinity;2652.83;58.0816;0.2007;1.2850;1.1771;5.2856;-75.3115;352.6732;352.9008;253.5883;311.6301;-0.0028;2.4054;LeftFalse_RightFalse;LeftFalse_RightFalse;HandLeft_(0.3, -0.7, -0.3)_(0.7, 0.2, -0.7, -0.1)_1.046027_System.String[];HandLeft_(-0.7, -0.3, -0.2)_(0.7, 0.4, -0.5, -0.1)_1.005502_System.String[];HandRight_(0.5, -0.8, -0.3)_(-0.3, -0.6, -0.6, 0.5)_1.046027_System.String[];HandRight_(-0.5, -0.3, -0.1)_(-0.2, -0.7, -0.5, 0.6)_1.005502_System.String[];13.3572;0.0960;0.0239;57.9428;-0.1969;0.8595;1.1611;5.7323;-75.8152;357.3983;345.9076;249.6719;331.6091;0.8101;359.8495
-0.5000;0.0506;False;False;58.1285;-0.0766;-0.0146;-0.0123;5.7060;-75.3331;0.1362;0.0602;253.5879;324.6843;-0.0012;0.7621;-5.6444;-0.0012;-0.0188;0.0004;7.8206;0.0015;192203;71.52537;Infinity;2652.88;58.0821;-0.0368;1.2850;1.1761;5.2858;-74.9813;352.6446;352.9054;253.5882;311.8454;-0.0016;2.3841;LeftFalse_RightFalse;LeftFalse_RightFalse;HandLeft_(0.3, -0.7, -0.3)_(0.7, 0.2, -0.7, -0.1)_1.046027_System.String[];HandLeft_(-0.7, -0.3, -0.2)_(0.7, 0.4, -0.5, 0.0)_1.005502_System.String[];HandRight_(0.5, -0.8, -0.3)_(-0.3, -0.6, -0.6, 0.5)_1.046027_System.String[];HandRight_(-0.5, -0.3, -0.1)_(-0.2, -0.7, -0.4, 0.6)_1.005502_System.String[];13.3992;0.0960;0.0212;57.9431;-0.4367;0.8593;1.1608;5.7322;-75.4838;357.3958;345.6366;249.6541;332.0034;0.8487;359.8744
-0.5000;0.0369;False;False;58.1285;-0.3101;-0.0147;-0.0132;5.7059;-75.0082;0.1137;0.0668;253.5879;324.8710;-0.0002;0.7462;-5.5731;-0.0010;-0.0205;0.0003;7.7768;0.0012;192206;71.71804;Infinity;2652.92;58.0826;-0.2693;1.2850;1.1751;5.2859;-74.6557;352.6207;352.9099;253.5880;312.0399;-0.0005;2.3661;LeftFalse_RightFalse;LeftFalse_RightFalse;HandLeft_(0.3, -0.7, -0.3)_(0.7, 0.2, -0.7, -0.1)_1.046027_System.String[];HandLeft_(-0.7, -0.3, -0.2)_(0.7, 0.4, -0.5, 0.0)_1.005502_System.String[];HandRight_(0.5, -0.8, -0.3)_(-0.3, -0.6, -0.6, 0.5)_1.046027_System.String[];HandRight_(-0.5, -0.3, -0.1)_(-0.2, -0.7, -0.4, 0.6)_1.005502_System.String[];13.4409;0.0960;0.0191;57.9434;-0.6715;0.8592;1.1608;5.7321;-75.1571;357.3782;345.3680;249.6354;332.4151;0.8734;359.8826
-0.5000;0.0269;False;False;58.1284;-0.5411;-0.0147;-0.0140;5.7059;-74.6846;0.0954;0.0695;253.5879;325.0405;0.0006;0.7285;-5.5028;-0.0009;-0.0194;0.0002;7.7307;0.0010;192209;71.76894;Infinity;2652.96;58.0829;-0.4998;1.2850;1.1742;5.2860;-74.3308;352.6011;352.9104;253.5879;312.2171;0.0004;2.3492;LeftFalse_RightFalse;LeftFalse_RightFalse;HandLeft_(0.3, -0.7, -0.3)_(0.7, 0.2, -0.7, -0.1)_1.046027_System.String[];HandLeft_(-0.7, -0.3, -0.2)_(0.7, 0.4, -0.5, 0.0)_1.005502_System.String[];HandRight_(0.5, -0.8, -0.3)_(-0.3, -0.6, -0.6, 0.5)_1.046027_System.String[];HandRight_(-0.5, -0.3, -0.1)_(-0.2, -0.7, -0.4, 0.6)_1.005502_System.String[];13.4827;0.0960;0.0177;57.9437;-0.9040;0.8591;1.1606;5.7318;-74.8314;357.3671;345.0848;249.6282;332.8606;0.9000;359.8655
-0.5000;0.0196;False;False;58.1284;-0.7688;-0.0147;-0.0148;5.7059;-74.3634;0.0808;0.0674;253.5879;325.1939;0.0013;0.7066;-5.3991;-0.0006;-0.0157;0.0002;7.6585;0.0007;192212;71.7962;Infinity;2653.00;58.0832;-0.7265;1.2850;1.1733;5.2860;-74.0092;352.5854;352.9049;253.5878;312.3777;0.0011;2.3286;LeftFalse_RightFalse;LeftFalse_RightFalse;HandLeft_(0.3, -0.7, -0.3)_(0.7, 0.2, -0.7, -0.1)_1.046027_System.String[];HandLeft_(-0.7, -0.3, -0.2)_(0.7, 0.4, -0.5, 0.0)_1.005502_System.String[];HandRight_(0.5, -0.8, -0.3)_(-0.3, -0.6, -0.6, 0.5)_1.046027_System.String[];HandRight_(-0.5, -0.3, -0.1)_(-0.2, -0.7, -0.4, 0.6)_1.005502_System.String[];13.5244;0.0960;0.0169;57.9436;-1.1322;0.8591;1.1607;5.7314;-74.5094;357.3756;344.7851;249.6375;333.2951;0.8980;359.8224
-0.4960;0.0143;False;False;58.1283;-0.9933;-0.0147;-0.0154;5.7059;-74.0446;0.0694;0.0609;253.5879;325.3339;0.0018;0.6864;-5.3314;-0.0005;-0.0134;0.0001;7.6089;0.0006;192215;71.84285;Infinity;2653.04;58.0835;-0.9505;1.2850;1.1725;5.2861;-73.6892;352.5730;352.8953;253.5877;312.5244;0.0017;2.3094;LeftFalse_RightFalse;LeftFalse_RightFalse;HandLeft_(0.3, -0.7, -0.3)_(0.7, 0.2, -0.7, -0.1)_1.046027_System.String[];HandLeft_(-0.7, -0.3, -0.2)_(0.7, 0.4, -0.5, 0.0)_1.005502_System.String[];HandRight_(0.5, -0.8, -0.3)_(-0.3, -0.6, -0.6, 0.5)_1.046027_System.String[];HandRight_(-0.5, -0.3, -0.1)_(-0.2, -0.7, -0.4, 0.6)_1.005502_System.String[];13.5662;0.0960;0.0169;57.9436;-1.3574;0.8591;1.1610;5.7312;-74.1893;357.3954;344.3709;249.6580;333.7545;0.8861;359.7924
-0.4960;0.0104;False;False;58.1283;-1.2178;-0.0148;-0.0159;5.7059;-73.7237;0.0606;0.0538;253.5879;325.4654;0.0023;0.6671;-5.2649;-0.0004;-0.0104;0.0001;7.5585;0.0004;192218;71.34826;Infinity;2653.08;58.0836;-1.1728;1.2850;1.1720;5.2861;-73.3699;352.5634;352.8838;253.5876;312.6605;0.0021;2.2911;LeftFalse_RightFalse;LeftFalse_RightFalse;HandLeft_(0.3, -0.7, -0.3)_(0.7, 0.2, -0.7, -0.1)_1.046027_System.String[];HandLeft_(-0.7, -0.3, -0.2)_(0.7, 0.4, -0.5, 0.0)_1.005502_System.String[];HandRight_(0.5, -0.8, -0.3)_(-0.3, -0.6, -0.6, 0.5)_1.046027_System.String[];HandRight_(-0.5, -0.3, -0.1)_(-0.1, -0.7, -0.4, 0.6)_1.005502_System.String[];13.6084;0.0960;0.0171;57.9436;-1.5810;0.8591;1.1611;5.7311;-73.8698;357.4301;344.0012;249.6836;334.1825;0.8844;359.7888
-0.4960;0.0076;False;False;58.1283;-1.4375;-0.0148;-0.0164;5.7059;-73.4078;0.0540;0.0469;253.5879;325.5885;0.0026;0.6520;-5.1997;-0.0003;-0.0094;0.0001;7.5077;0.0003;192221;71.48177;Infinity;2653.13;58.0838;-1.3942;1.2851;1.1715;5.2862;-73.0501;352.5560;352.8736;253.5876;312.7887;0.0025;2.2765;LeftFalse_RightFalse;LeftFalse_RightFalse;HandLeft_(0.3, -0.7, -0.3)_(0.7, 0.2, -0.7, -0.1)_1.046027_System.String[];HandLeft_(-0.7, -0.3, -0.2)_(0.7, 0.4, -0.5, 0.0)_1.005502_System.String[];HandRight_(0.5, -0.8, -0.3)_(-0.2, -0.6, -0.6, 0.5)_1.046027_System.String[];HandRight_(-0.5, -0.3, -0.1)_(-0.2, -0.7, -0.4, 0.6)_1.005502_System.String[];13.6504;0.0960;0.0179;57.9436;-1.8033;0.8591;1.1615;5.7310;-73.5500;357.4414;343.6739;249.7049;334.5839;0.8746;359.7820
-0.4960;0.0055;False;False;58.1282;-1.6554;-0.0148;-0.0167;5.7059;-73.0926;0.0490;0.0388;253.5879;325.7079;0.0029;0.6386;-5.1355;-0.0002;-0.0079;0.0001;7.4566;0.0002;192224;71.349;Infinity;2653.17;58.0839;-1.6110;1.2851;1.1711;5.2862;-72.7351;352.5505;352.8633;253.5875;312.9103;0.0028;2.2650;LeftFalse_RightFalse;LeftFalse_RightFalse;HandLeft_(0.3, -0.7, -0.3)_(0.7, 0.2, -0.7, -0.1)_1.046027_System.String[];HandLeft_(-0.7, -0.3, -0.2)_(0.7, 0.4, -0.5, 0.0)_1.005502_System.String[];HandRight_(0.5, -0.8, -0.3)_(-0.2, -0.6, -0.6, 0.5)_1.046027_System.String[];HandRight_(-0.5, -0.3, -0.1)_(-0.1, -0.7, -0.4, 0.6)_1.005502_System.String[];13.6924;0.0960;0.0193;57.9436;-2.0210;0.8591;1.1616;5.7309;-73.2351;357.4678;343.3594;249.7052;334.9676;0.8670;359.7714
-0.5000;0.0040;False;False;58.1282;-1.8687;-0.0148;-0.0170;5.7059;-72.7822;0.0454;0.0280;253.5879;325.8253;0.0031;0.6229;-5.0715;-0.0001;-0.0063;0.0000;7.4057;0.0002;192227;71.59519;Infinity;2653.21;58.0840;-1.8246;1.2851;1.1708;5.2862;-72.4228;352.5465;352.8503;253.5875;313.0295;0.0030;2.2524;LeftFalse_RightFalse;LeftFalse_RightFalse;HandLeft_(0.3, -0.7, -0.3)_(0.7, 0.2, -0.7, -0.1)_1.046027_System.String[];HandLeft_(-0.7, -0.3, -0.2)_(0.7, 0.4, -0.5, -0.1)_1.005502_System.String[];HandRight_(0.5, -0.8, -0.3)_(-0.3, -0.6, -0.6, 0.5)_1.046027_System.String[];HandRight_(-0.5, -0.3, -0.1)_(-0.2, -0.7, -0.4, 0.6)_1.005502_System.String[];13.7341;0.0960;0.0213;57.9436;-2.2354;0.8591;1.1618;5.7309;-72.9229;357.4963;343.1234;249.6999;335.3154;0.8567;359.7550
-0.5000;0.0029;False;False;58.1282;-2.0787;-0.0148;-0.0172;5.7059;-72.4747;0.0428;0.0138;253.5879;325.9447;0.0033;0.6096;-5.0077;-0.0001;-0.0026;0.0000;7.3550;0.0001;192230;71.79067;Infinity;2653.25;58.0840;-2.0343;1.2851;1.1706;5.2862;-72.1146;352.5436;352.8344;253.5875;313.1492;0.0032;2.2414;LeftFalse_RightFalse;LeftFalse_RightFalse;HandLeft_(0.3, -0.7, -0.3)_(0.7, 0.2, -0.7, -0.1)_1.046027_System.String[];HandLeft_(-0.7, -0.3, -0.2)_(0.7, 0.4, -0.5, 0.0)_1.005502_System.String[];HandRight_(0.5, -0.8, -0.3)_(-0.3, -0.6, -0.6, 0.5)_1.046027_System.String[];HandRight_(-0.5, -0.3, -0.1)_(-0.2, -0.7, -0.4, 0.6)_1.005502_System.String[];13.7759;0.0960;0.0237;57.9436;-2.4459;0.8591;1.1622;5.7309;-72.6148;357.5118;342.9330;249.7101;335.6542;0.8501;359.7445
-0.5000;0.0021;False;False;58.1282;-2.2870;-0.0148;-0.0173;5.7059;-72.1679;0.0410;0.0006;253.5879;326.0698;0.0034;0.5954;-4.9442;0.0000;-0.0020;0.0000;7.3049;0.0001;192233;71.73637;Infinity;2653.29;58.0840;-2.2421;1.2851;1.1705;5.2862;-71.8071;352.5415;352.8175;253.5874;313.2736;0.0034;2.2308;LeftFalse_RightFalse;LeftFalse_RightFalse;HandLeft_(0.3, -0.7, -0.3)_(0.7, 0.2, -0.7, -0.1)_1.046027_System.String[];HandLeft_(-0.7, -0.3, -0.2)_(0.7, 0.4, -0.5, 0.0)_1.005502_System.String[];HandRight_(0.5, -0.8, -0.3)_(-0.3, -0.6, -0.6, 0.5)_1.046027_System.String[];HandRight_(-0.5, -0.3, -0.1)_(-0.2, -0.7, -0.4, 0.6)_1.005502_System.String[];13.8176;0.0960;0.0261;57.9433;-2.6547;0.8591;1.1625;5.7308;-72.3071;357.5352;342.7652;249.7378;336.0012;0.8282;359.7320
-0.5000;0.0016;False;False;58.1282;-2.4930;-0.0148;-0.0173;5.7059;-71.8626;0.0397;359.9908;253.5879;326.2024;0.0035;0.5856;-4.8811;0.0000;0.0003;0.0000;7.2550;0.0001;192236;71.60211;Infinity;2653.34;58.0841;-2.4470;1.2851;1.1705;5.2862;-71.5020;352.5401;352.8042;253.5874;313.4045;0.0035;2.2217;LeftFalse_RightFalse;LeftFalse_RightFalse;HandLeft_(0.3, -0.7, -0.3)_(0.7, 0.2, -0.7, -0.1)_1.046027_System.String[];HandLeft_(-0.7, -0.3, -0.2)_(0.7, 0.4, -0.5, 0.0)_1.005502_System.String[];HandRight_(0.5, -0.8, -0.3)_(-0.3, -0.6, -0.6, 0.5)_1.046027_System.String[];HandRight_(-0.5, -0.3, -0.1)_(-0.2, -0.7, -0.4, 0.6)_1.005502_System.String[];13.8596;0.0960;0.0279;57.9430;-2.8606;0.8589;1.1627;5.7307;-72.0019;357.5783;342.6302;249.7579;336.3246;0.8205;359.7184
-0.5000;0.0011;False;False;58.1282;-2.6955;-0.0148;-0.0173;5.7059;-71.5604;0.0389;359.9834;253.5879;326.3425;0.0036;0.5796;-4.8185;0.0000;0.0012;0.0000;7.2054;0.0000;192239;71.68355;Infinity;2653.38;58.0841;-2.6497;1.2851;1.1705;5.2862;-71.1983;352.5391;352.7949;253.5874;313.5430;0.0036;2.2166;LeftFalse_RightFalse;LeftFalse_RightFalse;HandLeft_(0.3, -0.7, -0.3)_(0.7, 0.2, -0.7, -0.1)_1.046027_System.String[];HandLeft_(-0.7, -0.3, -0.2)_(0.7, 0.4, -0.5, 0.0)_1.005502_System.String[];HandRight_(0.5, -0.8, -0.3)_(-0.2, -0.6, -0.6, 0.5)_1.046027_System.String[];HandRight_(-0.5, -0.3, -0.1)_(-0.2, -0.7, -0.4, 0.6)_1.005502_System.String[];13.9016;0.0960;0.0297;57.9428;-3.0644;0.8587;1.1631;5.7306;-71.6979;357.6442;342.4987;249.7555;336.6135;0.8178;359.7148
-0.5039;0.0008;False;False;58.1282;-2.8945;-0.0148;-0.0172;5.7059;-71.2616;0.0383;359.9767;253.5879;326.4904;0.0036;0.5744;-4.7561;0.0000;0.0027;0.0000;7.1561;0.0000;192242;71.83742;Infinity;2653.42;58.0841;-2.8482;1.2851;1.1706;5.2862;-70.8988;352.5385;352.7874;253.5874;313.6887;0.0037;2.2134;LeftFalse_RightFalse;LeftFalse_RightFalse;HandLeft_(0.3, -0.7, -0.3)_(0.7, 0.2, -0.7, -0.1)_1.046027_System.String[];HandLeft_(-0.7, -0.3, -0.2)_(0.8, 0.4, -0.5, 0.0)_1.005502_System.String[];HandRight_(0.5, -0.8, -0.3)_(-0.2, -0.6, -0.6, 0.5)_1.046027_System.String[];HandRight_(-0.5, -0.3, -0.1)_(-0.2, -0.7, -0.4, 0.6)_1.005502_System.String[];13.9431;0.0960;0.0312;57.9427;-3.2641;0.8585;1.1635;5.7306;-71.3978;357.7100;342.4012;249.7383;336.8768;0.8127;359.7328
-0.5000;0.0006;False;False;58.1282;-3.0908;-0.0148;-0.0170;5.7059;-70.9650;0.0380;359.9684;253.5879;326.6467;0.0037;0.5664;-4.6628;0.0000;0.0059;0.0000;7.0832;0.0000;192245;71.91598;Infinity;2653.46;58.0841;-3.0439;1.2851;1.1708;5.2862;-70.6015;352.5381;352.7782;253.5874;313.8429;0.0037;2.2078;LeftFalse_RightFalse;LeftFalse_RightFalse;HandLeft_(0.3, -0.7, -0.3)_(0.7, 0.2, -0.7, -0.1)_1.046027_System.String[];HandLeft_(-0.7, -0.3, -0.2)_(0.8, 0.4, -0.5, 0.0)_1.005502_System.String[];HandRight_(0.5, -0.8, -0.3)_(-0.2, -0.6, -0.6, 0.5)_1.046027_System.String[];HandRight_(-0.5, -0.3, -0.1)_(-0.2, -0.7, -0.4, 0.6)_1.005502_System.String[];13.9849;0.0960;0.0331;57.9423;-3.4608;0.8584;1.1639;5.7305;-71.0999;357.7510;342.3427;249.7119;337.1392;0.8076;359.7261
-0.5000;0.0004;False;False;58.1282;-3.2854;-0.0148;-0.0168;5.7059;-70.6688;0.0378;359.9568;253.5879;326.8123;0.0037;0.5628;-4.6003;0.0000;0.0073;0.0000;7.0355;0.0000;192248;71.75275;Infinity;2653.50;58.0841;-3.2374;1.2851;1.1711;5.2862;-70.3054;352.5378;352.7667;253.5874;314.0054;0.0037;2.2052;LeftFalse_RightFalse;LeftFalse_RightFalse;HandLeft_(0.3, -0.7, -0.3)_(0.7, 0.2, -0.7, -0.1)_1.046027_System.String[];HandLeft_(-0.7, -0.3, -0.2)_(0.8, 0.4, -0.5, -0.1)_1.005502_System.String[];HandRight_(0.5, -0.8, -0.3)_(-0.2, -0.6, -0.6, 0.5)_1.046027_System.String[];HandRight_(-0.5, -0.3, -0.1)_(-0.2, -0.7, -0.4, 0.5)_1.005502_System.String[];14.0269;0.0960;0.0354;57.9420;-3.6555;0.8584;1.1643;5.7304;-70.8030;357.7922;342.3135;249.6940;337.4139;0.8107;359.7193
-0.5000;0.0003;False;False;58.1282;-3.4778;-0.0148;-0.0165;5.7059;-70.3739;0.0377;359.9499;253.5879;326.9871;0.0038;0.5552;-4.5369;0.0000;0.0081;0.0000;6.9889;0.0000;192251;71.5898;Infinity;2653.55;58.0841;-3.4291;1.2851;1.1714;5.2862;-70.0098;352.5377;352.7565;253.5874;314.1777;0.0038;2.2006;LeftFalse_RightFalse;LeftFalse_RightFalse;HandLeft_(0.3, -0.7, -0.3)_(0.7, 0.2, -0.7, -0.1)_1.046027_System.String[];HandLeft_(-0.7, -0.3, -0.2)_(0.8, 0.4, -0.5, -0.1)_1.005502_System.String[];HandRight_(0.5, -0.8, -0.3)_(-0.2, -0.6, -0.6, 0.5)_1.046027_System.String[];HandRight_(-0.5, -0.3, -0.1)_(-0.2, -0.7, -0.4, 0.5)_1.005502_System.String[];14.0688;0.0960;0.0383;57.9418;-3.8487;0.8584;1.1648;5.7303;-70.5063;357.8360;342.3174;249.6831;337.7062;0.8291;359.7106
-0.5000;0.0002;False;False;58.1282;-3.6675;-0.0148;-0.0161;5.7059;-70.0808;0.0376;359.9477;253.5879;327.1730;0.0038;0.5526;-4.4725;0.0000;0.0091;0.0000;6.9434;0.0000;192254;71.47128;Infinity;2653.59;58.0841;-3.6183;1.2851;1.1717;5.2862;-69.7158;352.5377;352.7519;253.5874;314.3602;0.0038;2.1971;LeftFalse_RightFalse;LeftFalse_RightFalse;HandLeft_(0.3, -0.7, -0.3)_(0.7, 0.2, -0.7, -0.1)_1.046027_System.String[];HandLeft_(-0.7, -0.3, -0.2)_(0.8, 0.4, -0.5, -0.1)_1.005502_System.String[];HandRight_(0.5, -0.8, -0.3)_(-0.2, -0.6, -0.6, 0.5)_1.046027_System.String[];HandRight_(-0.5, -0.3, -0.1)_(-0.2, -0.7, -0.4, 0.5)_1.005502_System.String[];14.1108;0.0960;0.0417;57.9416;-4.0392;0.8583;1.1652;5.7303;-70.2110;357.8817;342.3356;249.6830;338.0022;0.8509;359.6863
-0.5000;0.0002;False;False;58.1282;-3.8540;-0.0148;-0.0158;5.7059;-69.7901;0.0376;359.9467;253.5879;327.3710;0.0038;0.5534;-4.4077;0.0000;0.0076;0.0000;6.8989;0.0000;192257;71.46597;Infinity;2653.63;58.0841;-3.8043;1.2851;1.1721;5.2862;-69.4245;352.5377;352.7510;253.5874;314.5539;0.0038;2.1971;LeftFalse_RightFalse;LeftFalse_RightFalse;HandLeft_(0.3, -0.7, -0.3)_(0.7, 0.2, -0.7, -0.1)_1.046027_System.String[];HandLeft_(-0.7, -0.3, -0.2)_(0.8, 0.4, -0.5, -0.1)_1.005502_System.String[];HandRight_(0.5, -0.8, -0.3)_(-0.2, -0.6, -0.6, 0.5)_1.046027_System.String[];HandRight_(-0.5, -0.3, -0.1)_(-0.2, -0.7, -0.4, 0.5)_1.005502_System.String[];14.1528;0.0960;0.0453;57.9416;-4.2265;0.8583;1.1656;5.7303;-69.9181;357.9351;342.3716;249.6863;338.2981;0.8787;359.6543
-0.5000;0.0001;False;False;58.1282;-4.0380;-0.0148;-0.0154;5.7059;-69.5009;0.0377;359.9449;253.5879;327.5835;0.0038;0.5555;-4.3415;0.0000;0.0084;0.0000;6.8557;0.0000;192260;71.41803;Infinity;2653.67;58.0841;-3.9873;1.2851;1.1724;5.2862;-69.1350;352.5377;352.7503;253.5874;314.7607;0.0038;2.1999;LeftFalse_RightFalse;LeftFalse_RightFalse;HandLeft_(0.3, -0.7, -0.3)_(0.7, 0.2, -0.7, -0.1)_1.046027_System.String[];HandLeft_(-0.7, -0.3, -0.2)_(0.8, 0.4, -0.5, -0.1)_1.005502_System.String[];HandRight_(0.5, -0.8, -0.3)_(-0.2, -0.6, -0.6, 0.5)_1.046027_System.String[];HandRight_(-0.5, -0.3, -0.1)_(-0.2, -0.7, -0.5, 0.5)_1.005502_System.String[];14.1948;0.0960;0.0485;57.9415;-4.4111;0.8581;1.1659;5.7302;-69.6270;358.0133;342.4073;249.6755;338.5990;0.9014;359.6193
-0.5000;0.0001;False;False;58.1282;-4.2173;-0.0148;-0.0151;5.7059;-69.2163;0.0377;359.9405;253.5879;327.8088;0.0038;0.5542;-4.2743;0.0000;0.0091;0.0000;6.8134;0.0000;192263;71.7079;Infinity;2653.71;58.0841;-4.1664;1.2851;1.1728;5.2862;-68.8488;352.5377;352.7466;253.5874;314.9817;0.0039;2.2002;LeftFalse_RightFalse;LeftFalse_RightFalse;HandLeft_(0.3, -0.7, -0.3)_(0.7, 0.2, -0.7, -0.1)_1.046027_System.String[];HandLeft_(-0.7, -0.3, -0.2)_(0.8, 0.4, -0.5, -0.1)_1.005502_System.String[];HandRight_(0.5, -0.8, -0.3)_(-0.2, -0.6, -0.6, 0.5)_1.046027_System.String[];HandRight_(-0.5, -0.3, -0.1)_(-0.2, -0.7, -0.5, 0.5)_1.005502_System.String[];14.2366;0.0960;0.0513;57.9411;-4.5918;0.8578;1.1663;5.7301;-69.3388;358.1319;342.4046;249.6346;338.9149;0.9116;359.5733
-0.5000;0.0001;False;False;58.1282;-4.3938;-0.0148;-0.0146;5.7059;-68.9334;0.0377;359.9324;253.5879;328.0487;0.0038;0.5560;-4.2069;0.0000;0.0124;0.0000;6.7716;0.0000;192266;71.84869;Infinity;2653.75;58.0841;-4.3419;1.2851;1.1733;5.2862;-68.5654;352.5377;352.7401;253.5874;315.2166;0.0039;2.2025;LeftFalse_RightFalse;LeftFalse_RightFalse;HandLeft_(0.3, -0.7, -0.3)_(0.7, 0.2, -0.7, -0.1)_1.046027_System.String[];HandLeft_(-0.7, -0.3, -0.2)_(0.8, 0.4, -0.5, -0.1)_1.005502_System.String[];HandRight_(0.5, -0.8, -0.3)_(-0.2, -0.6, -0.6, 0.5)_1.046027_System.String[];HandRight_(-0.5, -0.3, -0.1)_(-0.2, -0.7, -0.5, 0.5)_1.005502_System.String[];14.2781;0.0948;0.0537;57.9407;-4.7690;0.8575;1.1668;5.7300;-69.0534;358.3262;342.3942;249.5816;339.2568;0.9001;359.5360
-0.5000;0.0000;False;False;58.1282;-4.5688;-0.0148;-0.0141;5.7059;-68.6500;0.0378;359.9281;253.5879;328.3029;0.0038;0.5548;-4.1393;0.0000;0.0107;0.0000;6.7306;0.0000;192269;71.58844;Infinity;2653.80;58.0841;-4.5148;1.2851;1.1738;5.2862;-68.2831;352.5378;352.7338;253.5874;315.4655;0.0039;2.2037;LeftFalse_RightFalse;LeftFalse_RightFalse;HandLeft_(0.3, -0.7, -0.3)_(0.7, 0.2, -0.7, -0.1)_1.046027_System.String[];HandLeft_(-0.7, -0.3, -0.2)_(0.8, 0.4, -0.5, -0.1)_1.005502_System.String[];HandRight_(0.5, -0.8, -0.3)_(-0.2, -0.6, -0.6, 0.5)_1.046027_System.String[];HandRight_(-0.5, -0.3, -0.1)_(-0.2, -0.7, -0.5, 0.5)_1.005502_System.String[];14.3201;0.0912;0.0561;57.9404;-4.9436;0.8566;1.1673;5.7299;-68.7688;358.7725;342.4057;249.5037;339.6520;0.8976;359.4879
-0.5000;0.0000;False;False;58.1282;-4.7399;-0.0148;-0.0137;5.7059;-68.3697;0.0378;359.9296;253.5879;328.5678;0.0038;0.5565;-4.0709;0.0000;0.0115;0.0000;6.6904;0.0000;192272;71.70004;Infinity;2653.84;58.0841;-4.6857;1.2851;1.1743;5.2862;-68.0007;352.5378;352.7336;253.5874;315.7281;0.0039;2.2039;LeftFalse_RightFalse;LeftFalse_RightFalse;HandLeft_(0.3, -0.7, -0.3)_(0.7, 0.2, -0.7, -0.1)_1.046027_System.String[];HandLeft_(-0.7, -0.3, -0.2)_(0.8, 0.4, -0.5, -0.1)_1.005502_System.String[];HandRight_(0.5, -0.8, -0.3)_(-0.2, -0.6, -0.6, 0.5)_1.046027_System.String[];HandRight_(-0.5, -0.3, -0.1)_(-0.2, -0.7, -0.5, 0.5)_1.005502_System.String[];14.3621;0.0864;0.0585;57.9397;-5.1164;0.8554;1.1678;5.7297;-68.4842;359.4722;342.4596;249.3098;340.0684;0.9767;359.4410
-0.5000;0.0000;False;False;58.1282;-4.9078;-0.0148;-0.0132;5.7059;-68.0914;0.0378;359.9334;253.5879;328.8443;0.0039;0.5608;-4.0023;0.0000;0.0098;0.0000;6.6510;0.0000;192275;71.73167;Infinity;2653.88;58.0841;-4.8521;1.2851;1.1748;5.2862;-67.7225;352.5378;352.7381;253.5874;315.9997;0.0039;2.2067;LeftFalse_RightFalse;LeftFalse_RightFalse;HandLeft_(0.3, -0.7, -0.3)_(0.7, 0.3, -0.7, 0.0)_1.046027_System.String[];HandLeft_(-0.7, -0.3, -0.2)_(0.8, 0.4, -0.5, -0.1)_1.005502_System.String[];HandRight_(0.5, -0.8, -0.3)_(-0.2, -0.6, -0.6, 0.5)_1.046027_System.String[];HandRight_(-0.5, -0.3, -0.1)_(-0.2, -0.7, -0.5, 0.5)_1.005502_System.String[];14.4038;0.0798;0.0613;57.9390;-5.2849;0.8543;1.1683;5.7295;-68.2038;0.1197;342.4981;248.9395;340.4630;1.1271;359.3823
-0.4960;0.0000;False;False;58.1282;-5.0723;-0.0148;-0.0128;5.7059;-67.8155;0.0378;359.9356;253.5879;329.1323;0.0039;0.5664;-3.8980;0.0000;0.0092;0.0000;6.5934;0.0000;192278;71.85197;Infinity;2653.92;58.0841;-5.0158;1.2851;1.1751;5.2862;-67.4454;352.5378;352.7418;253.5874;316.2837;0.0039;2.2114;LeftFalse_RightFalse;LeftFalse_RightFalse;HandLeft_(0.3, -0.7, -0.3)_(0.7, 0.3, -0.7, -0.1)_1.046027_System.String[];HandLeft_(-0.7, -0.3, -0.2)_(0.8, 0.4, -0.5, -0.1)_1.005502_System.String[];HandRight_(0.5, -0.8, -0.3)_(-0.2, -0.6, -0.6, 0.5)_1.046027_System.String[];HandRight_(-0.5, -0.3, -0.1)_(-0.2, -0.7, -0.5, 0.5)_1.005502_System.String[];14.4453;0.0729;0.0637;57.9384;-5.4507;0.8530;1.1686;5.7293;-67.9243;0.8613;342.5383;248.4497;340.8475;1.2123;359.3357
-0.4960;0.0000;False;False;58.1282;-5.2338;-0.0148;-0.0125;5.7059;-67.5414;0.0378;359.9349;253.5879;329.4311;0.0039;0.5678;-3.8277;0.0000;0.0097;0.0000;6.5558;0.0000;192281;71.93546;Infinity;2653.96;58.0841;-5.1760;1.2851;1.1755;5.2862;-67.1706;352.5378;352.7428;253.5874;316.5786;0.0039;2.2143;LeftFalse_RightFalse;LeftFalse_RightFalse;HandLeft_(0.3, -0.7, -0.3)_(0.7, 0.3, -0.7, 0.0)_1.046027_System.String[];HandLeft_(-0.7, -0.3, -0.2)_(0.8, 0.3, -0.5, -0.1)_1.005502_System.String[];HandRight_(0.5, -0.8, -0.3)_(-0.2, -0.6, -0.6, 0.6)_1.046027_System.String[];HandRight_(-0.5, -0.3, -0.1)_(-0.2, -0.7, -0.5, 0.5)_1.005502_System.String[];14.4871;0.0652;0.0661;57.9377;-5.6131;0.8515;1.1690;5.7291;-67.6470;1.6597;342.6166;247.8812;341.2063;1.2560;359.3103
-0.4960;0.0000;False;False;58.1282;-5.3925;-0.0148;-0.0120;5.7059;-67.2682;0.0379;359.9305;253.5879;329.7412;0.0039;0.5700;-3.7569;0.0000;0.0118;0.0000;6.5186;0.0000;192284;71.87912;Infinity;2654.01;58.0841;-5.3330;1.2851;1.1760;5.2862;-66.8976;352.5379;352.7402;253.5874;316.8842;0.0039;2.2159;LeftFalse_RightFalse;LeftFalse_RightFalse;HandLeft_(0.3, -0.7, -0.3)_(0.7, 0.3, -0.7, 0.0)_1.046027_System.String[];HandLeft_(-0.7, -0.3, -0.2)_(0.8, 0.3, -0.5, -0.1)_1.005502_System.String[];HandRight_(0.5, -0.8, -0.3)_(-0.2, -0.6, -0.5, 0.6)_1.046027_System.String[];HandRight_(-0.5, -0.3, -0.1)_(-0.2, -0.7, -0.5, 0.5)_1.005502_System.String[];14.5288;0.0568;0.0683;57.9370;-5.7724;0.8506;1.1694;5.7289;-67.3715;2.2258;342.6972;247.2986;341.5417;1.2818;359.3002
-0.4960;0.0000;False;False;58.1282;-5.5478;-0.0148;-0.0115;5.7059;-66.9973;0.0379;359.9249;253.5879;330.0604;0.0039;0.5715;-3.6860;0.0000;0.0107;0.0000;6.4820;0.0000;192287;71.94445;Infinity;2654.05;58.0841;-5.4871;1.2851;1.1765;5.2862;-66.6257;352.5379;352.7345;253.5874;317.2004;0.0039;2.2205;LeftFalse_RightFalse;LeftFalse_RightFalse;HandLeft_(0.3, -0.7, -0.3)_(0.7, 0.3, -0.7, 0.0)_1.046027_System.String[];HandLeft_(-0.7, -0.3, -0.2)_(0.8, 0.3, -0.5, -0.1)_1.005502_System.String[];HandRight_(0.5, -0.8, -0.3)_(-0.2, -0.6, -0.5, 0.6)_1.046027_System.String[];HandRight_(-0.5, -0.4, -0.1)_(-0.2, -0.7, -0.5, 0.5)_1.005502_System.String[];14.5706;0.0488;0.0706;57.9366;-5.9290;0.8499;1.1700;5.7288;-67.0970;2.6532;342.7540;246.7551;341.8820;1.2904;359.2838
-0.4960;0.0000;False;False;58.1282;-5.7001;-0.0148;-0.0111;5.7059;-66.7278;0.0379;359.9274;253.5879;330.3877;0.0039;0.5696;-3.6147;0.0000;0.0107;0.0000;6.4460;0.0000;192290;71.96926;Infinity;2654.09;58.0841;-5.6378;1.2851;1.1770;5.2862;-66.3559;352.5379;352.7340;253.5874;317.5252;0.0039;2.2185;LeftFalse_RightFalse;LeftFalse_RightFalse;HandLeft_(0.3, -0.7, -0.3)_(0.6, 0.3, -0.7, 0.0)_1.046027_System.String[];HandLeft_(-0.7, -0.3, -0.2)_(0.8, 0.3, -0.4, -0.1)_1.005502_System.String[];HandRight_(0.5, -0.8, -0.3)_(-0.2, -0.6, -0.5, 0.6)_1.046027_System.String[];HandRight_(-0.5, -0.4, -0.1)_(-0.3, -0.7, -0.5, 0.4)_1.005502_System.String[];14.6121;0.0410;0.0731;57.9362;-6.0823;0.8492;1.1704;5.7287;-66.8246;3.0516;342.8246;246.2865;342.2679;1.3133;359.2296
-0.4920;0.0000;False;False;58.1282;-5.8492;-0.0148;-0.0106;5.7059;-66.4600;0.0379;359.9356;253.5879;330.7236;0.0039;0.5720;-3.5431;0.0000;0.0112;0.0000;6.4104;0.0000;192293;71.9854;Infinity;2654.13;58.0841;-5.7854;1.2851;1.1774;5.2862;-66.0875;352.5379;352.7406;253.5874;317.8582;0.0039;2.2182;LeftFalse_RightFalse;LeftFalse_RightFalse;HandLeft_(0.3, -0.7, -0.3)_(0.6, 0.3, -0.7, 0.0)_1.046027_System.String[];HandLeft_(-0.7, -0.3, -0.2)_(0.8, 0.3, -0.4, -0.1)_1.005502_System.String[];HandRight_(0.5, -0.8, -0.3)_(-0.1, -0.6, -0.5, 0.6)_1.046027_System.String[];HandRight_(-0.5, -0.4, -0.1)_(-0.3, -0.7, -0.5, 0.4)_1.005502_System.String[];14.6538;0.0343;0.0759;57.9360;-6.2328;0.8487;1.1709;5.7286;-66.5533;3.3533;342.8858;245.8480;342.6749;1.3615;359.1817
-0.4881;0.0000;False;False;58.1282;-5.9961;-0.0148;-0.0102;5.7059;-66.1922;0.0379;359.9431;253.5879;331.0715;0.0039;0.5764;-3.4714;0.0000;0.0074;0.0000;6.3755;0.0000;192296;71.77722;Infinity;2654.17;58.0841;-5.9304;1.2851;1.1778;5.2862;-65.8196;352.5379;352.7498;253.5874;318.2016;0.0039;2.2201;LeftFalse_RightFalse;LeftFalse_RightFalse;HandLeft_(0.3, -0.7, -0.3)_(0.6, 0.3, -0.7, 0.0)_1.046027_System.String[];HandLeft_(-0.7, -0.3, -0.2)_(0.8, 0.3, -0.5, -0.2)_1.005502_System.String[];HandRight_(0.5, -0.8, -0.3)_(-0.1, -0.7, -0.4, 0.6)_1.046027_System.String[];HandRight_(-0.5, -0.4, -0.1)_(-0.3, -0.7, -0.6, 0.4)_1.005502_System.String[];14.6958;0.0292;0.0787;57.9359;-6.3808;0.8484;1.1714;5.7286;-66.2825;3.5920;342.9025;245.4751;343.0936;1.4106;359.1357
-0.4801;0.0000;False;False;58.1282;-6.1399;-0.0148;-0.0099;5.7059;-65.9257;0.0379;359.9478;253.5879;331.4300;0.0039;0.5805;-3.3988;0.0000;0.0072;0.0000;6.3411;0.0000;192299;71.69284;Infinity;2654.21;58.0841;-6.0729;1.2851;1.1781;5.2862;-65.5522;352.5379;352.7567;253.5874;318.5568;0.0039;2.2239;LeftFalse_RightFalse;LeftFalse_RightFalse;HandLeft_(0.3, -0.7, -0.3)_(0.6, 0.3, -0.7, 0.0)_1.046027_System.String[];HandLeft_(-0.7, -0.3, -0.2)_(0.8, 0.3, -0.4, -0.2)_1.005502_System.String[];HandRight_(0.5, -0.8, -0.3)_(-0.1, -0.7, -0.4, 0.6)_1.046027_System.String[];HandRight_(-0.5, -0.4, -0.1)_(-0.3, -0.7, -0.6, 0.4)_1.005502_System.String[];14.7375;0.0262;0.0813;57.9358;-6.5264;0.8478;1.1722;5.7285;-66.0118;3.7697;342.8000;245.1732;343.5302;1.4477;359.1066
-0.4762;0.0000;False;False;58.1282;-6.2813;-0.0148;-0.0096;5.7059;-65.6593;0.0379;359.9490;253.5879;331.8005;0.0039;0.5802;-3.3262;0.0000;0.0075;0.0000;6.3070;0.0000;192302;71.47154;Infinity;2654.26;58.0841;-6.2121;1.2851;1.1783;5.2862;-65.2858;352.5379;352.7589;253.5874;318.9238;0.0039;2.2241;LeftFalse_RightFalse;LeftFalse_RightFalse;HandLeft_(0.3, -0.7, -0.3)_(0.6, 0.4, -0.7, 0.0)_1.046027_System.String[];HandLeft_(-0.7, -0.3, -0.2)_(0.8, 0.3, -0.4, -0.2)_1.005502_System.String[];HandRight_(0.5, -0.7, -0.3)_(-0.1, -0.7, -0.4, 0.6)_1.046027_System.String[];HandRight_(-0.5, -0.4, -0.1)_(-0.3, -0.7, -0.6, 0.4)_1.005502_System.String[];14.7798;0.0255;0.0833;57.9357;-6.6690;0.8474;1.1729;5.7285;-65.7418;3.8860;342.6166;244.9469;343.9952;1.4574;359.1015
-0.4762;0.0000;False;False;58.1282;-6.4183;-0.0148;-0.0093;5.7059;-65.3965;0.0379;359.9457;253.5879;332.1768;0.0039;0.5819;-3.2536;0.0000;0.0094;0.0000;6.2728;0.0000;192305;71.63593;Infinity;2654.30;58.0841;-6.3474;1.2851;1.1787;5.2862;-65.0224;352.5379;352.7573;253.5874;319.2979;0.0039;2.2249;LeftFalse_RightFalse;LeftFalse_RightFalse;HandLeft_(0.3, -0.7, -0.3)_(0.6, 0.4, -0.7, 0.0)_1.046027_System.String[];HandLeft_(-0.7, -0.3, -0.2)_(0.8, 0.3, -0.4, -0.2)_1.005502_System.String[];HandRight_(0.5, -0.7, -0.3)_(-0.1, -0.7, -0.4, 0.6)_1.046027_System.String[];HandRight_(-0.5, -0.4, -0.1)_(-0.3, -0.7, -0.6, 0.4)_1.005502_System.String[];14.8215;0.0261;0.0845;57.9356;-6.8074;0.8471;1.1735;5.7285;-65.4745;3.9356;342.4907;244.8126;344.4499;1.4482;359.1150
-0.4762;0.0000;False;False;58.1282;-6.5529;-0.0148;-0.0088;5.7059;-65.1339;0.0379;359.9440;253.5879;332.5611;0.0039;0.5798;-3.1823;0.0000;0.0085;0.0000;6.2384;0.0000;192308;71.50313;Infinity;2654.34;58.0841;-6.4795;1.2851;1.1792;5.2862;-64.7603;352.5379;352.7537;253.5874;319.6794;0.0039;2.2257;LeftFalse_RightFalse;LeftFalse_RightFalse;HandLeft_(0.3, -0.7, -0.3)_(0.6, 0.4, -0.7, 0.0)_1.046027_System.String[];HandLeft_(-0.7, -0.3, -0.2)_(0.8, 0.3, -0.4, -0.2)_1.005502_System.String[];HandRight_(0.5, -0.7, -0.3)_(-0.1, -0.7, -0.4, 0.6)_1.046027_System.String[];HandRight_(-0.5, -0.4, -0.1)_(-0.3, -0.7, -0.6, 0.4)_1.005502_System.String[];14.8638;0.0280;0.0847;57.9357;-6.9427;0.8470;1.1743;5.7281;-65.2081;3.9685;342.3722;244.7496;344.8784;1.4851;359.1457
-0.4682;0.0000;False;False;58.1282;-6.6833;-0.0148;-0.0085;5.7059;-64.8751;0.0379;359.9500;253.5879;332.9442;0.0039;0.5748;-3.0777;0.0000;0.0077;0.0000;6.1867;0.0000;192311;71.7481;Infinity;2654.38;58.0841;-6.6081;1.2851;1.1794;5.2862;-64.5003;352.5379;352.7566;253.5874;320.0638;0.0039;2.2203;LeftFalse_RightFalse;LeftFalse_RightFalse;HandLeft_(0.3, -0.7, -0.3)_(0.6, 0.4, -0.7, 0.0)_1.046027_System.String[];HandLeft_(-0.7, -0.3, -0.2)_(0.8, 0.3, -0.4, -0.2)_1.005502_System.String[];HandRight_(0.5, -0.8, -0.3)_(-0.1, -0.7, -0.4, 0.6)_1.046027_System.String[];HandRight_(-0.5, -0.4, -0.1)_(-0.3, -0.7, -0.6, 0.4)_1.005502_System.String[];14.9053;0.0317;0.0844;57.9355;-7.0745;0.8469;1.1753;5.7278;-64.9438;4.0072;342.2455;244.7253;345.2590;1.5833;359.1812
-0.4643;0.0000;False;False;58.1282;-6.8113;-0.0148;-0.0082;5.7059;-64.6165;0.0379;359.9623;253.5879;333.3292;0.0039;0.5741;-3.0102;0.0000;0.0069;0.0000;6.1516;0.0000;192314;71.70212;Infinity;2654.42;58.0841;-6.7341;1.2851;1.1797;5.2862;-64.2412;352.5379;352.7662;253.5874;320.4497;0.0039;2.2156;LeftFalse_RightFalse;LeftFalse_RightFalse;HandLeft_(0.3, -0.7, -0.3)_(0.6, 0.4, -0.7, 0.0)_1.046027_System.String[];HandLeft_(-0.7, -0.3, -0.2)_(0.8, 0.3, -0.4, -0.2)_1.005502_System.String[];HandRight_(0.5, -0.8, -0.3)_(-0.1, -0.6, -0.4, 0.6)_1.046027_System.String[];HandRight_(-0.5, -0.4, -0.1)_(-0.2, -0.7, -0.6, 0.4)_1.005502_System.String[];14.9473;0.0358;0.0833;57.9353;-7.2037;0.8469;1.1762;5.7271;-64.6802;4.0170;342.1043;244.7365;345.5949;1.6894;359.2181
-0.4603;0.0000;False;False;58.1282;-6.9364;-0.0148;-0.0080;5.7059;-64.3592;0.0379;359.9736;253.5879;333.7126;0.0039;0.5751;-2.9447;0.0000;0.0032;0.0000;6.1162;0.0000;192317;71.61191;Infinity;2654.47;58.0841;-6.8569;1.2851;1.1799;5.2862;-63.9841;352.5379;352.7786;253.5874;320.8330;0.0039;2.2142;LeftFalse_RightFalse;LeftFalse_RightFalse;HandLeft_(0.3, -0.7, -0.3)_(0.6, 0.4, -0.7, 0.0)_1.046027_System.String[];HandLeft_(-0.7, -0.3, -0.2)_(0.8, 0.3, -0.4, -0.1)_1.005502_System.String[];HandRight_(0.5, -0.8, -0.3)_(-0.2, -0.6, -0.5, 0.6)_1.046027_System.String[];HandRight_(-0.5, -0.4, -0.1)_(-0.2, -0.7, -0.6, 0.4)_1.005502_System.String[];14.9893;0.0399;0.0819;57.9349;-7.3298;0.8469;1.1769;5.7265;-64.4184;4.0440;341.9713;244.8278;345.8900;1.7685;359.2670
-0.4563;0.0000;False;False;58.1282;-7.0592;-0.0148;-0.0079;5.7059;-64.1026;0.0379;359.9818;253.5879;334.0923;0.0039;0.5730;-2.8807;0.0000;0.0028;0.0000;6.0804;0.0000;192320;71.47657;Infinity;2654.51;58.0841;-6.9778;1.2851;1.1799;5.2862;-63.7266;352.5379;352.7873;253.5874;321.2158;0.0039;2.2111;LeftFalse_RightFalse;LeftFalse_RightFalse;HandLeft_(0.3, -0.7, -0.3)_(0.6, 0.4, -0.7, -0.1)_1.046027_System.String[];HandLeft_(-0.7, -0.3, -0.2)_(0.8, 0.3, -0.4, -0.1)_1.005502_System.String[];HandRight_(0.5, -0.8, -0.3)_(-0.2, -0.6, -0.5, 0.6)_1.046027_System.String[];HandRight_(-0.5, -0.4, -0.1)_(-0.2, -0.7, -0.6, 0.4)_1.005502_System.String[];15.0313;0.0439;0.0800;57.9347;-7.4537;0.8466;1.1772;5.7257;-64.1563;4.1262;341.9113;244.9778;346.1715;1.8965;359.2931
-0.4603;0.0000;False;False;58.1282;-7.1805;-0.0148;-0.0078;5.7059;-63.8448;0.0379;359.9856;253.5879;334.4688;0.0039;0.5649;-2.8181;0.0000;0.0029;0.0000;6.0442;0.0000;192323;70.95248;Infinity;2654.55;58.0841;-7.0959;1.2851;1.1800;5.2862;-63.4706;352.5379;352.7910;253.5874;321.5927;0.0039;2.2038;LeftFalse_RightFalse;LeftFalse_RightFalse;HandLeft_(0.3, -0.7, -0.3)_(0.6, 0.4, -0.7, -0.1)_1.046027_System.String[];HandLeft_(-0.7, -0.3, -0.2)_(0.8, 0.3, -0.4, -0.2)_1.005502_System.String[];HandRight_(0.5, -0.8, -0.3)_(-0.2, -0.6, -0.5, 0.6)_1.046027_System.String[];HandRight_(-0.5, -0.4, -0.1)_(-0.2, -0.7, -0.6, 0.4)_1.005502_System.String[];15.0737;0.0477;0.0777;57.9342;-7.5748;0.8464;1.1773;5.7250;-63.8959;4.2284;341.9257;245.1071;346.4153;2.0503;359.3373
-0.4563;0.0000;False;False;58.1282;-7.2971;-0.0148;-0.0076;5.7059;-63.5926;0.0379;359.9853;253.5879;334.8301;0.0039;0.5567;-2.7574;0.0000;0.0045;0.0000;6.0073;0.0000;192326;71.28429;Infinity;2654.59;58.0841;-7.2113;1.2851;1.1801;5.2862;-63.2161;352.5379;352.7903;253.5874;321.9614;0.0039;2.1947;LeftFalse_RightFalse;LeftFalse_RightFalse;HandLeft_(0.3, -0.7, -0.3)_(0.6, 0.3, -0.7, -0.1)_1.046027_System.String[];HandLeft_(-0.7, -0.3, -0.2)_(0.8, 0.3, -0.4, -0.2)_1.005502_System.String[];HandRight_(0.5, -0.8, -0.3)_(-0.2, -0.6, -0.5, 0.6)_1.046027_System.String[];HandRight_(-0.5, -0.4, -0.1)_(-0.2, -0.7, -0.6, 0.4)_1.005502_System.String[];15.1157;0.0507;0.0759;57.9339;-7.6932;0.8463;1.1773;5.7242;-63.6373;4.3368;341.9230;245.1643;346.5887;2.2084;359.3941
-0.4523;0.0000;False;False;58.1282;-7.4110;-0.0148;-0.0074;5.7059;-63.3425;0.0379;359.9843;253.5879;335.1802;0.0039;0.5470;-2.6985;0.0000;0.0044;0.0000;5.9702;0.0000;192329;71.55273;Infinity;2654.63;58.0841;-7.3233;1.2851;1.1803;5.2862;-62.9651;352.5379;352.7862;253.5874;322.3170;0.0039;2.1870;LeftFalse_RightFalse;LeftFalse_RightFalse;HandLeft_(0.3, -0.7, -0.3)_(0.6, 0.3, -0.7, -0.1)_1.046027_System.String[];HandLeft_(-0.7, -0.3, -0.2)_(0.8, 0.3, -0.4, -0.2)_1.005502_System.String[];HandRight_(0.5, -0.8, -0.3)_(-0.2, -0.6, -0.5, 0.6)_1.046027_System.String[];HandRight_(-0.5, -0.4, -0.1)_(-0.2, -0.7, -0.6, 0.4)_1.005502_System.String[];15.1575;0.0528;0.0743;57.9333;-7.8078;0.8459;1.1775;5.7235;-63.3822;4.4601;341.8907;245.1930;346.6950;2.3288;359.4357
-0.4523;0.0000;False;False;58.1282;-7.5221;-0.0148;-0.0072;5.7059;-63.0946;0.0379;359.9894;253.5879;335.5185;0.0039;0.5345;-2.6409;0.0000;0.0032;0.0000;5.9330;0.0000;192332;71.75553;Infinity;2654.68;58.0841;-7.4323;1.2851;1.1804;5.2862;-62.7167;352.5379;352.7869;253.5874;322.6603;0.0039;2.1745;LeftFalse_RightFalse;LeftFalse_RightFalse;HandLeft_(0.3, -0.7, -0.3)_(0.6, 0.3, -0.7, -0.1)_1.046027_System.String[];HandLeft_(-0.7, -0.3, -0.2)_(0.8, 0.3, -0.4, -0.2)_1.005502_System.String[];HandRight_(0.5, -0.8, -0.3)_(-0.2, -0.6, -0.5, 0.6)_1.046027_System.String[];HandRight_(-0.5, -0.4, -0.1)_(-0.2, -0.7, -0.6, 0.4)_1.005502_System.String[];15.1990;0.0540;0.0729;57.9328;-7.9195;0.8456;1.1778;5.7230;-63.1300;4.6003;341.8222;245.2380;346.7262;2.4136;359.4915
-0.4444;0.0000;False;False;58.1282;-7.6311;-0.0148;-0.0071;5.7059;-62.8475;0.0379;-0.0005;253.5879;335.8478;0.0039;0.5231;-2.5846;0.0000;0.0040;0.0000;5.8956;0.0000;192335;71.71019;Infinity;2654.72;58.0841;-7.5388;1.2851;1.1804;5.2862;-62.4702;352.5379;352.7920;253.5874;322.9933;0.0039;2.1600;LeftFalse_RightFalse;LeftFalse_RightFalse;HandLeft_(0.3, -0.7, -0.3)_(0.6, 0.3, -0.7, -0.1)_1.046027_System.String[];HandLeft_(-0.7, -0.3, -0.2)_(0.8, 0.3, -0.4, -0.2)_1.005502_System.String[];HandRight_(0.5, -0.8, -0.3)_(-0.2, -0.6, -0.5, 0.5)_1.046027_System.String[];HandRight_(-0.5, -0.4, -0.1)_(-0.2, -0.7, -0.5, 0.4)_1.005502_System.String[];15.2410;0.0544;0.0723;57.9320;-8.0285;0.8454;1.1779;5.7224;-62.8800;4.7450;341.6996;245.2894;346.7094;2.4613;359.5091
-0.4444;0.0000;False;False;58.1282;-7.7377;-0.0148;-0.0070;5.7059;-62.6019;0.0379;0.0132;253.5879;336.1692;0.0039;0.5189;-2.5298;0.0000;0.0027;0.0000;5.8579;0.0000;192338;71.70803;Infinity;2654.76;58.0841;-7.6440;1.2851;1.1804;5.2862;-62.2231;352.5379;352.8038;253.5874;323.3195;0.0039;2.1501;LeftFalse_RightFalse;LeftFalse_RightFalse;HandLeft_(0.3, -0.7, -0.3)_(0.7, 0.3, -0.7, -0.1)_1.046027_System.String[];HandLeft_(-0.7, -0.3, -0.2)_(0.8, 0.3, -0.4, -0.1)_1.005502_System.String[];HandRight_(0.5, -0.8, -0.3)_(-0.2, -0.6, -0.5, 0.5)_1.046027_System.String[];HandRight_(-0.5, -0.4, -0.1)_(-0.2, -0.7, -0.5, 0.4)_1.005502_System.String[];15.2827;0.0544;0.0722;57.9311;-8.1360;0.8451;1.1782;5.7217;-62.6292;4.9094;341.5494;245.3426;346.6881;2.4776;359.5331
-0.4444;0.0000;False;False;58.1282;-7.8426;-0.0148;-0.0070;5.7059;-62.3564;0.0379;0.0216;253.5879;336.4865;0.0039;0.5132;-2.4494;0.0000;-0.0023;0.0000;5.8018;0.0000;192341;71.45621;Infinity;2654.80;58.0841;-7.7467;1.2851;1.1804;5.2862;-61.9779;352.5379;352.8129;253.5874;323.6385;0.0039;2.1440;LeftFalse_RightFalse;LeftFalse_RightFalse;HandLeft_(0.3, -0.7, -0.3)_(0.6, 0.3, -0.7, -0.1)_1.046027_System.String[];HandLeft_(-0.7, -0.3, -0.2)_(0.8, 0.4, -0.4, -0.1)_1.005502_System.String[];HandRight_(0.5, -0.8, -0.3)_(-0.2, -0.6, -0.5, 0.6)_1.046027_System.String[];HandRight_(-0.5, -0.4, -0.1)_(-0.2, -0.7, -0.5, 0.4)_1.005502_System.String[];15.3250;0.0544;0.0722;57.9302;-8.2409;0.8448;1.1782;5.7210;-62.3807;5.0851;341.3947;245.3615;346.7031;2.4769;359.5616
-0.4563;0.0000;False;False;58.1282;-7.9448;-0.0148;-0.0071;5.7059;-62.1133;0.0379;0.0261;253.5879;336.7980;0.0039;0.5052;-2.3962;0.0000;-0.0017;0.0000;5.7644;0.0000;192344;71.43678;Infinity;2654.84;58.0841;-7.8471;1.2851;1.1802;5.2862;-61.7344;352.5379;352.8174;253.5874;323.9525;0.0039;2.1364;LeftFalse_RightFalse;LeftFalse_RightFalse;HandLeft_(0.3, -0.7, -0.3)_(0.7, 0.3, -0.7, -0.1)_1.046027_System.String[];HandLeft_(-0.7, -0.3, -0.2)_(0.8, 0.4, -0.4, -0.1)_1.005502_System.String[];HandRight_(0.5, -0.8, -0.3)_(-0.2, -0.6, -0.5, 0.6)_1.046027_System.String[];HandRight_(-0.5, -0.4, -0.1)_(-0.2, -0.7, -0.5, 0.4)_1.005502_System.String[];15.3669;0.0544;0.0723;57.9295;-8.3432;0.8443;1.1782;5.7206;-62.1339;5.2607;341.2953;245.3571;346.7646;2.4705;359.5974
-0.4563;0.0000;False;False;58.1282;-8.0447;-0.0148;-0.0071;5.7059;-61.8717;0.0379;0.0263;253.5879;337.1055;0.0039;0.4931;-2.3441;0.0000;-0.0016;0.0000;5.7268;0.0000;192347;71.42224;Infinity;2654.89;58.0841;-7.9452;1.2851;1.1801;5.2862;-61.4926;352.5379;352.8162;253.5874;324.2627;0.0039;2.1249;LeftFalse_RightFalse;LeftFalse_RightFalse;HandLeft_(0.3, -0.7, -0.3)_(0.7, 0.3, -0.7, -0.1)_1.046027_System.String[];HandLeft_(-0.7, -0.3, -0.2)_(0.8, 0.4, -0.4, -0.1)_1.005502_System.String[];HandRight_(0.5, -0.8, -0.3)_(-0.2, -0.6, -0.5, 0.6)_1.046027_System.String[];HandRight_(-0.5, -0.4, -0.1)_(-0.2, -0.7, -0.5, 0.4)_1.005502_System.String[];15.4089;0.0544;0.0723;57.9288;-8.4432;0.8440;1.1782;5.7203;-61.8890;5.4298;341.2657;245.3582;346.8882;2.4953;359.6382
-0.4603;0.0000;False;False;58.1282;-8.1424;-0.0148;-0.0072;5.7059;-61.6318;0.0379;0.0226;253.5879;337.4092;0.0039;0.4837;-2.2930;0.0000;0.0004;0.0000;5.6890;0.0000;192350;71.42572;Infinity;2654.93;58.0841;-8.0410;1.2851;1.1800;5.2862;-61.2523;352.5379;352.8117;253.5874;324.5691;0.0039;2.1144;LeftFalse_RightFalse;LeftFalse_RightFalse;HandLeft_(0.3, -0.7, -0.3)_(0.6, 0.3, -0.7, -0.1)_1.046027_System.String[];HandLeft_(-0.7, -0.3, -0.2)_(0.8, 0.3, -0.4, -0.1)_1.005502_System.String[];HandRight_(0.5, -0.8, -0.3)_(-0.2, -0.6, -0.5, 0.6)_1.046027_System.String[];HandRight_(-0.5, -0.4, -0.1)_(-0.2, -0.7, -0.5, 0.4)_1.005502_System.String[];15.4509;0.0544;0.0723;57.9283;-8.5410;0.8438;1.1782;5.7197;-61.6458;5.5895;341.2756;245.3344;347.0626;2.5947;359.6475
-0.4603;0.0000;False;False;58.1282;-8.2379;-0.0148;-0.0071;5.7059;-61.3933;0.0379;0.0184;253.5879;337.7100;0.0039;0.4745;-2.2430;0.0000;0.0014;0.0000;5.6512;0.0000;192353;71.39073;Infinity;2654.97;58.0841;-8.1346;1.2851;1.1800;5.2862;-61.0136;352.5379;352.8049;253.5874;324.8719;0.0039;2.1078;LeftFalse_RightFalse;LeftFalse_RightFalse;HandLeft_(0.3, -0.7, -0.3)_(0.6, 0.3, -0.7, -0.1)_1.046027_System.String[];HandLeft_(-0.7, -0.3, -0.2)_(0.8, 0.3, -0.4, -0.1)_1.005502_System.String[];HandRight_(0.5, -0.8, -0.3)_(-0.2, -0.6, -0.5, 0.6)_1.046027_System.String[];HandRight_(-0.5, -0.4, -0.1)_(-0.2, -0.7, -0.5, 0.4)_1.005502_System.String[];15.4929;0.0544;0.0723;57.9279;-8.6363;0.8436;1.1784;5.7192;-61.4042;5.6982;341.3180;245.2874;347.2889;2.6623;359.5901
-0.4603;0.0000;False;False;58.1282;-8.3312;-0.0148;-0.0070;5.7059;-61.1566;0.0379;0.0176;253.5879;338.0070;0.0039;0.4617;-2.1939;0.0000;0.0018;0.0000;5.6133;0.0000;192356;71.37585;Infinity;2655.01;58.0841;-8.2260;1.2851;1.1801;5.2862;-60.7769;352.5379;352.8006;253.5874;325.1712;0.0039;2.0961;LeftFalse_RightFalse;LeftFalse_RightFalse;HandLeft_(0.3, -0.7, -0.3)_(0.6, 0.3, -0.7, -0.1)_1.046027_System.String[];HandLeft_(-0.7, -0.3, -0.2)_(0.8, 0.4, -0.4, -0.2)_1.005502_System.String[];HandRight_(0.5, -0.8, -0.3)_(-0.2, -0.6, -0.5, 0.6)_1.046027_System.String[];HandRight_(-0.5, -0.4, -0.1)_(-0.2, -0.7, -0.5, 0.4)_1.005502_System.String[];15.5349;0.0544;0.0723;57.9273;-8.7294;0.8432;1.1785;5.7188;-61.1646;5.8060;341.3624;245.2135;347.5726;2.7123;359.4889
-0.4603;0.0000;False;False;58.1282;-8.4216;-0.0148;-0.0069;5.7059;-60.9236;0.0379;0.0198;253.5879;338.2981;0.0039;0.4517;-2.1459;0.0000;0.0035;0.0000;5.5752;0.0000;192359;71.67899;Infinity;2655.05;58.0841;-8.3148;1.2851;1.1801;5.2862;-60.5428;352.5379;352.7990;253.5874;325.4659;0.0039;2.0846;LeftFalse_RightFalse;LeftFalse_RightFalse;HandLeft_(0.3, -0.7, -0.3)_(0.6, 0.3, -0.7, -0.1)_1.046027_System.String[];HandLeft_(-0.7, -0.3, -0.2)_(0.8, 0.4, -0.4, -0.1)_1.005502_System.String[];HandRight_(0.5, -0.8, -0.3)_(-0.2, -0.6, -0.5, 0.6)_1.046027_System.String[];HandRight_(-0.5, -0.4, -0.1)_(-0.2, -0.7, -0.6, 0.4)_1.005502_System.String[];15.5767;0.0544;0.0720;57.9270;-8.8200;0.8430;1.1787;5.7185;-60.9278;5.8905;341.4002;245.1415;347.9158;2.7373;359.3683
-0.4643;0.0000;False;False;58.1282;-8.5100;-0.0148;-0.0068;5.7059;-60.6920;0.0379;0.0232;253.5879;338.5866;0.0039;0.4458;-2.0995;0.0000;0.0016;0.0000;5.5371;0.0000;192362;71.77959;Infinity;2655.09;58.0841;-8.4013;1.2851;1.1802;5.2862;-60.3112;352.5379;352.8015;253.5874;325.7560;0.0039;2.0761;LeftFalse_RightFalse;LeftFalse_RightFalse;HandLeft_(0.3, -0.7, -0.3)_(0.7, 0.3, -0.7, -0.1)_1.046027_System.String[];HandLeft_(-0.7, -0.3, -0.2)_(0.8, 0.3, -0.4, -0.1)_1.005502_System.String[];HandRight_(0.5, -0.8, -0.3)_(-0.2, -0.6, -0.5, 0.6)_1.046027_System.String[];HandRight_(-0.5, -0.4, -0.1)_(-0.2, -0.7, -0.6, 0.4)_1.005502_System.String[];15.6184;0.0544;0.0715;57.9269;-8.9083;0.8428;1.1789;5.7180;-60.6937;5.9498;341.3850;245.0877;348.3121;2.7591;359.2616
-0.4643;0.0000;False;False;58.1282;-8.5966;-0.0148;-0.0068;5.7059;-60.4614;0.0379;0.0222;253.5879;338.8726;0.0039;0.4423;-2.0545;0.0000;-0.0003;0.0000;5.4991;0.0000;192365;71.75174;Infinity;2655.14;58.0841;-8.4862;1.2851;1.1802;5.2862;-60.0805;352.5379;352.8008;253.5874;326.0436;0.0039;2.0728;LeftFalse_RightFalse;LeftFalse_RightFalse;HandLeft_(0.3, -0.7, -0.3)_(0.7, 0.3, -0.7, -0.1)_1.046027_System.String[];HandLeft_(-0.7, -0.3, -0.2)_(0.8, 0.4, -0.4, -0.1)_1.005502_System.String[];HandRight_(0.5, -0.8, -0.3)_(-0.2, -0.6, -0.5, 0.6)_1.046027_System.String[];HandRight_(-0.5, -0.4, -0.1)_(-0.2, -0.7, -0.5, 0.4)_1.005502_System.String[];15.6602;0.0542;0.0707;57.9268;-8.9948;0.8428;1.1789;5.7177;-60.4607;6.0107;341.3107;245.0489;348.6994;2.7684;359.2148
-0.4563;0.0000;False;False;58.1282;-8.6818;-0.0148;-0.0068;5.7059;-60.2314;0.0379;0.0180;253.5879;339.1556;0.0039;0.4363;-2.0104;0.0000;-0.0002;0.0000;5.4610;0.0000;192368;71.57453;Infinity;2655.18;58.0841;-8.5695;1.2851;1.1802;5.2862;-59.8508;352.5379;352.7971;253.5874;326.3281;0.0039;2.0693;LeftFalse_RightFalse;LeftFalse_RightFalse;HandLeft_(0.3, -0.7, -0.3)_(0.7, 0.3, -0.7, -0.1)_1.046027_System.String[];HandLeft_(-0.7, -0.3, -0.2)_(0.8, 0.4, -0.4, -0.1)_1.005502_System.String[];HandRight_(0.5, -0.8, -0.3)_(-0.2, -0.6, -0.5, 0.6)_1.046027_System.String[];HandRight_(-0.5, -0.4, -0.1)_(-0.2, -0.7, -0.5, 0.4)_1.005502_System.String[];15.7021;0.0540;0.0697;57.9266;-9.0798;0.8427;1.1789;5.7175;-60.2285;6.0688;341.2034;245.0343;349.0218;2.7786;359.2534
-0.4563;0.0000;False;False;58.1282;-8.7648;-0.0148;-0.0068;5.7059;-60.0037;0.0379;0.0099;253.5879;339.4328;0.0039;0.4257;-1.9461;0.0000;0.0000;0.0000;5.4038;0.0000;192371;71.57527;Infinity;2655.22;58.0841;-8.6506;1.2851;1.1802;5.2862;-59.6229;352.5379;352.7879;253.5874;326.6081;0.0039;2.0612;LeftFalse_RightFalse;LeftFalse_RightFalse;HandLeft_(0.3, -0.7, -0.3)_(0.6, 0.3, -0.7, -0.1)_1.046027_System.String[];HandLeft_(-0.7, -0.3, -0.2)_(0.8, 0.4, -0.4, -0.2)_1.005502_System.String[];HandRight_(0.5, -0.8, -0.3)_(-0.2, -0.6, -0.5, 0.6)_1.046027_System.String[];HandRight_(-0.5, -0.4, -0.1)_(-0.2, -0.7, -0.5, 0.5)_1.005502_System.String[];15.7441;0.0533;0.0688;57.9262;-9.1631;0.8427;1.1793;5.7172;-59.9985;6.1055;341.0544;245.0372;349.2434;2.7892;359.3327
-0.4563;0.0000;False;False;58.1282;-8.8461;-0.0148;-0.0068;5.7059;-59.7770;0.0379;-0.0010;253.5879;339.7054;0.0039;0.4158;-1.9046;0.0000;0.0015;0.0000;5.3654;0.0000;192374;71.47633;Infinity;2655.26;58.0841;-8.7301;1.2851;1.1802;5.2862;-59.3963;352.5379;352.7759;253.5874;326.8835;0.0039;2.0527;LeftFalse_RightFalse;LeftFalse_RightFalse;HandLeft_(0.3, -0.7, -0.3)_(0.6, 0.3, -0.7, -0.1)_1.046027_System.String[];HandLeft_(-0.7, -0.3, -0.2)_(0.8, 0.4, -0.4, -0.2)_1.005502_System.String[];HandRight_(0.5, -0.8, -0.3)_(-0.2, -0.6, -0.5, 0.6)_1.046027_System.String[];HandRight_(-0.5, -0.4, -0.1)_(-0.2, -0.7, -0.5, 0.5)_1.005502_System.String[];15.7861;0.0524;0.0680;57.9260;-9.2448;0.8427;1.1796;5.7171;-59.7698;6.1422;340.8933;245.0622;349.3828;2.7810;359.4203
-0.4563;0.0000;False;False;58.1282;-8.9258;-0.0148;-0.0067;5.7059;-59.5517;0.0379;359.9867;253.5879;339.9728;0.0039;0.4075;-1.8641;0.0000;0.0024;0.0000;5.3270;0.0000;192377;71.44117;Infinity;2655.30;58.0841;-8.8083;1.2851;1.1803;5.2862;-59.1702;352.5379;352.7618;253.5874;327.1544;0.0039;2.0477;LeftFalse_RightFalse;LeftFalse_RightFalse;HandLeft_(0.3, -0.7, -0.3)_(0.6, 0.3, -0.7, -0.1)_1.046027_System.String[];HandLeft_(-0.7, -0.3, -0.2)_(0.8, 0.4, -0.4, -0.1)_1.005502_System.String[];HandRight_(0.5, -0.8, -0.3)_(-0.2, -0.6, -0.5, 0.6)_1.046027_System.String[];HandRight_(-0.5, -0.4, -0.1)_(-0.2, -0.7, -0.5, 0.5)_1.005502_System.String[];15.8284;0.0513;0.0673;57.9258;-9.3251;0.8427;1.1799;5.7170;-59.5417;6.1692;340.7778;245.0961;349.5077;2.7721;359.5052
-0.4523;0.0000;False;False;58.1282;-9.0032;-0.0148;-0.0066;5.7059;-59.3294;0.0379;359.9777;253.5879;340.2328;0.0039;0.3958;-1.8245;0.0000;0.0029;0.0000;5.2887;0.0000;192380;71.54953;Infinity;2655.35;58.0841;-8.8837;1.2851;1.1805;5.2862;-58.9487;352.5379;352.7498;253.5874;327.4164;0.0039;2.0393;LeftFalse_RightFalse;LeftFalse_RightFalse;HandLeft_(0.3, -0.7, -0.3)_(0.6, 0.3, -0.7, -0.1)_1.046027_System.String[];HandLeft_(-0.7, -0.3, -0.2)_(0.8, 0.4, -0.4, -0.1)_1.005502_System.String[];HandRight_(0.5, -0.8, -0.3)_(-0.2, -0.6, -0.5, 0.6)_1.046027_System.String[];HandRight_(-0.5, -0.4, -0.1)_(-0.2, -0.7, -0.5, 0.4)_1.005502_System.String[];15.8701;0.0501;0.0667;57.9257;-9.4027;0.8425;1.1802;5.7169;-59.3182;6.2171;340.7274;245.0871;349.6291;2.7672;359.5937
-0.4523;0.0000;False;False;58.1282;-9.0788;-0.0148;-0.0065;5.7059;-59.1093;0.0379;359.9708;253.5879;340.4872;0.0039;0.3839;-1.7856;0.0000;0.0040;0.0000;5.2504;0.0000;192383;71.70869;Infinity;2655.39;58.0841;-8.9577;1.2851;1.1806;5.2862;-58.7278;352.5379;352.7395;253.5874;327.6746;0.0039;2.0289;LeftFalse_RightFalse;LeftFalse_RightFalse;HandLeft_(0.3, -0.7, -0.3)_(0.6, 0.3, -0.7, -0.1)_1.046027_System.String[];HandLeft_(-0.7, -0.3, -0.2)_(0.8, 0.4, -0.5, -0.1)_1.005502_System.String[];HandRight_(0.5, -0.8, -0.3)_(-0.2, -0.6, -0.5, 0.6)_1.046027_System.String[];HandRight_(-0.5, -0.4, -0.1)_(-0.2, -0.7, -0.5, 0.5)_1.005502_System.String[];15.9119;0.0490;0.0661;57.9256;-9.4789;0.8422;1.1805;5.7169;-59.0952;6.2414;340.6909;245.0207;349.7647;2.7457;359.6716
-0.4523;0.0000;False;False;58.1282;-9.1528;-0.0148;-0.0063;5.7059;-58.8902;0.0379;359.9669;253.5879;340.7373;0.0039;0.3760;-1.7480;0.0000;0.0048;0.0000;5.2119;0.0000;192386;71.66042;Infinity;2655.43;58.0841;-9.0299;1.2851;1.1808;5.2862;-58.5093;352.5379;352.7328;253.5874;327.9266;0.0039;2.0207;LeftFalse_RightFalse;LeftFalse_RightFalse;HandLeft_(0.3, -0.7, -0.3)_(0.6, 0.3, -0.7, -0.1)_1.046027_System.String[];HandLeft_(-0.7, -0.3, -0.2)_(0.8, 0.4, -0.4, -0.1)_1.005502_System.String[];HandRight_(0.5, -0.8, -0.3)_(-0.2, -0.6, -0.5, 0.6)_1.046027_System.String[];HandRight_(-0.5, -0.4, -0.1)_(-0.2, -0.7, -0.5, 0.5)_1.005502_System.String[];15.9539;0.0482;0.0653;57.9255;-9.5532;0.8420;1.1808;5.7168;-58.8748;6.2695;340.6453;244.9067;349.9194;2.7138;359.7577
-0.4523;0.0000;False;False;58.1282;-9.2249;-0.0148;-0.0061;5.7059;-58.6738;0.0379;359.9634;253.5879;340.9815;0.0039;0.3710;-1.7118;0.0000;0.0041;0.0000;5.1736;0.0000;192389;71.81943;Infinity;2655.47;58.0841;-9.1007;1.2851;1.1810;5.2862;-58.2922;352.5379;352.7283;253.5874;328.1738;0.0039;2.0161;LeftFalse_RightFalse;LeftFalse_RightFalse;HandLeft_(0.3, -0.7, -0.3)_(0.6, 0.3, -0.7, -0.1)_1.046027_System.String[];HandLeft_(-0.7, -0.3, -0.2)_(0.8, 0.4, -0.4, -0.1)_1.005502_System.String[];HandRight_(0.5, -0.8, -0.3)_(-0.2, -0.6, -0.5, 0.6)_1.046027_System.String[];HandRight_(-0.5, -0.4, -0.1)_(-0.2, -0.7, -0.5, 0.5)_1.005502_System.String[];15.9954;0.0479;0.0643;57.9255;-9.6261;0.8419;1.1810;5.7168;-58.6558;6.2811;340.5992;244.8124;350.0909;2.6881;359.8343
-0.4444;0.0000;False;False;58.1282;-9.2955;-0.0148;-0.0059;5.7059;-58.4591;0.0379;359.9594;253.5879;341.2205;0.0039;0.3663;-1.6766;0.0000;0.0038;0.0000;5.1353;0.0000;192392;71.90242;Infinity;2655.51;58.0841;-9.1697;1.2851;1.1811;5.2862;-58.0773;352.5379;352.7235;253.5874;328.4152;0.0039;2.0122;LeftFalse_RightFalse;LeftFalse_RightFalse;HandLeft_(0.3, -0.7, -0.3)_(0.6, 0.3, -0.7, -0.1)_1.046027_System.String[];HandLeft_(-0.7, -0.3, -0.2)_(0.8, 0.4, -0.4, -0.1)_1.005502_System.String[];HandRight_(0.5, -0.8, -0.3)_(-0.2, -0.6, -0.5, 0.6)_1.046027_System.String[];HandRight_(-0.5, -0.4, -0.1)_(-0.2, -0.7, -0.5, 0.5)_1.005502_System.String[];16.0371;0.0478;0.0629;57.9254;-9.6971;0.8418;1.1812;5.7168;-58.4391;6.2802;340.5403;244.7478;350.2743;2.6549;359.8857
-0.4444;0.0000;False;False;58.1282;-9.3645;-0.0148;-0.0057;5.7059;-58.2461;0.0379;359.9533;253.5879;341.4537;0.0039;0.3578;-1.6422;0.0000;0.0050;0.0000;5.0969;0.0000;192395;71.94894;Infinity;2655.56;58.0841;-9.2372;1.2851;1.1813;5.2862;-57.8642;352.5379;352.7170;253.5874;328.6509;0.0039;2.0067;LeftFalse_RightFalse;LeftFalse_RightFalse;HandLeft_(0.3, -0.7, -0.3)_(0.6, 0.3, -0.7, 0.0)_1.046027_System.String[];HandLeft_(-0.7, -0.3, -0.2)_(0.8, 0.4, -0.5, -0.1)_1.005502_System.String[];HandRight_(0.5, -0.8, -0.3)_(-0.2, -0.6, -0.5, 0.6)_1.046027_System.String[];HandRight_(-0.5, -0.4, -0.1)_(-0.2, -0.7, -0.5, 0.5)_1.005502_System.String[];16.0789;0.0478;0.0615;57.9254;-9.7665;0.8418;1.1814;5.7168;-58.2244;6.2342;340.4841;244.7344;350.4648;2.6119;359.9438
-0.4563;0.0000;False;False;58.1282;-9.4321;-0.0148;-0.0055;5.7059;-58.0347;0.0379;359.9456;253.5879;341.6806;0.0039;0.3471;-1.6089;0.0000;0.0054;0.0000;5.0586;0.0000;192398;71.97779;Infinity;2655.60;58.0841;-9.3033;1.2851;1.1815;5.2862;-57.6528;352.5379;352.7076;253.5874;328.8810;0.0039;1.9983;LeftFalse_RightFalse;LeftFalse_RightFalse;HandLeft_(0.3, -0.7, -0.3)_(0.6, 0.3, -0.7, 0.0)_1.046027_System.String[];HandLeft_(-0.7, -0.3, -0.2)_(0.8, 0.4, -0.5, -0.1)_1.005502_System.String[];HandRight_(0.5, -0.8, -0.3)_(-0.2, -0.6, -0.5, 0.6)_1.046027_System.String[];HandRight_(-0.5, -0.4, -0.1)_(-0.2, -0.7, -0.5, 0.5)_1.005502_System.String[];16.1204;0.0478;0.0601;57.9254;-9.8343;0.8417;1.1817;5.7168;-58.0113;6.1590;340.4302;244.7648;350.6581;2.5751;-0.0045
-0.4444;0.0000;False;False;58.1282;-9.4983;-0.0148;-0.0053;5.7059;-57.8250;0.0379;359.9362;253.5879;341.9011;0.0039;0.3375;-1.5767;0.0000;0.0067;0.0000;5.0201;0.0000;192401;71.9882;Infinity;2655.64;58.0841;-9.3679;1.2851;1.1818;5.2862;-57.4431;352.5379;352.6969;253.5874;329.1046;0.0039;1.9895;LeftFalse_RightFalse;LeftFalse_RightFalse;HandLeft_(0.3, -0.7, -0.3)_(0.6, 0.3, -0.7, 0.0)_1.046027_System.String[];HandLeft_(-0.7, -0.3, -0.2)_(0.8, 0.4, -0.5, -0.1)_1.005502_System.String[];HandRight_(0.5, -0.8, -0.3)_(-0.2, -0.6, -0.5, 0.6)_1.046027_System.String[];HandRight_(-0.5, -0.4, -0.1)_(-0.2, -0.7, -0.5, 0.5)_1.005502_System.String[];16.1621;0.0478;0.0591;57.9254;-9.9008;0.8417;1.1820;5.7168;-57.8000;6.0767;340.3845;244.8289;350.8344;2.5353;0.0282
-0.4444;0.0000;False;False;58.1282;-9.5632;-0.0148;-0.0050;5.7059;-57.6169;0.0379;359.9268;253.5879;342.1153;0.0039;0.3300;-1.5455;0.0000;0.0065;0.0000;4.9817;0.0000;192404;71.98382;Infinity;2655.68;58.0841;-9.4312;1.2851;1.1821;5.2862;-57.2350;352.5379;352.6849;253.5874;329.3215;0.0039;1.9848;LeftFalse_RightFalse;LeftFalse_RightFalse;HandLeft_(0.3, -0.7, -0.3)_(0.6, 0.3, -0.7, 0.0)_1.046027_System.String[];HandLeft_(-0.7, -0.3, -0.2)_(0.8, 0.4, -0.5, -0.1)_1.005502_System.String[];HandRight_(0.5, -0.8, -0.3)_(-0.2, -0.6, -0.5, 0.6)_1.046027_System.String[];HandRight_(-0.5, -0.4, -0.1)_(-0.2, -0.7, -0.5, 0.5)_1.005502_System.String[];16.2039;0.0478;0.0583;57.9254;-9.9659;0.8419;1.1824;5.7168;-57.5904;5.9885;340.3369;244.9258;350.9912;2.4736;0.0450
-0.4444;0.0000;False;False;58.1282;-9.6271;-0.0148;-0.0047;5.7059;-57.4091;0.0379;359.9220;253.5879;342.3247;0.0039;0.3200;-1.4997;0.0000;0.0065;0.0000;4.9246;0.0000;192407;71.73825;Infinity;2655.72;58.0841;-9.4935;1.2851;1.1824;5.2862;-57.0277;352.5379;352.6772;253.5874;329.5334;0.0039;1.9769;LeftFalse_RightFalse;LeftFalse_RightFalse;HandLeft_(0.3, -0.7, -0.3)_(0.6, 0.3, -0.7, 0.0)_1.046027_System.String[];HandLeft_(-0.7, -0.3, -0.2)_(0.8, 0.4, -0.5, -0.1)_1.005502_System.String[];HandRight_(0.5, -0.8, -0.3)_(-0.2, -0.6, -0.5, 0.6)_1.046027_System.String[];HandRight_(-0.5, -0.4, -0.1)_(-0.2, -0.7, -0.5, 0.5)_1.005502_System.String[];16.2458;0.0478;0.0575;57.9255;-10.0300;0.8422;1.1831;5.7168;-57.3814;5.9290;340.3000;245.0146;351.1489;2.4174;0.0489
-0.4444;0.0000;False;False;58.1282;-9.6894;-0.0148;-0.0044;5.7059;-57.2039;0.0379;359.9194;253.5879;342.5281;0.0039;0.3091;-1.4699;0.0000;0.0064;0.0000;4.8868;0.0000;192410;71.79348;Infinity;2655.76;58.0841;-9.5546;1.2851;1.1826;5.2862;-56.8218;352.5379;352.6717;253.5874;329.7402;0.0039;1.9671;LeftFalse_RightFalse;LeftFalse_RightFalse;HandLeft_(0.3, -0.7, -0.3)_(0.6, 0.3, -0.7, 0.0)_1.046027_System.String[];HandLeft_(-0.7, -0.3, -0.2)_(0.8, 0.4, -0.5, -0.1)_1.005502_System.String[];HandRight_(0.5, -0.8, -0.3)_(-0.2, -0.6, -0.5, 0.6)_1.046027_System.String[];HandRight_(-0.5, -0.4, -0.1)_(-0.2, -0.7, -0.5, 0.5)_1.005502_System.String[];16.2876;0.0478;0.0571;57.9255;-10.0929;0.8424;1.1836;5.7168;-57.1740;5.8999;340.2687;245.0680;351.3115;2.3738;0.0588
-0.4444;0.0000;False;False;58.1282;-9.7506;-0.0148;-0.0041;5.7059;-56.9997;0.0379;359.9194;253.5879;342.7278;0.0039;0.3007;-1.4407;0.0000;0.0075;0.0000;4.8489;0.0000;192413;71.66059;Infinity;2655.81;58.0841;-9.6143;1.2851;1.1829;5.2862;-56.6181;352.5379;352.6685;253.5874;329.9418;0.0039;1.9574;LeftFalse_RightFalse;LeftFalse_RightFalse;HandLeft_(0.3, -0.7, -0.3)_(0.6, 0.3, -0.7, -0.1)_1.046027_System.String[];HandLeft_(-0.7, -0.3, -0.2)_(0.8, 0.4, -0.5, -0.1)_1.005502_System.String[];HandRight_(0.5, -0.8, -0.3)_(-0.2, -0.6, -0.5, 0.6)_1.046027_System.String[];HandRight_(-0.5, -0.3, -0.1)_(-0.2, -0.7, -0.5, 0.5)_1.005502_System.String[];16.3293;0.0478;0.0569;57.9255;-10.1543;0.8425;1.1841;5.7168;-56.9687;5.8858;340.2408;245.0862;351.4893;2.3555;0.0829
-0.4444;0.0000;False;False;58.1282;-9.8109;-0.0148;-0.0038;5.7059;-56.7957;0.0379;359.9208;253.5879;342.9254;0.0039;0.2970;-1.4122;0.0000;0.0069;0.0000;4.8113;0.0000;192416;71.35157;Infinity;2655.85;58.0841;-9.6734;1.2851;1.1832;5.2862;-56.4138;352.5379;352.6688;253.5874;330.1411;0.0039;1.9527;LeftFalse_RightFalse;LeftFalse_RightFalse;HandLeft_(0.3, -0.7, -0.3)_(0.6, 0.3, -0.7, 0.0)_1.046027_System.String[];HandLeft_(-0.7, -0.3, -0.2)_(0.8, 0.4, -0.5, -0.1)_1.005502_System.String[];HandRight_(0.5, -0.8, -0.3)_(-0.2, -0.6, -0.5, 0.6)_1.046027_System.String[];HandRight_(-0.5, -0.3, -0.1)_(-0.2, -0.7, -0.5, 0.5)_1.005502_System.String[];16.3716;0.0478;0.0567;57.9255;-10.2149;0.8426;1.1845;5.7168;-56.7629;5.8663;340.2198;245.0750;351.6806;2.3731;0.1332
-0.4444;0.0000;False;False;58.1282;-9.8692;-0.0148;-0.0036;5.7059;-56.5961;0.0379;359.9216;253.5879;343.1174;0.0039;0.2932;-1.3850;0.0000;0.0045;0.0000;4.7737;0.0000;192419;71.67612;Infinity;2655.89;58.0841;-9.7307;1.2851;1.1834;5.2862;-56.2133;352.5379;352.6689;253.5874;330.3352;0.0039;1.9488;LeftFalse_RightFalse;LeftFalse_RightFalse;HandLeft_(0.3, -0.7, -0.3)_(0.6, 0.3, -0.7, 0.0)_1.046027_System.String[];HandLeft_(-0.7, -0.3, -0.2)_(0.8, 0.4, -0.5, -0.1)_1.005502_System.String[];HandRight_(0.5, -0.8, -0.3)_(-0.2, -0.6, -0.5, 0.6)_1.046027_System.String[];HandRight_(-0.5, -0.3, -0.1)_(-0.2, -0.7, -0.5, 0.5)_1.005502_System.String[];16.4133;0.0478;0.0567;57.9255;-10.2738;0.8426;1.1848;5.7167;-56.5611;5.8500;340.1976;245.0564;351.8706;2.4030;0.1991
-0.4444;0.0000;False;False;58.1282;-9.9268;-0.0148;-0.0033;5.7059;-56.3964;0.0379;359.9207;253.5879;343.3081;0.0039;0.2867;-1.3584;0.0000;0.0062;0.0000;4.7361;0.0000;192422;71.5034;Infinity;2655.93;58.0841;-9.7867;1.2851;1.1836;5.2862;-56.0150;352.5379;352.6678;253.5874;330.5261;0.0039;1.9438;LeftFalse_RightFalse;LeftFalse_RightFalse;HandLeft_(0.3, -0.7, -0.3)_(0.6, 0.3, -0.7, 0.0)_1.046027_System.String[];HandLeft_(-0.7, -0.3, -0.2)_(0.8, 0.4, -0.5, -0.1)_1.005502_System.String[];HandRight_(0.5, -0.8, -0.3)_(-0.2, -0.6, -0.5, 0.6)_1.046027_System.String[];HandRight_(-0.5, -0.3, -0.1)_(-0.2, -0.7, -0.5, 0.5)_1.005502_System.String[];16.4553;0.0478;0.0563;57.9257;-10.3311;0.8426;1.1850;5.7164;-56.3614;5.8370;340.1506;245.0331;352.0472;2.4348;0.2651
-0.4404;0.0000;False;False;58.1282;-9.9829;-0.0148;-0.0031;5.7059;-56.1999;0.0379;359.9182;253.5879;343.4947;0.0039;0.2783;-1.3320;0.0000;0.0071;0.0000;4.6988;0.0000;192425;71.74184;Infinity;2655.97;58.0841;-9.8419;1.2851;1.1839;5.2862;-55.8168;352.5379;352.6639;253.5874;330.7160;0.0039;1.9363;LeftFalse_RightFalse;LeftFalse_RightFalse;HandLeft_(0.3, -0.7, -0.3)_(0.6, 0.3, -0.7, 0.0)_1.046027_System.String[];HandLeft_(-0.7, -0.3, -0.2)_(0.8, 0.4, -0.5, -0.1)_1.005502_System.String[];HandRight_(0.5, -0.8, -0.3)_(-0.2, -0.6, -0.5, 0.6)_1.046027_System.String[];HandRight_(-0.5, -0.3, -0.1)_(-0.2, -0.7, -0.5, 0.5)_1.005502_System.String[];16.4968;0.0478;0.0555;57.9261;-10.3876;0.8426;1.1853;5.7163;-56.1617;5.8136;340.0679;245.0126;352.2168;2.4721;0.3274
-0.4404;0.0000;False;False;58.1282;-10.0382;-0.0148;-0.0027;5.7059;-56.0037;0.0379;359.9142;253.5879;343.6793;0.0039;0.2700;-1.3063;0.0000;0.0083;0.0000;4.6615;0.0000;192428;71.60407;Infinity;2656.02;58.0841;-9.8957;1.2851;1.1842;5.2862;-55.6212;352.5379;352.6587;253.5874;330.9021;0.0039;1.9282;LeftFalse_RightFalse;LeftFalse_RightFalse;HandLeft_(0.3, -0.7, -0.3)_(0.6, 0.3, -0.7, 0.0)_1.046027_System.String[];HandLeft_(-0.7, -0.3, -0.2)_(0.8, 0.4, -0.5, -0.1)_1.005502_System.String[];HandRight_(0.5, -0.8, -0.3)_(-0.2, -0.6, -0.5, 0.6)_1.046027_System.String[];HandRight_(-0.5, -0.3, -0.1)_(-0.2, -0.7, -0.5, 0.5)_1.005502_System.String[];16.5388;0.0478;0.0539;57.9264;-10.4427;0.8426;1.1857;5.7163;-55.9646;5.7703;339.9724;244.9944;352.3726;2.5074;0.3805
-0.4404;0.0000;False;False;58.1282;-10.0925;-0.0148;-0.0024;5.7059;-55.8085;0.0379;359.9089;253.5879;343.8603;0.0039;0.2661;-1.2820;0.0000;0.0080;0.0000;4.6243;0.0000;192431;71.43892;Infinity;2656.06;58.0841;-9.9489;1.2851;1.1845;5.2862;-55.4259;352.5379;352.6521;253.5874;331.0852;0.0039;1.9235;LeftFalse_RightFalse;LeftFalse_RightFalse;HandLeft_(0.3, -0.7, -0.3)_(0.6, 0.3, -0.7, 0.0)_1.046027_System.String[];HandLeft_(-0.7, -0.3, -0.2)_(0.8, 0.4, -0.5, -0.1)_1.005502_System.String[];HandRight_(0.5, -0.8, -0.3)_(-0.2, -0.6, -0.5, 0.6)_1.046027_System.String[];HandRight_(-0.5, -0.3, -0.1)_(-0.2, -0.7, -0.5, 0.5)_1.005502_System.String[];16.5811;0.0478;0.0516;57.9265;-10.4971;0.8426;1.1862;5.7162;-55.7682;5.7368;339.8531;244.9758;352.5040;2.5381;0.4291
-0.4365;-0.0119;False;False;58.1282;-10.1457;-0.0148;-0.0021;5.7059;-55.6154;0.0379;359.9088;253.5879;344.0344;0.0039;0.2588;-1.2590;0.0000;0.0071;0.0000;4.5873;0.0000;192434;71.47413;Infinity;2656.10;58.0841;-10.0011;1.2851;1.1848;5.2862;-55.2320;352.5379;352.6491;253.5874;331.2628;0.0039;1.9193;LeftFalse_RightFalse;LeftFalse_RightFalse;HandLeft_(0.3, -0.7, -0.3)_(0.6, 0.3, -0.7, 0.0)_1.046027_System.String[];HandLeft_(-0.7, -0.3, -0.2)_(0.8, 0.4, -0.5, -0.1)_1.005502_System.String[];HandRight_(0.5, -0.8, -0.3)_(-0.2, -0.6, -0.5, 0.6)_1.046027_System.String[];HandRight_(-0.5, -0.3, -0.1)_(-0.2, -0.7, -0.5, 0.5)_1.005502_System.String[];16.6230;0.0478;0.0489;57.9266;-10.5505;0.8426;1.1868;5.7162;-55.5730;5.7069;339.7147;244.9544;352.6010;2.5490;0.4836
-0.4404;-0.0119;False;False;58.1282;-10.1979;-0.0148;-0.0018;5.7059;-55.4241;0.0379;359.9120;253.5879;344.2003;0.0039;0.2494;-1.2258;0.0000;0.0067;0.0000;4.5286;0.0000;192437;71.43975;Infinity;2656.14;58.0841;-10.0520;1.2851;1.1851;5.2862;-55.0410;352.5379;352.6494;253.5874;331.4321;0.0039;1.9101;LeftFalse_RightFalse;LeftFalse_RightFalse;HandLeft_(0.3, -0.7, -0.3)_(0.6, 0.3, -0.7, 0.0)_1.046027_System.String[];HandLeft_(-0.7, -0.3, -0.2)_(0.8, 0.4, -0.5, -0.1)_1.005502_System.String[];HandRight_(0.5, -0.8, -0.3)_(-0.2, -0.6, -0.5, 0.6)_1.046027_System.String[];HandRight_(-0.5, -0.3, -0.1)_(-0.2, -0.7, -0.5, 0.5)_1.005502_System.String[];16.6650;0.0478;0.0461;57.9267;-10.6024;0.8426;1.1874;5.7162;-55.3806;5.6832;339.6283;244.9225;352.6802;2.5685;0.5267
-0.4365;-0.0198;False;False;58.1282;-10.2488;-0.0148;-0.0015;5.7059;-55.2359;0.0379;359.9174;253.5879;344.3562;0.0039;0.2391;-1.2041;0.0000;0.0066;0.0000;4.4863;0.0000;192440;71.7024;Infinity;2656.18;58.0841;-10.1019;1.2851;1.1853;5.2862;-54.8518;352.5379;352.6517;253.5874;331.5929;0.0039;1.8992;LeftFalse_RightFalse;LeftFalse_RightFalse;HandLeft_(0.3, -0.7, -0.3)_(0.6, 0.3, -0.7, 0.0)_1.046027_System.String[];HandLeft_(-0.7, -0.3, -0.2)_(0.8, 0.4, -0.5, -0.1)_1.005502_System.String[];HandRight_(0.5, -0.8, -0.3)_(-0.2, -0.6, -0.5, 0.6)_1.046027_System.String[];HandRight_(-0.5, -0.3, -0.1)_(-0.2, -0.7, -0.5, 0.5)_1.005502_System.String[];16.7065;0.0478;0.0437;57.9267;-10.6533;0.8426;1.1878;5.7162;-55.1901;5.6635;339.5502;244.8823;352.7563;2.5720;0.5486
-0.4325;-0.0238;False;False;58.1282;-10.2993;-0.0148;-0.0012;5.7059;-55.0473;0.0379;359.9253;253.5879;344.5052;0.0039;0.2310;-1.1827;0.0000;0.0070;0.0000;4.4421;0.0000;192443;71.30037;Infinity;2656.23;58.0841;-10.1508;1.2851;1.1855;5.2862;-54.6651;352.5379;352.6563;253.5874;331.7444;0.0039;1.8881;LeftFalse_RightFalse;LeftFalse_RightFalse;HandLeft_(0.3, -0.7, -0.3)_(0.6, 0.3, -0.7, 0.0)_1.046027_System.String[];HandLeft_(-0.7, -0.3, -0.2)_(0.8, 0.4, -0.5, -0.1)_1.005502_System.String[];HandRight_(0.5, -0.8, -0.3)_(-0.2, -0.6, -0.5, 0.6)_1.046027_System.String[];HandRight_(-0.5, -0.3, -0.1)_(-0.2, -0.7, -0.5, 0.5)_1.005502_System.String[];16.7488;0.0478;0.0421;57.9268;-10.7032;0.8428;1.1882;5.7162;-55.0021;5.6411;339.4755;244.8613;352.8384;2.5400;0.5419
-0.4325;-0.0278;False;False;58.1282;-10.3489;-0.0148;-0.0009;5.7059;-54.8607;0.0379;359.9332;253.5879;344.6460;0.0039;0.2275;-1.1616;0.0000;0.0058;0.0000;4.3972;0.0000;192446;71.18752;Infinity;2656.27;58.0841;-10.1998;1.2851;1.1857;5.2862;-54.4769;352.5379;352.6635;253.5874;331.8895;0.0039;1.8821;LeftFalse_RightFalse;LeftFalse_RightFalse;HandLeft_(0.3, -0.7, -0.3)_(0.6, 0.3, -0.7, 0.0)_1.046027_System.String[];HandLeft_(-0.7, -0.3, -0.2)_(0.8, 0.4, -0.5, 0.0)_1.005502_System.String[];HandRight_(0.5, -0.8, -0.3)_(-0.2, -0.6, -0.5, 0.6)_1.046027_System.String[];HandRight_(-0.5, -0.3, -0.1)_(-0.2, -0.7, -0.5, 0.5)_1.005502_System.String[];16.7910;0.0478;0.0410;57.9268;-10.7533;0.8431;1.1886;5.7162;-54.8127;5.6165;339.4021;244.8604;352.9325;2.5017;0.5209
-0.4285;-0.0278;False;False;58.1282;-10.3969;-0.0148;-0.0007;5.7059;-54.6781;0.0379;359.9400;253.5879;344.7787;0.0039;0.2239;-1.1403;0.0000;0.0051;0.0000;4.3525;0.0000;192449;71.53324;Infinity;2656.31;58.0841;-10.2474;1.2851;1.1859;5.2862;-54.2925;352.5379;352.6697;253.5874;332.0258;0.0039;1.8769;LeftFalse_RightFalse;LeftFalse_RightFalse;HandLeft_(0.3, -0.7, -0.3)_(0.6, 0.3, -0.7, 0.0)_1.046027_System.String[];HandLeft_(-0.7, -0.3, -0.2)_(0.8, 0.4, -0.5, 0.0)_1.005502_System.String[];HandRight_(0.5, -0.8, -0.3)_(-0.2, -0.6, -0.5, 0.6)_1.046027_System.String[];HandRight_(-0.5, -0.3, -0.1)_(-0.2, -0.7, -0.5, 0.5)_1.005502_System.String[];16.8328;0.0478;0.0407;57.9269;-10.8020;0.8433;1.1888;5.7162;-54.6271;5.5916;339.3459;244.8794;353.0260;2.4447;0.5146
-0.4285;-0.0238;False;False;58.1282;-10.4442;-0.0148;-0.0005;5.7059;-54.4971;0.0379;359.9456;253.5879;344.9066;0.0039;0.2201;-1.1190;0.0000;0.0052;0.0000;4.3081;0.0000;192452;71.63198;Infinity;2656.35;58.0841;-10.2938;1.2851;1.1860;5.2862;-54.1116;352.5379;352.6750;253.5874;332.1555;0.0039;1.8723;LeftFalse_RightFalse;LeftFalse_RightFalse;HandLeft_(0.3, -0.7, -0.3)_(0.6, 0.3, -0.7, 0.0)_1.046027_System.String[];HandLeft_(-0.7, -0.3, -0.2)_(0.8, 0.4, -0.5, 0.0)_1.005502_System.String[];HandRight_(0.5, -0.8, -0.3)_(-0.2, -0.6, -0.5, 0.6)_1.046027_System.String[];HandRight_(-0.5, -0.3, -0.1)_(-0.2, -0.7, -0.5, 0.5)_1.005502_System.String[];16.8745;0.0478;0.0407;57.9271;-10.8492;0.8434;1.1890;5.7166;-54.4454;5.5713;339.2935;244.9104;353.1106;2.3678;0.5286
-0.4246;-0.0119;False;False;58.1282;-10.4910;-0.0148;-0.0003;5.7059;-54.3162;0.0379;359.9488;253.5879;345.0322;0.0039;0.2138;-1.0984;0.0000;0.0055;0.0000;4.2667;0.0000;192455;71.38937;Infinity;2656.39;58.0841;-10.3399;1.2851;1.1862;5.2862;-53.9302;352.5379;352.6777;253.5874;332.2830;0.0039;1.8658;LeftFalse_RightFalse;LeftFalse_RightFalse;HandLeft_(0.3, -0.7, -0.3)_(0.6, 0.3, -0.7, 0.0)_1.046027_System.String[];HandLeft_(-0.7, -0.3, -0.2)_(0.8, 0.4, -0.5, 0.0)_1.005502_System.String[];HandRight_(0.5, -0.8, -0.3)_(-0.2, -0.6, -0.5, 0.6)_1.046027_System.String[];HandRight_(-0.5, -0.3, -0.1)_(-0.2, -0.7, -0.5, 0.5)_1.005502_System.String[];16.9167;0.0478;0.0407;57.9273;-10.8963;0.8434;1.1892;5.7169;-54.2632;5.5466;339.2240;244.9512;353.1934;2.2988;0.5630
-0.4166;0.0000;False;False;58.1282;-10.5367;-0.0148;0.0061;5.7059;-54.1357;0.0379;359.6819;253.5879;345.1546;0.0039;0.3713;-1.0890;0.0000;0.2453;0.0000;4.2258;0.0000;192458;71.32623;Infinity;2656.44;58.0841;-10.3879;1.2851;1.1910;5.2862;-53.7532;352.5379;352.6058;253.5874;332.3784;0.0039;2.1005;LeftFalse_RightFalse;LeftFalse_RightFalse;HandLeft_(0.3, -0.7, -0.3)_(0.6, 0.3, -0.7, 0.0)_1.046027_System.String[];HandLeft_(-0.7, -0.3, -0.2)_(0.8, 0.4, -0.5, 0.0)_1.005502_System.String[];HandRight_(0.5, -0.8, -0.3)_(-0.2, -0.6, -0.5, 0.6)_1.046027_System.String[];HandRight_(-0.5, -0.3, -0.1)_(-0.2, -0.7, -0.5, 0.5)_1.005502_System.String[];16.9590;0.0478;0.0407;57.9274;-10.9453;0.8434;1.1913;5.7171;-54.0853;5.5059;339.0347;244.9847;353.2187;2.2553;0.7885
-0.3928;0.0000;False;False;58.1282;-10.5822;-0.0148;0.0096;5.7059;-53.9599;0.0379;359.5416;253.5879;345.2675;0.0039;0.2676;-1.0627;0.0000;-0.1025;0.0000;4.1960;0.0000;192461;71.66385;Infinity;2656.48;58.0841;-10.4287;1.2851;1.2011;5.2862;-53.5823;352.5379;352.2331;253.5874;332.4988;0.0039;2.0409;LeftFalse_RightFalse;LeftFalse_RightFalse;HandLeft_(0.3, -0.7, -0.3)_(0.6, 0.3, -0.7, 0.0)_1.046027_System.String[];HandLeft_(-0.7, -0.3, -0.2)_(0.8, 0.4, -0.5, -0.1)_1.005502_System.String[];HandRight_(0.5, -0.8, -0.3)_(-0.2, -0.6, -0.5, 0.6)_1.046027_System.String[];HandRight_(-0.5, -0.3, -0.1)_(-0.2, -0.7, -0.5, 0.5)_1.005502_System.String[];17.0005;0.0478;0.0407;57.9276;-10.9871;0.8434;1.2021;5.7172;-53.9141;5.4268;338.5796;244.9892;353.3855;2.2272;0.6756
-0.3809;0.0000;False;False;58.1282;-10.6258;-0.0148;0.0063;5.7059;-53.7870;0.0379;359.6948;253.5879;345.3835;0.0039;0.2300;-1.0412;0.0000;-0.0689;0.0000;4.1621;0.0000;192464;71.82558;Infinity;2656.52;58.0841;-10.4718;1.2851;1.1960;5.2862;-53.4056;352.5379;352.3916;253.5874;332.6252;0.0039;1.9553;LeftFalse_RightFalse;LeftFalse_RightFalse;HandLeft_(0.3, -0.7, -0.3)_(0.6, 0.3, -0.7, 0.0)_1.046027_System.String[];HandLeft_(-0.7, -0.3, -0.2)_(0.8, 0.4, -0.5, -0.1)_1.005502_System.String[];HandRight_(0.5, -0.8, -0.3)_(-0.2, -0.6, -0.5, 0.6)_1.046027_System.String[];HandRight_(-0.5, -0.3, -0.1)_(-0.2, -0.7, -0.5, 0.5)_1.005502_System.String[];17.0422;0.0478;0.0407;57.9279;-11.0310;0.8436;1.1982;5.7174;-53.7368;5.3258;338.6088;244.9775;353.5002;2.2015;0.7079
-0.3651;0.0000;False;False;58.1282;-10.6686;-0.0148;0.0041;5.7059;-53.6150;0.0379;359.8027;253.5879;345.5001;0.0039;0.2064;-1.0143;0.0000;-0.0382;0.0000;4.1113;0.0000;192467;71.85638;Infinity;2656.56;58.0841;-10.5140;1.2851;1.1925;5.2862;-53.2312;352.5379;352.5035;253.5874;332.7485;0.0039;1.9026;LeftFalse_RightFalse;LeftFalse_RightFalse;HandLeft_(0.3, -0.7, -0.3)_(0.6, 0.3, -0.7, 0.0)_1.046027_System.String[];HandLeft_(-0.7, -0.3, -0.2)_(0.8, 0.4, -0.5, -0.1)_1.005502_System.String[];HandRight_(0.5, -0.8, -0.3)_(-0.2, -0.6, -0.5, 0.6)_1.046027_System.String[];HandRight_(-0.5, -0.3, -0.1)_(-0.2, -0.7, -0.5, 0.5)_1.005502_System.String[];17.0840;0.0478;0.0407;57.9282;-11.0741;0.8439;1.1956;5.7176;-53.5616;5.2263;338.5817;244.9541;353.6092;2.1837;0.7326
-0.3531;0.0000;False;False;58.1282;-10.7107;-0.0148;0.0027;5.7059;-53.4446;0.0379;359.8774;253.5879;345.6158;0.0039;0.1904;-0.9979;0.0000;-0.0244;0.0000;4.0775;0.0000;192470;71.92989;Infinity;2656.60;58.0841;-10.5556;1.2851;1.1902;5.2862;-53.0587;352.5379;352.5823;253.5874;332.8693;0.0039;1.8660;LeftFalse_RightFalse;LeftFalse_RightFalse;HandLeft_(0.3, -0.7, -0.3)_(0.6, 0.3, -0.7, 0.0)_1.046027_System.String[];HandLeft_(-0.7, -0.3, -0.2)_(0.8, 0.4, -0.5, -0.1)_1.005502_System.String[];HandRight_(0.5, -0.8, -0.3)_(-0.2, -0.6, -0.5, 0.6)_1.046027_System.String[];HandRight_(-0.5, -0.3, -0.1)_(-0.2, -0.7, -0.5, 0.5)_1.005502_System.String[];17.1257;0.0478;0.0403;57.9284;-11.1166;0.8441;1.1938;5.7176;-53.3883;5.1311;338.5241;244.9298;353.7025;2.1665;0.7665
-0.3611;0.0000;False;False;58.1282;-10.7520;-0.0148;0.0018;5.7059;-53.2755;0.0379;359.9296;253.5879;345.7301;0.0039;0.1788;-0.9819;0.0000;-0.0141;0.0000;4.0438;0.0000;192473;71.96313;Infinity;2656.64;58.0841;-10.5963;1.2851;1.1887;5.2862;-52.8881;352.5379;352.6370;253.5874;332.9875;0.0039;1.8401;LeftFalse_RightFalse;LeftFalse_RightFalse;HandLeft_(0.3, -0.7, -0.3)_(0.6, 0.3, -0.7, 0.0)_1.046027_System.String[];HandLeft_(-0.7, -0.3, -0.2)_(0.8, 0.4, -0.5, -0.1)_1.005502_System.String[];HandRight_(0.5, -0.8, -0.3)_(-0.2, -0.6, -0.5, 0.6)_1.046027_System.String[];HandRight_(-0.5, -0.3, -0.1)_(-0.2, -0.7, -0.5, 0.5)_1.005502_System.String[];17.1672;0.0478;0.0399;57.9284;-11.1581;0.8442;1.1929;5.7180;-53.2172;5.0664;338.4460;244.9260;353.7943;2.1506;0.7930
-0.3611;-0.0119;False;False;58.1282;-10.7928;-0.0148;0.0013;5.7059;-53.1072;0.0379;359.9667;253.5879;345.8430;0.0039;0.1741;-0.9668;0.0000;-0.0080;0.0000;4.0105;0.0000;192476;71.86591;Infinity;2656.69;58.0841;-10.6364;1.2851;1.1878;5.2862;-52.7193;352.5379;352.6761;253.5874;333.1028;0.0039;1.8235;LeftFalse_RightFalse;LeftFalse_RightFalse;HandLeft_(0.3, -0.7, -0.3)_(0.6, 0.3, -0.7, 0.0)_1.046027_System.String[];HandLeft_(-0.7, -0.3, -0.2)_(0.8, 0.4, -0.5, -0.1)_1.005502_System.String[];HandRight_(0.5, -0.8, -0.3)_(-0.2, -0.6, -0.5, 0.6)_1.046027_System.String[];HandRight_(-0.5, -0.3, -0.1)_(-0.2, -0.7, -0.5, 0.5)_1.005502_System.String[];17.2090;0.0478;0.0393;57.9284;-11.1988;0.8443;1.1924;5.7183;-53.0477;5.0088;338.3562;244.9482;353.8856;2.1316;0.8215
-0.3571;-0.0119;False;False;58.1282;-10.8328;-0.0148;0.0010;5.7059;-52.9409;0.0379;359.9912;253.5879;345.9535;0.0039;0.1724;-0.9512;0.0000;-0.0052;0.0000;3.9742;0.0000;192479;71.93297;Infinity;2656.73;58.0841;-10.6759;1.2851;1.1872;5.2862;-52.5517;352.5379;352.7036;253.5874;333.2153;0.0039;1.8156;LeftFalse_RightFalse;LeftFalse_RightFalse;HandLeft_(0.3, -0.7, -0.3)_(0.6, 0.3, -0.7, 0.0)_1.046027_System.String[];HandLeft_(-0.7, -0.3, -0.2)_(0.8, 0.4, -0.5, -0.1)_1.005502_System.String[];HandRight_(0.5, -0.8, -0.3)_(-0.2, -0.6, -0.5, 0.6)_1.046027_System.String[];HandRight_(-0.5, -0.3, -0.1)_(-0.2, -0.7, -0.5, 0.5)_1.005502_System.String[];17.2507;0.0478;0.0385;57.9284;-11.2389;0.8444;1.1921;5.7184;-52.8796;4.9390;338.2452;244.9801;353.9854;2.1119;0.8536
-0.3571;-0.0159;False;False;58.1282;-10.8721;-0.0148;0.0008;5.7059;-52.7761;0.0379;0.0069;253.5879;346.0612;0.0039;0.1706;-0.9359;0.0000;-0.0030;0.0000;3.9378;0.0000;192482;71.96712;Infinity;2656.77;58.0841;-10.7147;1.2851;1.1869;5.2862;-52.3863;352.5379;352.7209;253.5874;333.3248;0.0039;1.8096;LeftFalse_RightFalse;LeftFalse_RightFalse;HandLeft_(0.3, -0.7, -0.3)_(0.6, 0.3, -0.7, 0.0)_1.046027_System.String[];HandLeft_(-0.7, -0.3, -0.2)_(0.8, 0.4, -0.5, -0.1)_1.005502_System.String[];HandRight_(0.5, -0.8, -0.3)_(-0.2, -0.6, -0.5, 0.6)_1.046027_System.String[];HandRight_(-0.5, -0.3, -0.1)_(-0.2, -0.7, -0.5, 0.5)_1.005502_System.String[];17.2925;0.0478;0.0375;57.9284;-11.2783;0.8444;1.1920;5.7186;-52.7136;4.8857;338.1228;245.0103;354.0854;2.0932;0.8627
-0.3571;-0.0238;False;False;58.1282;-10.9111;-0.0148;0.0007;5.7059;-52.6117;0.0379;0.0172;253.5879;346.1666;0.0039;0.1692;-0.9206;0.0000;-0.0016;0.0000;3.8999;0.0000;192485;71.70937;Infinity;2656.81;58.0841;-10.7530;1.2851;1.1867;5.2862;-52.2217;352.5379;352.7321;253.5874;333.4316;0.0039;1.8054;LeftFalse_RightFalse;LeftFalse_RightFalse;HandLeft_(0.3, -0.7, -0.3)_(0.6, 0.3, -0.7, 0.0)_1.046027_System.String[];HandLeft_(-0.7, -0.3, -0.2)_(0.8, 0.4, -0.5, -0.1)_1.005502_System.String[];HandRight_(0.5, -0.8, -0.3)_(-0.2, -0.6, -0.5, 0.6)_1.046027_System.String[];HandRight_(-0.5, -0.3, -0.1)_(-0.2, -0.7, -0.5, 0.5)_1.005502_System.String[];17.3345;0.0478;0.0364;57.9284;-11.3173;0.8444;1.1918;5.7186;-52.5487;4.8280;338.0033;245.0341;354.1924;2.0843;0.8559
-0.3571;-0.0278;False;False;58.1282;-10.9491;-0.0148;0.0007;5.7059;-52.4501;0.0379;0.0240;253.5879;346.2676;0.0039;0.1671;-0.9052;0.0000;-0.0002;0.0000;3.8602;0.0000;192488;71.85921;Infinity;2656.85;58.0841;-10.7905;1.2851;1.1865;5.2862;-52.0593;352.5379;352.7395;253.5874;333.5345;0.0039;1.8023;LeftFalse_RightFalse;LeftFalse_RightFalse;HandLeft_(0.3, -0.7, -0.3)_(0.6, 0.3, -0.7, 0.0)_1.046027_System.String[];HandLeft_(-0.7, -0.3, -0.2)_(0.8, 0.4, -0.5, -0.1)_1.005502_System.String[];HandRight_(0.5, -0.8, -0.3)_(-0.2, -0.6, -0.5, 0.6)_1.046027_System.String[];HandRight_(-0.5, -0.3, -0.1)_(-0.2, -0.7, -0.5, 0.5)_1.005502_System.String[];17.3760;0.0478;0.0353;57.9284;-11.3554;0.8444;1.1921;5.7187;-52.3858;4.7899;337.8951;245.0437;354.3019;2.0809;0.8398
-0.3531;-0.0278;False;False;58.1282;-10.9868;-0.0148;0.0007;5.7059;-52.2890;0.0379;0.0277;253.5879;346.3655;0.0039;0.1626;-0.8897;0.0000;0.0009;0.0000;3.8195;0.0000;192491;71.67937;Infinity;2656.89;58.0841;-10.8276;1.2851;1.1865;5.2862;-51.8977;352.5379;352.7431;253.5874;333.6344;0.0039;1.7974;LeftFalse_RightFalse;LeftFalse_RightFalse;HandLeft_(0.3, -0.7, -0.3)_(0.6, 0.3, -0.7, 0.0)_1.046027_System.String[];HandLeft_(-0.7, -0.3, -0.2)_(0.7, 0.4, -0.5, 0.0)_1.005502_System.String[];HandRight_(0.5, -0.8, -0.3)_(-0.2, -0.6, -0.5, 0.6)_1.046027_System.String[];HandRight_(-0.5, -0.3, -0.1)_(-0.2, -0.7, -0.5, 0.5)_1.005502_System.String[];17.4180;0.0478;0.0347;57.9284;-11.3929;0.8444;1.1923;5.7187;-52.2238;4.7744;337.7986;245.0457;354.4048;2.0835;0.8245
-0.3531;-0.0317;False;False;58.1282;-11.0237;-0.0148;0.0008;5.7059;-52.1301;0.0379;0.0297;253.5879;346.4597;0.0039;0.1569;-0.8744;0.0000;0.0015;0.0000;3.7789;0.0000;192494;71.6449;Infinity;2656.94;58.0841;-10.8638;1.2851;1.1865;5.2862;-51.7389;352.5379;352.7443;253.5874;333.7300;0.0039;1.7916;LeftFalse_RightFalse;LeftFalse_RightFalse;HandLeft_(0.3, -0.7, -0.3)_(0.6, 0.3, -0.7, 0.0)_1.046027_System.String[];HandLeft_(-0.7, -0.3, -0.2)_(0.8, 0.4, -0.5, 0.0)_1.005502_System.String[];HandRight_(0.5, -0.8, -0.3)_(-0.2, -0.6, -0.5, 0.6)_1.046027_System.String[];HandRight_(-0.5, -0.3, -0.1)_(-0.2, -0.7, -0.5, 0.5)_1.005502_System.String[];17.4600;0.0478;0.0345;57.9284;-11.4295;0.8445;1.1925;5.7187;-52.0646;4.7694;337.7108;245.0421;354.4980;2.0999;0.8041
-0.3492;-0.0437;False;False;58.1282;-11.0598;-0.0148;0.0009;5.7059;-51.9733;0.0379;0.0308;253.5879;346.5510;0.0039;0.1508;-0.8587;0.0000;0.0019;0.0000;3.7371;0.0000;192497;71.72549;Infinity;2656.98;58.0841;-10.8994;1.2851;1.1865;5.2862;-51.5813;352.5379;352.7442;253.5874;333.8231;0.0039;1.7853;LeftFalse_RightFalse;LeftFalse_RightFalse;HandLeft_(0.3, -0.7, -0.3)_(0.6, 0.3, -0.7, 0.0)_1.046027_System.String[];HandLeft_(-0.7, -0.3, -0.2)_(0.8, 0.4, -0.5, -0.1)_1.005502_System.String[];HandRight_(0.5, -0.8, -0.3)_(-0.2, -0.6, -0.5, 0.6)_1.046027_System.String[];HandRight_(-0.5, -0.3, -0.1)_(-0.2, -0.7, -0.5, 0.5)_1.005502_System.String[];17.5017;0.0478;0.0345;57.9284;-11.4655;0.8445;1.1926;5.7187;-51.9066;4.7593;337.6440;245.0409;354.5784;2.1222;0.7754
-0.3373;-0.0595;False;False;58.1282;-11.0953;-0.0148;0.0010;5.7059;-51.8182;0.0379;0.0306;253.5879;346.6404;0.0039;0.1472;-0.8424;0.0000;0.0029;0.0000;3.6916;0.0000;192500;71.66433;Infinity;2657.02;58.0841;-10.9342;1.2851;1.1866;5.2862;-51.4263;352.5379;352.7435;253.5874;333.9133;0.0039;1.7808;LeftFalse_RightFalse;LeftFalse_RightFalse;HandLeft_(0.3, -0.7, -0.3)_(0.6, 0.3, -0.7, 0.0)_1.046027_System.String[];HandLeft_(-0.7, -0.3, -0.2)_(0.8, 0.4, -0.5, -0.1)_1.005502_System.String[];HandRight_(0.5, -0.8, -0.3)_(-0.2, -0.6, -0.5, 0.6)_1.046027_System.String[];HandRight_(-0.5, -0.3, -0.1)_(-0.2, -0.7, -0.5, 0.5)_1.005502_System.String[];17.5437;0.0478;0.0345;57.9284;-11.5007;0.8445;1.1928;5.7187;-51.7511;4.7578;337.6084;245.0391;354.6521;2.1497;0.7446
-0.3174;-0.0635;False;False;58.1282;-11.1299;-0.0148;0.0010;5.7059;-51.6661;0.0379;0.0363;253.5879;346.7274;0.0039;0.1439;-0.8169;0.0000;0.0006;0.0000;3.6173;0.0000;192503;71.83743;Infinity;2657.06;58.0841;-10.9684;1.2851;1.1866;5.2862;-51.2729;352.5379;352.7460;253.5874;334.0019;0.0039;1.7770;LeftFalse_RightFalse;LeftFalse_RightFalse;HandLeft_(0.3, -0.7, -0.3)_(0.6, 0.3, -0.7, 0.0)_1.046027_System.String[];HandLeft_(-0.7, -0.3, -0.2)_(0.8, 0.4, -0.5, -0.1)_1.005502_System.String[];HandRight_(0.5, -0.8, -0.3)_(-0.2, -0.6, -0.5, 0.6)_1.046027_System.String[];HandRight_(-0.5, -0.3, -0.1)_(-0.2, -0.7, -0.5, 0.5)_1.005502_System.String[];17.5852;0.0478;0.0345;57.9284;-11.5352;0.8445;1.1929;5.7188;-51.5972;4.7611;337.5925;245.0323;354.7377;2.1743;0.7024
-0.2857;-0.0833;False;False;58.1282;-11.1638;-0.0148;0.0010;5.7059;-51.5158;0.0379;0.0458;253.5879;346.8129;0.0039;0.1394;-0.7992;0.0000;0.0000;0.0000;3.5642;0.0000;192506;71.81969;Infinity;2657.10;58.0841;-11.0018;1.2851;1.1866;5.2862;-51.1223;352.5379;352.7532;253.5874;334.0885;0.0039;1.7711;LeftFalse_RightFalse;LeftFalse_RightFalse;HandLeft_(0.3, -0.7, -0.3)_(0.6, 0.3, -0.7, 0.0)_1.046027_System.String[];HandLeft_(-0.7, -0.3, -0.2)_(0.7, 0.4, -0.5, -0.1)_1.005502_System.String[];HandRight_(0.5, -0.8, -0.3)_(-0.2, -0.6, -0.5, 0.6)_1.046027_System.String[];HandRight_(-0.5, -0.3, -0.1)_(-0.2, -0.7, -0.5, 0.5)_1.005502_System.String[];17.6270;0.0478;0.0345;57.9284;-11.5689;0.8445;1.1929;5.7188;-51.4461;4.7617;337.5849;245.0276;354.8449;2.1969;0.6649
-0.2500;-0.0873;False;False;58.1282;-11.1969;-0.0148;0.0077;5.7059;-51.3683;0.0379;0.3158;253.5879;346.8987;0.0039;0.1140;-0.7817;0.0000;0.2255;0.0000;3.5110;0.0000;192509;71.59696;Infinity;2657.15;58.0841;-11.0350;1.2851;1.1887;5.2862;-50.9708;352.5379;352.8769;253.5874;334.1795;0.0039;1.7279;LeftFalse_RightFalse;LeftFalse_RightFalse;HandLeft_(0.3, -0.7, -0.3)_(0.6, 0.3, -0.7, 0.0)_1.046027_System.String[];HandLeft_(-0.7, -0.3, -0.2)_(0.7, 0.4, -0.5, -0.1)_1.005502_System.String[];HandRight_(0.5, -0.8, -0.3)_(-0.2, -0.6, -0.5, 0.6)_1.046027_System.String[];HandRight_(-0.5, -0.3, -0.1)_(-0.2, -0.7, -0.5, 0.5)_1.005502_System.String[];17.6689;0.0478;0.0345;57.9284;-11.6024;0.8445;1.1955;5.7188;-51.2940;4.7417;337.6949;245.0228;354.9706;2.2079;0.6372
-0.2262;-0.0913;False;False;58.1282;-11.2294;-0.0148;0.0087;5.7059;-51.2222;0.0379;0.3714;253.5879;346.9834;0.0039;0.1096;-0.7633;0.0000;-0.0740;0.0000;3.4513;0.0000;192512;71.49926;Infinity;2657.19;58.0841;-11.0676;1.2851;1.1927;5.2862;-50.8202;352.5379;353.1047;253.5874;334.2740;0.0039;1.6559;LeftFalse_RightFalse;LeftFalse_RightFalse;HandLeft_(0.3, -0.7, -0.3)_(0.6, 0.3, -0.7, 0.0)_1.046027_System.String[];HandLeft_(-0.7, -0.3, -0.2)_(0.8, 0.4, -0.5, -0.1)_1.005502_System.String[];HandRight_(0.5, -0.8, -0.3)_(-0.2, -0.6, -0.5, 0.6)_1.046027_System.String[];HandRight_(-0.5, -0.3, -0.1)_(-0.2, -0.7, -0.5, 0.5)_1.005502_System.String[];17.7112;0.0478;0.0345;57.9284;-11.6354;0.8445;1.2005;5.7188;-51.1429;4.7360;337.9221;245.0235;355.1057;2.2054;0.5942
-0.2103;-0.0952;False;False;58.1282;-11.2612;-0.0148;0.0060;5.7059;-51.0775;0.0379;0.2808;253.5879;347.0655;0.0039;0.1166;-0.7456;0.0000;-0.0546;0.0000;3.3930;0.0000;192515;71.39487;Infinity;2657.23;58.0841;-11.0987;1.2851;1.1904;5.2862;-50.6771;352.5379;353.0054;253.5874;334.3530;0.0039;1.6858;LeftFalse_RightFalse;LeftFalse_RightFalse;HandLeft_(0.3, -0.7, -0.3)_(0.6, 0.3, -0.7, -0.1)_1.046027_System.String[];HandLeft_(-0.7, -0.3, -0.2)_(0.8, 0.4, -0.5, -0.1)_1.005502_System.String[];HandRight_(0.5, -0.8, -0.3)_(-0.2, -0.6, -0.5, 0.6)_1.046027_System.String[];HandRight_(-0.5, -0.3, -0.1)_(-0.2, -0.7, -0.5, 0.5)_1.005502_System.String[];17.7532;0.0478;0.0345;57.9284;-11.6668;0.8445;1.1978;5.7188;-50.9994;4.7330;337.8294;245.0338;355.2498;2.1863;0.5231
-0.1905;-0.0952;False;False;58.1282;-11.2922;-0.0148;0.0040;5.7059;-50.9358;0.0379;0.2190;253.5879;347.1456;0.0039;0.1228;-0.7278;0.0000;-0.0411;0.0000;3.3343;0.0000;192518;71.3997;Infinity;2657.27;58.0841;-11.1292;1.2851;1.1887;5.2862;-50.5359;352.5379;352.9384;253.5874;334.4310;0.0039;1.7086;LeftFalse_RightFalse;LeftFalse_RightFalse;HandLeft_(0.3, -0.7, -0.3)_(0.6, 0.3, -0.7, 0.0)_1.046027_System.String[];HandLeft_(-0.7, -0.3, -0.2)_(0.7, 0.4, -0.5, -0.1)_1.005502_System.String[];HandRight_(0.5, -0.8, -0.3)_(-0.2, -0.6, -0.5, 0.6)_1.046027_System.String[];HandRight_(-0.5, -0.3, -0.1)_(-0.2, -0.7, -0.5, 0.5)_1.005502_System.String[];17.7952;0.0478;0.0345;57.9284;-11.6973;0.8445;1.1957;5.7188;-50.8575;4.7156;337.7729;245.0560;355.3950;2.1635;0.4483
-0.1825;-0.0952;False;False;58.1282;-11.3222;-0.0148;0.0026;5.7059;-50.7980;0.0379;0.1782;253.5879;347.2233;0.0039;0.1257;-0.7103;0.0000;-0.0306;0.0000;3.2759;0.0000;192521;71.69173;Infinity;2657.31;58.0841;-11.1588;1.2851;1.1875;5.2862;-50.3981;352.5379;352.8933;253.5874;334.5077;0.0039;1.7227;LeftFalse_RightFalse;LeftFalse_RightFalse;HandLeft_(0.3, -0.7, -0.3)_(0.6, 0.3, -0.7, 0.0)_1.046027_System.String[];HandLeft_(-0.7, -0.3, -0.2)_(0.7, 0.4, -0.5, -0.1)_1.005502_System.String[];HandRight_(0.5, -0.8, -0.3)_(-0.2, -0.6, -0.5, 0.6)_1.046027_System.String[];HandRight_(-0.5, -0.3, -0.1)_(-0.2, -0.7, -0.5, 0.5)_1.005502_System.String[];17.8369;0.0478;0.0345;57.9284;-11.7270;0.8445;1.1942;5.7188;-50.7190;4.7036;337.7617;245.0703;355.5490;2.1440;0.3816
-0.1746;-0.0952;False;False;58.1282;-11.3516;-0.0148;0.0015;5.7059;-50.6617;0.0379;0.1521;253.5879;347.3001;0.0039;0.1270;-0.6931;0.0000;-0.0227;0.0000;3.2185;0.0000;192524;71.56599;Infinity;2657.36;58.0841;-11.1877;1.2851;1.1865;5.2862;-50.2620;352.5379;352.8640;253.5874;334.5839;0.0039;1.7311;LeftFalse_RightFalse;LeftFalse_RightFalse;HandLeft_(0.3, -0.7, -0.3)_(0.6, 0.3, -0.7, 0.0)_1.046027_System.String[];HandLeft_(-0.7, -0.3, -0.2)_(0.7, 0.4, -0.5, -0.1)_1.005502_System.String[];HandRight_(0.5, -0.8, -0.3)_(-0.2, -0.6, -0.5, 0.6)_1.046027_System.String[];HandRight_(-0.5, -0.3, -0.1)_(-0.2, -0.7, -0.5, 0.5)_1.005502_System.String[];17.8789;0.0478;0.0345;57.9284;-11.7562;0.8445;1.1931;5.7188;-50.5821;4.6977;337.7502;245.0807;355.6966;2.1321;0.3318
-0.1706;-0.0913;False;False;58.1282;-11.3803;-0.0148;0.0007;5.7059;-50.5279;0.0379;0.1368;253.5879;347.3756;0.0039;0.1273;-0.6763;0.0000;-0.0167;0.0000;3.1616;0.0000;192527;71.51449;Infinity;2657.40;58.0841;-11.2160;1.2851;1.1857;5.2862;-50.1277;352.5379;352.8463;253.5874;334.6593;0.0039;1.7357;LeftFalse_RightFalse;LeftFalse_RightFalse;HandLeft_(0.3, -0.7, -0.3)_(0.6, 0.3, -0.7, 0.0)_1.046027_System.String[];HandLeft_(-0.7, -0.3, -0.2)_(0.7, 0.4, -0.5, -0.1)_1.005502_System.String[];HandRight_(0.5, -0.8, -0.3)_(-0.2, -0.6, -0.5, 0.6)_1.046027_System.String[];HandRight_(-0.5, -0.3, -0.1)_(-0.2, -0.7, -0.5, 0.5)_1.005502_System.String[];17.9209;0.0478;0.0345;57.9284;-11.7848;0.8445;1.1923;5.7188;-50.4471;4.6915;337.7347;245.0939;355.8302;2.1298;0.2844
-0.1706;-0.0992;False;False;58.1282;-11.4080;-0.0148;0.0001;5.7059;-50.3977;0.0379;0.1284;253.5879;347.4490;0.0039;0.1260;-0.6600;0.0000;-0.0117;0.0000;3.1057;0.0000;192530;71.74659;Infinity;2657.44;58.0841;-11.2434;1.2851;1.1852;5.2862;-49.9971;352.5379;352.8364;253.5874;334.7329;0.0039;1.7376;LeftFalse_RightFalse;LeftFalse_RightFalse;HandLeft_(0.3, -0.7, -0.3)_(0.6, 0.3, -0.7, 0.0)_1.046027_System.String[];HandLeft_(-0.7, -0.3, -0.2)_(0.7, 0.4, -0.5, -0.1)_1.005502_System.String[];HandRight_(0.5, -0.8, -0.3)_(-0.2, -0.6, -0.5, 0.6)_1.046027_System.String[];HandRight_(-0.5, -0.3, -0.1)_(-0.2, -0.7, -0.5, 0.5)_1.005502_System.String[];17.9626;0.0478;0.0345;57.9284;-11.8124;0.8445;1.1917;5.7188;-50.3158;4.6816;337.7544;245.1001;355.9552;2.1385;0.2449
-0.1667;-0.1071;False;False;58.1282;-11.4354;-0.0148;-0.0002;5.7059;-50.2682;0.0379;0.1242;253.5879;347.5221;0.0039;0.1222;-0.6349;0.0000;-0.0069;0.0000;3.0181;0.0000;192533;71.40956;Infinity;2657.48;58.0841;-11.2703;1.2851;1.1848;5.2862;-49.8673;352.5379;352.8302;253.5874;334.8066;0.0039;1.7355;LeftFalse_RightFalse;LeftFalse_RightFalse;HandLeft_(0.3, -0.7, -0.3)_(0.6, 0.3, -0.7, 0.0)_1.046027_System.String[];HandLeft_(-0.7, -0.3, -0.2)_(0.7, 0.4, -0.5, -0.1)_1.005502_System.String[];HandRight_(0.5, -0.8, -0.3)_(-0.2, -0.6, -0.5, 0.6)_1.046027_System.String[];HandRight_(-0.5, -0.3, -0.1)_(-0.2, -0.7, -0.5, 0.5)_1.005502_System.String[];18.0049;0.0478;0.0345;57.9284;-11.8395;0.8445;1.1914;5.7188;-50.1852;4.6776;337.7977;245.0852;356.0909;2.1491;0.2061
-0.1667;-0.1349;False;False;58.1282;-11.4619;-0.0148;-0.0005;5.7059;-50.1422;0.0379;0.1235;253.5879;347.5931;0.0039;0.1177;-0.6177;0.0000;-0.0049;0.0000;2.9552;0.0000;192536;71.38918;Infinity;2657.52;58.0841;-11.2963;1.2851;1.1845;5.2862;-49.7408;352.5379;352.8275;253.5874;334.8785;0.0039;1.7317;LeftFalse_RightFalse;LeftFalse_RightFalse;HandLeft_(0.3, -0.7, -0.3)_(0.6, 0.3, -0.7, 0.0)_1.046027_System.String[];HandLeft_(-0.7, -0.3, -0.2)_(0.7, 0.4, -0.5, -0.1)_1.005502_System.String[];HandRight_(0.5, -0.8, -0.3)_(-0.2, -0.6, -0.5, 0.6)_1.046027_System.String[];HandRight_(-0.5, -0.3, -0.1)_(-0.2, -0.7, -0.5, 0.5)_1.005502_System.String[];18.0469;0.0478;0.0345;57.9285;-11.8656;0.8445;1.1911;5.7188;-50.0579;4.6598;337.8348;245.0603;356.2410;2.1511;0.1655
-0.1667;-0.1627;False;False;58.1282;-11.4876;-0.0148;-0.0007;5.7059;-50.0193;0.0379;0.1256;253.5879;347.6624;0.0039;0.1128;-0.5989;0.0000;-0.0036;0.0000;2.8835;0.0000;192539;71.44189;Infinity;2657.57;58.0841;-11.3217;1.2851;1.1842;5.2862;-49.6169;352.5379;352.8276;253.5874;334.9491;0.0039;1.7267;LeftFalse_RightFalse;LeftFalse_RightFalse;HandLeft_(0.3, -0.7, -0.3)_(0.6, 0.3, -0.7, 0.0)_1.046027_System.String[];HandLeft_(-0.7, -0.3, -0.2)_(0.7, 0.4, -0.5, -0.1)_1.005502_System.String[];HandRight_(0.5, -0.8, -0.3)_(-0.2, -0.6, -0.5, 0.6)_1.046027_System.String[];HandRight_(-0.5, -0.3, -0.1)_(-0.2, -0.7, -0.5, 0.5)_1.005502_System.String[];18.0889;0.0478;0.0345;57.9284;-11.8912;0.8445;1.1909;5.7188;-49.9332;4.6264;337.8723;245.0485;356.4035;2.1433;0.1217
-0.1627;-0.1746;False;False;58.1282;-11.5124;-0.0148;-0.0008;5.7059;-49.8995;0.0379;0.1299;253.5879;347.7300;0.0039;0.1093;-0.5791;0.0000;-0.0020;0.0000;2.8047;0.0000;192542;71.43166;Infinity;2657.61;58.0841;-11.3462;1.2851;1.1840;5.2862;-49.4961;352.5379;352.8303;253.5874;335.0180;0.0039;1.7217;LeftFalse_RightFalse;LeftFalse_RightFalse;HandLeft_(0.3, -0.7, -0.3)_(0.6, 0.3, -0.7, 0.0)_1.046027_System.String[];HandLeft_(-0.7, -0.3, -0.2)_(0.7, 0.4, -0.5, -0.1)_1.005502_System.String[];HandRight_(0.5, -0.8, -0.3)_(-0.2, -0.6, -0.5, 0.6)_1.046027_System.String[];HandRight_(-0.5, -0.3, -0.1)_(-0.2, -0.7, -0.5, 0.5)_1.005502_System.String[];18.1309;0.0478;0.0345;57.9284;-11.9160;0.8445;1.1908;5.7188;-49.8116;4.6044;337.9127;245.0708;356.5928;2.1305;0.0829
-0.1587;-0.1905;False;False;58.1282;-11.5364;-0.0148;-0.0009;5.7059;-49.7832;0.0379;0.1368;253.5879;347.7959;0.0039;0.1074;-0.5592;0.0000;-0.0029;0.0000;2.7243;0.0000;192545;71.41361;Infinity;2657.65;58.0841;-11.3699;1.2851;1.1839;5.2862;-49.3786;352.5379;352.8354;253.5874;335.0849;0.0039;1.7182;LeftFalse_RightFalse;LeftFalse_RightFalse;HandLeft_(0.3, -0.7, -0.3)_(0.6, 0.3, -0.7, 0.0)_1.046027_System.String[];HandLeft_(-0.7, -0.3, -0.2)_(0.7, 0.4, -0.5, -0.1)_1.005502_System.String[];HandRight_(0.5, -0.8, -0.3)_(-0.2, -0.6, -0.5, 0.6)_1.046027_System.String[];HandRight_(-0.5, -0.3, -0.1)_(-0.2, -0.7, -0.4, 0.5)_1.005502_System.String[];18.1729;0.0478;0.0346;57.9284;-11.9398;0.8445;1.1907;5.7188;-49.6933;4.5909;337.9704;245.1189;356.9073;2.1038;0.0159
-0.1587;-0.1984;False;False;58.1282;-11.5594;-0.0148;-0.0010;5.7059;-49.6707;0.0379;0.1470;253.5879;347.8596;0.0039;0.1050;-0.5384;0.0000;-0.0025;0.0000;2.6393;0.0000;192548;71.44811;Infinity;2657.69;58.0841;-11.3928;1.2851;1.1837;5.2862;-49.2646;352.5379;352.8440;253.5874;335.1499;0.0039;1.7143;LeftFalse_RightFalse;LeftFalse_RightFalse;HandLeft_(0.3, -0.7, -0.3)_(0.6, 0.3, -0.7, 0.0)_1.046027_System.String[];HandLeft_(-0.7, -0.3, -0.2)_(0.7, 0.4, -0.5, -0.1)_1.005502_System.String[];HandRight_(0.5, -0.8, -0.3)_(-0.2, -0.6, -0.5, 0.6)_1.046027_System.String[];HandRight_(-0.5, -0.3, -0.1)_(-0.2, -0.7, -0.5, 0.5)_1.005502_System.String[];18.2148;0.0478;0.0355;57.9284;-11.9623;0.8445;1.1906;5.7188;-49.5784;4.5799;338.0591;245.1698;357.5402;2.0678;359.8866
-0.1548;-0.1984;False;False;58.1282;-11.5816;-0.0148;-0.0011;5.7059;-49.5619;0.0379;0.1594;253.5879;347.9219;0.0039;0.1016;-0.5171;0.0000;-0.0023;0.0000;2.5534;0.0000;192551;71.43974;Infinity;2657.73;58.0841;-11.4148;1.2851;1.1835;5.2862;-49.1545;352.5379;352.8548;253.5874;335.2133;0.0039;1.7085;LeftFalse_RightFalse;LeftFalse_RightFalse;HandLeft_(0.3, -0.7, -0.3)_(0.6, 0.3, -0.7, 0.0)_1.046027_System.String[];HandLeft_(-0.7, -0.3, -0.2)_(0.7, 0.4, -0.5, -0.1)_1.005502_System.String[];HandRight_(0.5, -0.8, -0.3)_(-0.2, -0.6, -0.5, 0.6)_1.046027_System.String[];HandRight_(-0.5, -0.3, -0.1)_(-0.2, -0.7, -0.5, 0.5)_1.005502_System.String[];18.2568;0.0478;0.0370;57.9284;-11.9834;0.8445;1.1905;5.7188;-49.4674;4.5636;338.1504;245.2117;358.6718;2.0389;359.6204
-0.1548;-0.1984;False;False;58.1282;-11.6026;-0.0148;-0.0012;5.7059;-49.4574;0.0379;0.1723;253.5879;347.9834;0.0039;0.0980;-0.4960;0.0000;-0.0022;0.0000;2.4683;0.0000;192554;71.64367;Infinity;2657.78;58.0841;-11.4357;1.2851;1.1833;5.2862;-49.0485;352.5379;352.8665;253.5874;335.2757;0.0039;1.7022;LeftFalse_RightFalse;LeftFalse_RightFalse;HandLeft_(0.3, -0.7, -0.3)_(0.6, 0.3, -0.7, 0.0)_1.046027_System.String[];HandLeft_(-0.7, -0.3, -0.2)_(0.7, 0.4, -0.5, -0.1)_1.005502_System.String[];HandRight_(0.5, -0.8, -0.3)_(-0.2, -0.6, -0.5, 0.6)_1.046027_System.String[];HandRight_(-0.5, -0.3, -0.1)_(-0.2, -0.7, -0.5, 0.5)_1.005502_System.String[];18.2986;0.0478;0.0392;57.9284;-12.0026;0.8445;1.1903;5.7188;-49.3608;4.5442;338.2010;245.2406;0.4305;2.0127;359.1866
-0.1508;-0.1984;False;False;58.1282;-11.6228;-0.0148;-0.0013;5.7059;-49.3566;0.0379;0.1849;253.5879;348.0451;0.0039;0.0945;-0.4748;0.0000;-0.0021;0.0000;2.3839;0.0000;192557;71.74602;Infinity;2657.82;58.0841;-11.4557;1.2851;1.1831;5.2862;-48.9465;352.5379;352.8783;253.5874;335.3380;0.0039;1.6958;LeftFalse_RightFalse;LeftFalse_RightFalse;HandLeft_(0.3, -0.7, -0.3)_(0.6, 0.3, -0.7, 0.0)_1.046027_System.String[];HandLeft_(-0.7, -0.3, -0.2)_(0.8, 0.4, -0.5, -0.1)_1.005502_System.String[];HandRight_(0.5, -0.8, -0.3)_(-0.2, -0.6, -0.5, 0.6)_1.046027_System.String[];HandRight_(-0.5, -0.3, -0.1)_(-0.2, -0.7, -0.5, 0.5)_1.005502_System.String[];18.3403;0.0478;0.0415;57.9285;-12.0202;0.8445;1.1901;5.7188;-49.2586;4.5183;338.2321;245.2474;2.7468;2.0036;358.5701
-0.1508;-0.1984;False;False;58.1282;-11.6420;-0.0148;-0.0014;5.7059;-49.2597;0.0379;0.1968;253.5879;348.1075;0.0039;0.0912;-0.4538;0.0000;-0.0021;0.0000;2.3003;0.0000;192560;71.86821;Infinity;2657.86;58.0841;-11.4746;1.2851;1.1829;5.2862;-48.8483;352.5379;352.8894;253.5874;335.4009;0.0039;1.6898;LeftFalse_RightFalse;LeftFalse_RightFalse;HandLeft_(0.3, -0.7, -0.3)_(0.6, 0.3, -0.7, 0.0)_1.046027_System.String[];HandLeft_(-0.7, -0.3, -0.2)_(0.8, 0.4, -0.5, -0.1)_1.005502_System.String[];HandRight_(0.5, -0.8, -0.3)_(-0.2, -0.6, -0.5, 0.6)_1.046027_System.String[];HandRight_(-0.5, -0.3, -0.1)_(-0.2, -0.7, -0.5, 0.5)_1.005502_System.String[];18.3821;0.0478;0.0433;57.9284;-12.0363;0.8445;1.1898;5.7188;-49.1606;4.4904;338.2915;245.2336;5.5821;2.0007;357.7709
-0.1508;-0.1984;False;False;58.1282;-11.6604;-0.0148;-0.0015;5.7059;-49.1661;0.0379;0.2077;253.5879;348.1708;0.0039;0.0880;-0.4333;0.0000;-0.0021;0.0000;2.2173;0.0000;192563;71.77104;Infinity;2657.90;58.0841;-11.4927;1.2851;1.1828;5.2862;-48.7537;352.5379;352.8996;253.5874;335.4646;0.0039;1.6841;LeftFalse_RightFalse;LeftFalse_RightFalse;HandLeft_(0.3, -0.7, -0.3)_(0.6, 0.3, -0.7, 0.0)_1.046027_System.String[];HandLeft_(-0.7, -0.3, -0.2)_(0.8, 0.4, -0.5, 0.0)_1.005502_System.String[];HandRight_(0.5, -0.8, -0.3)_(-0.2, -0.6, -0.5, 0.6)_1.046027_System.String[];HandRight_(-0.5, -0.3, -0.1)_(-0.2, -0.7, -0.5, 0.5)_1.005502_System.String[];18.4238;0.0478;0.0443;57.9285;-12.0510;0.8447;1.1898;5.7188;-49.0667;4.4750;338.3452;245.2120;8.8204;1.9900;356.8632
-0.1508;-0.1984;False;False;58.1282;-11.6778;-0.0148;-0.0016;5.7059;-49.0764;0.0379;0.2183;253.5879;348.2338;0.0039;0.0863;-0.4043;0.0000;-0.0023;0.0000;2.0937;0.0000;192566;71.87701;Infinity;2657.94;58.0841;-11.5100;1.2851;1.1826;5.2862;-48.6626;352.5379;352.9095;253.5874;335.5284;0.0039;1.6795;LeftFalse_RightFalse;LeftFalse_RightFalse;HandLeft_(0.3, -0.7, -0.3)_(0.6, 0.3, -0.7, 0.0)_1.046027_System.String[];HandLeft_(-0.7, -0.3, -0.2)_(0.8, 0.4, -0.5, 0.0)_1.005502_System.String[];HandRight_(0.5, -0.8, -0.3)_(-0.2, -0.6, -0.5, 0.6)_1.046027_System.String[];HandRight_(-0.5, -0.3, -0.1)_(-0.2, -0.7, -0.5, 0.5)_1.005502_System.String[];18.4656;0.0478;0.0447;57.9285;-12.0644;0.8450;1.1896;5.7188;-48.9766;4.4611;338.3513;245.1994;12.3635;1.9876;355.8548
-0.1508;-0.1984;False;False;58.1282;-11.6944;-0.0148;-0.0017;5.7059;-48.9903;0.0379;0.2265;253.5879;348.2957;0.0039;0.0882;-0.3860;0.0000;-0.0033;0.0000;2.0125;0.0000;192569;71.93961;Infinity;2657.98;58.0841;-11.5264;1.2851;1.1824;5.2862;-48.5753;352.5379;352.9186;253.5874;335.5909;0.0039;1.6784;LeftFalse_RightFalse;LeftFalse_RightFalse;HandLeft_(0.3, -0.7, -0.3)_(0.6, 0.3, -0.7, 0.0)_1.046027_System.String[];HandLeft_(-0.7, -0.3, -0.2)_(0.8, 0.3, -0.6, 0.0)_1.005502_System.String[];HandRight_(0.5, -0.8, -0.3)_(-0.2, -0.6, -0.5, 0.6)_1.046027_System.String[];HandRight_(-0.5, -0.3, -0.1)_(-0.2, -0.7, -0.5, 0.5)_1.005502_System.String[];18.5071;0.0478;0.0449;57.9288;-12.0766;0.8451;1.1895;5.7189;-48.8913;4.4478;338.3447;245.2027;16.3683;1.9858;354.6974
-0.1508;-0.1984;False;False;58.1282;-11.7102;-0.0148;-0.0018;5.7059;-48.9076;0.0379;0.2320;253.5879;348.3558;0.0039;0.0879;-0.3682;0.0000;-0.0038;0.0000;1.9320;0.0000;192572;71.90295;Infinity;2658.03;58.0841;-11.5421;1.2851;1.1823;5.2862;-48.4915;352.5379;352.9250;253.5874;335.6518;0.0039;1.6774;LeftFalse_RightFalse;LeftFalse_RightFalse;HandLeft_(0.3, -0.7, -0.3)_(0.6, 0.3, -0.7, 0.0)_1.046027_System.String[];HandLeft_(-0.7, -0.3, -0.2)_(0.8, 0.3, -0.6, 0.0)_1.005502_System.String[];HandRight_(0.5, -0.8, -0.3)_(-0.2, -0.6, -0.5, 0.6)_1.046027_System.String[];HandRight_(-0.5, -0.3, -0.1)_(-0.2, -0.7, -0.5, 0.5)_1.005502_System.String[];18.5488;0.0478;0.0449;57.9291;-12.0882;0.8452;1.1893;5.7190;-48.8098;4.4287;338.3139;245.2099;20.2762;1.9873;353.5532
-0.1508;-0.1984;False;False;58.1282;-11.7254;-0.0148;-0.0020;5.7059;-48.8277;0.0379;0.2359;253.5879;348.4140;0.0039;0.0873;-0.3506;0.0000;-0.0042;0.0000;1.8509;0.0000;192575;71.61293;Infinity;2658.07;58.0841;-11.5571;1.2851;1.1821;5.2862;-48.4106;352.5379;352.9291;253.5874;335.7109;0.0039;1.6759;LeftFalse_RightFalse;LeftFalse_RightFalse;HandLeft_(0.3, -0.7, -0.3)_(0.6, 0.3, -0.7, 0.0)_1.046027_System.String[];HandLeft_(-0.7, -0.3, -0.2)_(0.8, 0.4, -0.6, -0.1)_1.005502_System.String[];HandRight_(0.5, -0.8, -0.3)_(-0.2, -0.6, -0.5, 0.6)_1.046027_System.String[];HandRight_(-0.5, -0.3, -0.1)_(-0.2, -0.7, -0.4, 0.5)_1.005502_System.String[];18.5911;0.0478;0.0449;57.9293;-12.0996;0.8452;1.1890;5.7190;-48.7313;4.4091;338.3242;245.2146;23.9673;1.9878;352.4754
-0.1508;-0.2063;False;False;58.1282;-11.7398;-0.0148;-0.0021;5.7059;-48.7516;0.0379;0.2386;253.5879;348.4695;0.0039;0.0864;-0.3335;0.0000;-0.0043;0.0000;1.7705;0.0000;192578;71.54953;Infinity;2658.11;58.0841;-11.5713;1.2851;1.1819;5.2862;-48.3333;352.5379;352.9319;253.5874;335.7676;0.0039;1.6744;LeftFalse_RightFalse;LeftFalse_RightFalse;HandLeft_(0.3, -0.7, -0.3)_(0.6, 0.3, -0.7, 0.0)_1.046027_System.String[];HandLeft_(-0.7, -0.3, -0.2)_(0.8, 0.4, -0.5, 0.0)_1.005502_System.String[];HandRight_(0.5, -0.8, -0.3)_(-0.2, -0.6, -0.5, 0.6)_1.046027_System.String[];HandRight_(-0.5, -0.3, -0.1)_(-0.2, -0.7, -0.4, 0.5)_1.005502_System.String[];18.6328;0.0478;0.0449;57.9294;-12.1110;0.8453;1.1887;5.7190;-48.6564;4.3830;338.3583;245.2235;27.1752;1.9839;351.5583
-0.1508;-0.2063;False;False;58.1282;-11.7534;-0.0148;-0.0023;5.7059;-48.6793;0.0379;0.2407;253.5879;348.5223;0.0039;0.0854;-0.3165;0.0000;-0.0043;0.0000;1.6893;0.0000;192581;71.68034;Infinity;2658.15;58.0841;-11.5847;1.2851;1.1817;5.2862;-48.2597;352.5379;352.9340;253.5874;335.8215;0.0039;1.6730;LeftFalse_RightFalse;LeftFalse_RightFalse;HandLeft_(0.3, -0.7, -0.3)_(0.6, 0.3, -0.7, 0.0)_1.046027_System.String[];HandLeft_(-0.7, -0.3, -0.2)_(0.8, 0.4, -0.5, -0.1)_1.005502_System.String[];HandRight_(0.5, -0.8, -0.3)_(-0.2, -0.6, -0.5, 0.6)_1.046027_System.String[];HandRight_(-0.5, -0.3, -0.1)_(-0.2, -0.7, -0.4, 0.5)_1.005502_System.String[];18.6748;0.0478;0.0449;57.9294;-12.1221;0.8453;1.1885;5.7191;-48.5855;4.3351;338.3425;245.2241;30.1949;1.9833;350.7116
-0.1468;-0.2063;False;False;58.1282;-11.7663;-0.0148;-0.0025;5.7059;-48.6103;0.0379;0.2424;253.5879;348.5726;0.0039;0.0844;-0.2998;0.0000;-0.0042;0.0000;1.6088;0.0000;192584;71.59906;Infinity;2658.19;58.0841;-11.5974;1.2851;1.1815;5.2862;-48.1899;352.5379;352.9355;253.5874;335.8727;0.0039;1.6716;LeftFalse_RightFalse;LeftFalse_RightFalse;HandLeft_(0.3, -0.7, -0.3)_(0.6, 0.3, -0.7, 0.0)_1.046027_System.String[];HandLeft_(-0.7, -0.3, -0.2)_(0.7, 0.4, -0.5, -0.1)_1.005502_System.String[];HandRight_(0.5, -0.8, -0.3)_(-0.2, -0.6, -0.5, 0.6)_1.046027_System.String[];HandRight_(-0.5, -0.3, -0.1)_(-0.2, -0.7, -0.4, 0.5)_1.005502_System.String[];18.7166;0.0478;0.0449;57.9295;-12.1325;0.8453;1.1882;5.7191;-48.5183;4.3038;338.3031;245.2239;32.9626;1.9716;349.9784
-0.1468;-0.2103;False;False;58.1282;-11.7784;-0.0148;-0.0027;5.7059;-48.5448;0.0379;0.2437;253.5879;348.6203;0.0039;0.0833;-0.2834;0.0000;-0.0040;0.0000;1.5284;0.0000;192587;71.62016;Infinity;2658.24;58.0841;-11.6095;1.2851;1.1813;5.2862;-48.1232;352.5379;352.9366;253.5874;335.9216;0.0039;1.6702;LeftFalse_RightFalse;LeftFalse_RightFalse;HandLeft_(0.3, -0.7, -0.3)_(0.6, 0.3, -0.7, 0.0)_1.046027_System.String[];HandLeft_(-0.7, -0.3, -0.2)_(0.7, 0.4, -0.6, 0.0)_1.005502_System.String[];HandRight_(0.5, -0.8, -0.3)_(-0.2, -0.6, -0.5, 0.6)_1.046027_System.String[];HandRight_(-0.5, -0.3, -0.1)_(-0.2, -0.7, -0.5, 0.5)_1.005502_System.String[];18.7585;0.0478;0.0449;57.9295;-12.1426;0.8453;1.1878;5.7191;-48.4546;4.2986;338.2764;245.2263;35.8180;1.9709;349.3482
-0.1468;-0.2024;False;False;58.1282;-11.7898;-0.0148;-0.0028;5.7059;-48.4833;0.0379;0.2445;253.5879;348.6652;0.0039;0.0814;-0.2671;0.0000;-0.0035;0.0000;1.4477;0.0000;192590;71.81015;Infinity;2658.28;58.0841;-11.6207;1.2851;1.1811;5.2862;-48.0606;352.5379;352.9373;253.5874;335.9675;0.0039;1.6684;LeftFalse_RightFalse;LeftFalse_RightFalse;HandLeft_(0.3, -0.7, -0.3)_(0.6, 0.3, -0.7, 0.0)_1.046027_System.String[];HandLeft_(-0.7, -0.3, -0.2)_(0.8, 0.4, -0.5, 0.0)_1.005502_System.String[];HandRight_(0.5, -0.8, -0.3)_(-0.2, -0.6, -0.5, 0.6)_1.046027_System.String[];HandRight_(-0.5, -0.3, -0.1)_(-0.2, -0.7, -0.5, 0.5)_1.005502_System.String[];18.8003;0.0478;0.0449;57.9295;-12.1518;0.8453;1.1876;5.7191;-48.3952;4.3044;338.3235;245.2331;38.7845;1.9636;348.7364
-0.1508;-0.2024;False;False;58.1282;-11.8006;-0.0148;-0.0030;5.7059;-48.4251;0.0379;0.2446;253.5879;348.7076;0.0039;0.0790;-0.2515;0.0000;-0.0032;0.0000;1.3696;0.0000;192593;71.85587;Infinity;2658.32;58.0841;-11.6313;1.2851;1.1810;5.2862;-48.0014;352.5379;352.9371;253.5874;336.0110;0.0039;1.6661;LeftFalse_RightFalse;LeftFalse_RightFalse;HandLeft_(0.3, -0.7, -0.3)_(0.6, 0.3, -0.7, 0.0)_1.046027_System.String[];HandLeft_(-0.7, -0.3, -0.2)_(0.8, 0.4, -0.5, 0.0)_1.005502_System.String[];HandRight_(0.5, -0.8, -0.3)_(-0.2, -0.6, -0.5, 0.6)_1.046027_System.String[];HandRight_(-0.5, -0.3, -0.1)_(-0.2, -0.7, -0.5, 0.5)_1.005502_System.String[];18.8420;0.0478;0.0449;57.9295;-12.1603;0.8453;1.1873;5.7191;-48.3393;4.3178;338.4632;245.2346;41.8825;1.9534;348.0982
-0.1389;-0.2063;False;False;58.1282;-11.8107;-0.0148;-0.0031;5.7059;-48.3698;0.0379;0.2444;253.5879;348.7477;0.0039;0.0765;-0.2287;0.0000;-0.0028;0.0000;1.2534;0.0000;192596;71.58434;Infinity;2658.36;58.0841;-11.6412;1.2851;1.1808;5.2862;-47.9454;352.5379;352.9364;253.5874;336.0521;0.0039;1.6637;LeftFalse_RightFalse;LeftFalse_RightFalse;HandLeft_(0.3, -0.7, -0.3)_(0.6, 0.3, -0.7, 0.0)_1.046027_System.String[];HandLeft_(-0.7, -0.3, -0.2)_(0.8, 0.4, -0.5, 0.0)_1.005502_System.String[];HandRight_(0.5, -0.8, -0.3)_(-0.2, -0.6, -0.5, 0.6)_1.046027_System.String[];HandRight_(-0.5, -0.3, -0.1)_(-0.2, -0.7, -0.5, 0.5)_1.005502_System.String[];18.8840;0.0478;0.0449;57.9295;-12.1680;0.8453;1.1868;5.7191;-48.2872;4.3411;338.7215;245.2284;45.4196;1.9380;347.3261
0.0000;-0.2063;False;False;58.1282;-11.8200;-0.0148;-0.0032;5.7059;-48.3185;0.0379;0.2440;253.5879;348.7850;0.0039;0.0740;-0.2138;0.0000;-0.0026;0.0000;1.1763;0.0000;192599;71.78648;Infinity;2658.40;58.0841;-11.6505;1.2851;1.1807;5.2862;-47.8929;352.5379;352.9355;253.5874;336.0907;0.0039;1.6613;LeftFalse_RightFalse;LeftFalse_RightFalse;HandLeft_(0.3, -0.7, -0.3)_(0.6, 0.3, -0.7, 0.0)_1.046027_System.String[];HandLeft_(-0.7, -0.3, -0.2)_(0.8, 0.4, -0.5, 0.0)_1.005502_System.String[];HandRight_(0.5, -0.8, -0.3)_(-0.2, -0.6, -0.5, 0.6)_1.046027_System.String[];HandRight_(-0.5, -0.3, -0.1)_(-0.2, -0.7, -0.5, 0.5)_1.005502_System.String[];18.9258;0.0478;0.0450;57.9295;-12.1749;0.8453;1.1862;5.7191;-48.2388;4.3445;339.0882;245.2356;49.1345;1.9274;346.4564
0.0000;-0.2024;False;False;58.1282;-11.8288;-0.0148;-0.0033;5.7059;-48.2706;0.0380;0.2435;253.5881;348.8200;0.0038;0.0716;-0.1990;0.0000;-0.0024;-0.0005;1.0998;-0.0019;192602;71.89049;Infinity;2658.44;58.0841;-11.6591;1.2851;1.1806;5.2862;-47.8439;352.5380;352.9345;253.5875;336.1267;0.0039;1.6590;LeftFalse_RightFalse;LeftFalse_RightFalse;HandLeft_(0.3, -0.7, -0.3)_(0.6, 0.3, -0.7, 0.0)_1.046027_System.String[];HandLeft_(-0.7, -0.3, -0.2)_(0.8, 0.4, -0.5, 0.0)_1.005502_System.String[];HandRight_(0.5, -0.8, -0.3)_(-0.2, -0.6, -0.5, 0.6)_1.046027_System.String[];HandRight_(-0.5, -0.3, -0.1)_(-0.2, -0.7, -0.5, 0.5)_1.005502_System.String[];18.9673;0.0478;0.0453;57.9296;-12.1813;0.8453;1.1855;5.7191;-48.1942;4.3292;339.5308;245.2608;52.8982;1.9286;345.5207
0.0000;-0.2063;False;False;58.1282;-11.8369;-0.0148;-0.0034;5.7059;-48.2257;0.0378;0.2429;253.5870;348.8528;0.0038;0.0694;-0.1847;0.0000;-0.0022;-0.0007;1.0246;-0.0024;192605;71.80817;Infinity;2658.49;58.0841;-11.6671;1.2851;1.1805;5.2862;-47.7981;352.5378;352.9334;253.5868;336.1605;0.0039;1.6569;LeftFalse_RightFalse;LeftFalse_RightFalse;HandLeft_(0.3, -0.7, -0.3)_(0.6, 0.3, -0.7, 0.0)_1.046027_System.String[];HandLeft_(-0.7, -0.3, -0.2)_(0.7, 0.4, -0.5, 0.0)_1.005502_System.String[];HandRight_(0.5, -0.8, -0.3)_(-0.2, -0.6, -0.5, 0.6)_1.046027_System.String[];HandRight_(-0.5, -0.3, -0.1)_(-0.2, -0.7, -0.5, 0.5)_1.005502_System.String[];19.0090;0.0478;0.0457;57.9295;-12.1869;0.8453;1.1848;5.7191;-48.1533;4.3264;340.0215;245.2784;56.8667;1.9411;344.4967
0.0000;-0.2063;False;False;58.1281;-11.8444;-0.0148;-0.0035;5.7058;-48.1841;0.0376;0.2424;253.5869;348.8835;0.0039;0.0673;-0.1704;0.0000;-0.0020;-0.0006;0.9487;-0.0021;192608;71.75382;Infinity;2658.53;58.0840;-11.6745;1.2851;1.1804;5.2862;-47.7554;352.5376;352.9324;253.5864;336.1923;0.0039;1.6549;LeftFalse_RightFalse;LeftFalse_RightFalse;HandLeft_(0.3, -0.7, -0.3)_(0.6, 0.3, -0.7, 0.0)_1.046027_System.String[];HandLeft_(-0.7, -0.3, -0.2)_(0.7, 0.5, -0.4, 0.0)_1.005502_System.String[];HandRight_(0.5, -0.8, -0.3)_(-0.2, -0.6, -0.5, 0.6)_1.046027_System.String[];HandRight_(-0.5, -0.3, -0.1)_(-0.2, -0.7, -0.5, 0.5)_1.005502_System.String[];19.0510;0.0478;0.0457;57.9295;-12.1923;0.8453;1.1840;5.7191;-48.1157;4.3149;340.4159;245.2599;60.8289;1.9603;343.4842
0.0000;-0.2063;False;False;58.1280;-11.8512;-0.0148;-0.0036;5.7058;-48.1460;0.0374;0.2419;253.5876;348.9116;0.0039;0.0653;-0.1566;0.0000;-0.0018;-0.0010;0.8747;-0.0036;192611;71.87142;Infinity;2658.57;58.0839;-11.6813;1.2851;1.1803;5.2862;-47.7163;352.5375;352.9315;253.5871;336.2214;0.0039;1.6531;LeftFalse_RightFalse;LeftFalse_RightFalse;HandLeft_(0.3, -0.7, -0.3)_(0.6, 0.3, -0.7, 0.0)_1.046027_System.String[];HandLeft_(-0.7, -0.3, -0.2)_(0.8, 0.5, -0.4, 0.0)_1.005502_System.String[];HandRight_(0.5, -0.8, -0.3)_(-0.2, -0.6, -0.5, 0.6)_1.046027_System.String[];HandRight_(-0.5, -0.3, -0.1)_(-0.2, -0.7, -0.5, 0.5)_1.005502_System.String[];19.0928;0.0478;0.0457;57.9294;-12.1972;0.8453;1.1832;5.7190;-48.0816;4.2719;340.7455;245.2144;64.5823;1.9928;342.5721
0.0000;-0.2024;False;False;58.1278;-11.8575;-0.0148;-0.0036;5.7058;-48.1108;0.0372;0.2414;253.5876;348.9377;0.0039;0.0635;-0.1429;0.0000;-0.0017;-0.0010;0.8001;-0.0034;192614;71.65281;Infinity;2658.61;58.0838;-11.6876;1.2851;1.1802;5.2861;-47.6801;352.5373;352.9306;253.5873;336.2484;0.0039;1.6514;LeftFalse_RightFalse;LeftFalse_RightFalse;HandLeft_(0.3, -0.7, -0.3)_(0.6, 0.3, -0.7, 0.0)_1.046027_System.String[];HandLeft_(-0.7, -0.3, -0.2)_(0.8, 0.5, -0.4, 0.0)_1.005502_System.String[];HandRight_(0.5, -0.8, -0.3)_(-0.2, -0.6, -0.5, 0.6)_1.046027_System.String[];HandRight_(-0.5, -0.3, -0.1)_(-0.2, -0.7, -0.5, 0.5)_1.005502_System.String[];19.1348;0.0478;0.0457;57.9292;-12.2018;0.8453;1.1824;5.7190;-48.0508;4.2540;341.0846;245.1495;68.2533;2.0620;341.6555
0.0000;-0.2024;False;False;58.1277;-11.8633;-0.0148;-0.0037;5.7057;-48.0788;0.0373;0.2409;253.5868;348.9613;0.0039;0.0620;-0.1296;0.0000;-0.0014;-0.0011;0.7273;-0.0037;192617;71.54418;Infinity;2658.65;58.0837;-11.6933;1.2851;1.1801;5.2861;-47.6471;352.5374;352.9298;253.5864;336.2731;0.0039;1.6497;LeftFalse_RightFalse;LeftFalse_RightFalse;HandLeft_(0.3, -0.7, -0.3)_(0.6, 0.3, -0.7, 0.0)_1.046027_System.String[];HandLeft_(-0.7, -0.3, -0.2)_(0.8, 0.5, -0.4, 0.0)_1.005502_System.String[];HandRight_(0.5, -0.8, -0.3)_(-0.2, -0.6, -0.5, 0.6)_1.046027_System.String[];HandRight_(-0.5, -0.3, -0.2)_(-0.1, -0.7, -0.5, 0.5)_1.005502_System.String[];19.1768;0.0478;0.0459;57.9291;-12.2063;0.8453;1.1817;5.7190;-48.0229;4.2461;341.3657;245.0530;71.6617;2.1365;340.7823
0.0000;-0.1984;False;False;58.1275;-11.8684;-0.0148;-0.0038;5.7057;-48.0500;0.0373;0.2402;253.5869;348.9828;0.0039;0.0610;-0.1165;0.0000;-0.0012;-0.0015;0.6556;-0.0054;192620;71.43978;Infinity;2658.70;58.0835;-11.6984;1.2851;1.1801;5.2861;-47.6174;352.5374;352.9289;253.5867;336.2954;0.0039;1.6488;LeftFalse_RightFalse;LeftFalse_RightFalse;HandLeft_(0.3, -0.7, -0.3)_(0.6, 0.3, -0.7, 0.0)_1.046027_System.String[];HandLeft_(-0.7, -0.3, -0.2)_(0.8, 0.5, -0.4, 0.0)_1.005502_System.String[];HandRight_(0.5, -0.8, -0.3)_(-0.2, -0.6, -0.5, 0.6)_1.046027_System.String[];HandRight_(-0.5, -0.4, -0.2)_(-0.1, -0.7, -0.5, 0.5)_1.005502_System.String[];19.2188;0.0478;0.0463;57.9290;-12.2109;0.8453;1.1810;5.7189;-47.9978;4.3086;341.6243;244.9567;74.6507;2.1773;340.0507
0.0000;-0.1984;False;False;58.1272;-11.8729;-0.0148;-0.0038;5.7056;-48.0246;0.0370;0.2392;253.5878;349.0020;0.0039;0.0603;-0.1038;0.0000;-0.0010;-0.0018;0.5852;-0.0064;192623;71.72401;Infinity;2658.74;58.0833;-11.7029;1.2851;1.1800;5.2860;-47.5909;352.5371;352.9279;253.5869;336.3154;0.0039;1.6482;LeftFalse_RightFalse;LeftFalse_RightFalse;HandLeft_(0.3, -0.7, -0.3)_(0.6, 0.3, -0.7, -0.1)_1.046027_System.String[];HandLeft_(-0.7, -0.3, -0.2)_(0.8, 0.5, -0.4, 0.0)_1.005502_System.String[];HandRight_(0.5, -0.8, -0.3)_(-0.2, -0.6, -0.5, 0.6)_1.046027_System.String[];HandRight_(-0.5, -0.4, -0.2)_(-0.1, -0.7, -0.5, 0.5)_1.005502_System.String[];19.2605;0.0478;0.0471;57.9287;-12.2155;0.8450;1.1804;5.7188;-47.9755;4.4066;341.8270;244.8876;77.4153;2.1532;339.4276
0.0000;-0.1984;False;False;58.1270;-11.8769;-0.0148;-0.0038;5.7056;-48.0022;0.0371;0.2382;253.5887;349.0192;0.0039;0.0597;-0.0912;0.0000;-0.0008;-0.0016;0.5154;-0.0059;192626;71.85444;Infinity;2658.78;58.0830;-11.7069;1.2851;1.1800;5.2859;-47.5676;352.5371;352.9268;253.5879;336.3333;0.0040;1.6479;LeftFalse_RightFalse;LeftFalse_RightFalse;HandLeft_(0.3, -0.7, -0.3)_(0.6, 0.3, -0.7, 0.0)_1.046027_System.String[];HandLeft_(-0.7, -0.3, -0.2)_(0.8, 0.5, -0.4, 0.0)_1.005502_System.String[];HandRight_(0.5, -0.8, -0.3)_(-0.2, -0.6, -0.5, 0.6)_1.046027_System.String[];HandRight_(-0.5, -0.4, -0.2)_(-0.1, -0.7, -0.5, 0.5)_1.005502_System.String[];19.3020;0.0478;0.0479;57.9284;-12.2198;0.8447;1.1800;5.7188;-47.9556;4.5173;342.0021;244.8677;79.8030;2.0831;338.9729
0.0000;-0.2024;False;False;58.1267;-11.8803;-0.0148;-0.0039;5.7055;-47.9827;0.0370;0.2372;253.5898;349.0343;0.0039;0.0593;-0.0727;0.0000;-0.0006;-0.0019;0.4128;-0.0067;192629;71.7687;Infinity;2658.82;58.0828;-11.7104;1.2851;1.1800;5.2859;-47.5473;352.5371;352.9257;253.5894;336.3491;0.0040;1.6476;LeftFalse_RightFalse;LeftFalse_RightFalse;HandLeft_(0.3, -0.7, -0.3)_(0.6, 0.3, -0.7, 0.0)_1.046027_System.String[];HandLeft_(-0.7, -0.3, -0.2)_(0.8, 0.5, -0.4, 0.0)_1.005502_System.String[];HandRight_(0.5, -0.8, -0.3)_(-0.2, -0.6, -0.5, 0.6)_1.046027_System.String[];HandRight_(-0.5, -0.4, -0.2)_(-0.1, -0.7, -0.5, 0.5)_1.005502_System.String[];19.3440;0.0478;0.0487;57.9281;-12.2242;0.8445;1.1796;5.7187;-47.9383;4.5552;342.1451;244.9019;81.9889;2.0235;338.6501
0.0012;-0.1984;False;False;58.1264;-11.8832;-0.0148;-0.0039;5.7054;-47.9663;0.0370;0.2363;253.5892;349.0473;0.0039;0.0588;-0.0606;0.0000;-0.0006;-0.0021;0.3446;-0.0076;192632;71.88332;Infinity;2658.86;58.0825;-11.7134;1.2851;1.1800;5.2858;-47.5299;352.5370;352.9246;253.5891;336.3628;0.0040;1.6474;LeftFalse_RightFalse;LeftFalse_RightFalse;HandLeft_(0.3, -0.7, -0.3)_(0.6, 0.3, -0.7, 0.0)_1.046027_System.String[];HandLeft_(-0.7, -0.3, -0.2)_(0.8, 0.5, -0.4, 0.0)_1.005502_System.String[];HandRight_(0.5, -0.8, -0.3)_(-0.2, -0.6, -0.5, 0.6)_1.046027_System.String[];HandRight_(-0.5, -0.4, -0.2)_(-0.1, -0.7, -0.5, 0.5)_1.005502_System.String[];19.3855;0.0478;0.0495;57.9276;-12.2284;0.8444;1.1792;5.7186;-47.9235;4.5131;342.1659;244.9630;83.9970;2.0069;338.3861
0.0119;-0.2024;False;False;58.1261;-11.8856;-0.0148;-0.0039;5.7053;-47.9527;0.0371;0.2355;253.5904;349.0581;0.0039;0.0584;-0.0490;0.0000;-0.0006;-0.0021;0.2791;-0.0075;192635;71.65585;Infinity;2658.90;58.0822;-11.7158;1.2851;1.1799;5.2857;-47.5154;352.5371;352.9238;253.5897;336.3745;0.0040;1.6472;LeftFalse_RightFalse;LeftFalse_RightFalse;HandLeft_(0.3, -0.7, -0.3)_(0.6, 0.3, -0.7, 0.0)_1.046027_System.String[];HandLeft_(-0.7, -0.3, -0.2)_(0.8, 0.5, -0.4, 0.0)_1.005502_System.String[];HandRight_(0.5, -0.8, -0.3)_(-0.2, -0.6, -0.5, 0.6)_1.046027_System.String[];HandRight_(-0.5, -0.4, -0.2)_(-0.1, -0.7, -0.5, 0.6)_1.005502_System.String[];19.4277;0.0478;0.0499;57.9269;-12.2320;0.8443;1.1789;5.7187;-47.9112;4.5442;342.1697;245.0447;85.7427;1.9912;338.2449
0.0334;-0.1984;False;False;58.1257;-11.8875;-0.0148;-0.0040;5.7052;-47.9421;0.0370;0.2352;253.5906;349.0640;0.0039;0.0581;-0.0336;0.0000;-0.0004;-0.0033;0.1930;-0.0120;192638;71.52995;Infinity;2658.95;58.0818;-11.7178;1.2851;1.1799;5.2856;-47.5038;352.5371;352.9230;253.5900;336.3834;0.0039;1.6470;LeftFalse_RightFalse;LeftFalse_RightFalse;HandLeft_(0.3, -0.7, -0.3)_(0.6, 0.3, -0.7, 0.0)_1.046027_System.String[];HandLeft_(-0.7, -0.3, -0.2)_(0.8, 0.5, -0.4, 0.0)_1.005502_System.String[];HandRight_(0.5, -0.8, -0.3)_(-0.2, -0.6, -0.5, 0.6)_1.046027_System.String[];HandRight_(-0.5, -0.4, -0.2)_(-0.1, -0.7, -0.5, 0.5)_1.005502_System.String[];19.4697;0.0478;0.0499;57.9263;-12.2355;0.8443;1.1790;5.7188;-47.9012;4.6425;342.1878;245.1125;87.2887;1.9287;338.2198
0.0649;-0.1984;False;False;58.1252;-11.8890;-0.0148;-0.0040;5.7050;-47.9388;0.0365;0.2496;253.5908;349.0228;0.0040;0.0458;-0.0069;-0.0001;0.0003;-0.0044;0.0012;-0.0159;192641;71.48993;Infinity;2658.99;58.0813;-11.7196;1.2851;1.1798;5.2855;-47.4972;352.5367;352.9291;253.5898;336.3571;0.0040;1.6347;LeftFalse_RightFalse;LeftFalse_RightFalse;HandLeft_(0.3, -0.7, -0.3)_(0.6, 0.3, -0.7, 0.0)_1.046027_System.String[];HandLeft_(-0.7, -0.3, -0.2)_(0.8, 0.5, -0.4, 0.0)_1.005502_System.String[];HandRight_(0.5, -0.8, -0.3)_(-0.2, -0.6, -0.5, 0.6)_1.046027_System.String[];HandRight_(-0.5, -0.4, -0.2)_(-0.1, -0.7, -0.5, 0.5)_1.005502_System.String[];19.5117;0.0478;0.0499;57.9256;-12.2385;0.8443;1.1792;5.7188;-47.8963;4.7617;342.1380;245.1319;88.5968;1.8519;338.2473
0.1035;-0.1905;False;False;58.1243;-11.8890;-0.0148;-0.0039;5.7048;-47.9388;0.0356;0.2543;253.5907;349.0203;0.0040;0.0541;-0.0002;-0.0001;0.0002;-0.0068;-0.0002;-0.0250;192644;71.64417;Infinity;2659.03;58.0806;-11.7202;1.2851;1.1798;5.2853;-47.4968;352.5360;352.9409;253.5904;336.3413;0.0040;1.6372;LeftFalse_RightFalse;LeftFalse_RightFalse;HandLeft_(0.3, -0.7, -0.3)_(0.6, 0.3, -0.7, 0.0)_1.046027_System.String[];HandLeft_(-0.7, -0.3, -0.2)_(0.8, 0.5, -0.4, 0.0)_1.005502_System.String[];HandRight_(0.5, -0.8, -0.3)_(-0.2, -0.6, -0.5, 0.6)_1.046027_System.String[];HandRight_(-0.5, -0.3, -0.2)_(-0.1, -0.7, -0.5, 0.5)_1.005502_System.String[];19.5535;0.0478;0.0499;57.9247;-12.2403;0.8439;1.1794;5.7187;-47.8966;4.8336;342.0269;245.0808;89.6182;1.7733;338.3550
0.1409;-0.1905;False;False;58.1231;-11.8890;-0.0148;-0.0039;5.7045;-47.9388;0.0342;0.2473;253.5910;349.0203;0.0041;0.0569;0.0000;-0.0001;0.0000;-0.0095;-0.0006;-0.0348;192647;71.69833;Infinity;2659.07;58.0795;-11.7203;1.2851;1.1798;5.2850;-47.4969;352.5347;352.9377;253.5902;336.3407;0.0041;1.6415;LeftFalse_RightFalse;LeftFalse_RightFalse;HandLeft_(0.3, -0.7, -0.3)_(0.6, 0.3, -0.7, 0.0)_1.046027_System.String[];HandLeft_(-0.7, -0.3, -0.2)_(0.8, 0.5, -0.4, 0.0)_1.005502_System.String[];HandRight_(0.5, -0.8, -0.3)_(-0.2, -0.6, -0.5, 0.6)_1.046027_System.String[];HandRight_(-0.5, -0.3, -0.2)_(-0.1, -0.7, -0.5, 0.5)_1.005502_System.String[];19.5952;0.0478;0.0499;57.9236;-12.2417;0.8437;1.1799;5.7184;-47.8968;4.8382;341.8704;245.0276;90.3991;1.7111;338.5442
0.1760;-0.1905;False;False;58.1213;-11.8890;-0.0148;-0.0039;5.7040;-47.9387;0.0322;0.2344;253.5927;349.0203;0.0043;0.0585;0.0001;-0.0002;-0.0002;-0.0138;-0.0009;-0.0504;192650;71.56223;Infinity;2659.11;58.0780;-11.7203;1.2851;1.1799;5.2846;-47.4971;352.5330;352.9269;253.5909;336.3401;0.0042;1.6460;LeftFalse_RightFalse;LeftFalse_RightFalse;HandLeft_(0.3, -0.7, -0.3)_(0.6, 0.3, -0.7, -0.1)_1.046027_System.String[];HandLeft_(-0.7, -0.3, -0.2)_(0.8, 0.5, -0.4, 0.0)_1.005502_System.String[];HandRight_(0.5, -0.8, -0.3)_(-0.2, -0.6, -0.5, 0.6)_1.046027_System.String[];HandRight_(-0.5, -0.3, -0.2)_(-0.1, -0.7, -0.5, 0.5)_1.005502_System.String[];19.6372;0.0478;0.0499;57.9219;-12.2430;0.8435;1.1803;5.7180;-47.8970;4.8200;341.6810;245.0130;90.9691;1.6713;338.7527
0.2073;-0.1905;False;False;58.1188;-11.8891;-0.0148;-0.0040;5.7033;-47.9387;0.0294;0.2192;253.5943;349.0203;0.0044;0.0595;0.0001;-0.0003;-0.0003;-0.0184;-0.0009;-0.0671;192653;71.70283;Infinity;2659.16;58.0757;-11.7202;1.2851;1.1800;5.2839;-47.4973;352.5304;352.9128;253.5937;336.3396;0.0044;1.6504;LeftFalse_RightFalse;LeftFalse_RightFalse;HandLeft_(0.3, -0.7, -0.3)_(0.6, 0.3, -0.7, -0.1)_1.046027_System.String[];HandLeft_(-0.7, -0.3, -0.2)_(0.8, 0.5, -0.4, 0.0)_1.005502_System.String[];HandRight_(0.5, -0.8, -0.3)_(-0.2, -0.6, -0.5, 0.6)_1.046027_System.String[];HandRight_(-0.5, -0.3, -0.2)_(-0.1, -0.7, -0.5, 0.5)_1.005502_System.String[];19.6790;0.0478;0.0499;57.9196;-12.2440;0.8434;1.1806;5.7174;-47.8967;4.8091;341.5382;245.0707;91.4262;1.6688;338.9545
0.2340;-0.1865;False;False;58.1154;-11.8891;-0.0148;-0.0040;5.7024;-47.9386;0.0263;0.2039;253.5975;349.0202;0.0046;0.0601;0.0001;-0.0003;-0.0004;-0.0237;-0.0009;-0.0866;192656;71.71519;Infinity;2659.20;58.0727;-11.7202;1.2851;1.1801;5.2831;-47.4976;352.5273;352.8979;253.5953;336.3390;0.0046;1.6544;LeftFalse_RightFalse;LeftFalse_RightFalse;HandLeft_(0.3, -0.7, -0.3)_(0.6, 0.3, -0.7, -0.1)_1.046027_System.String[];HandLeft_(-0.7, -0.3, -0.2)_(0.8, 0.5, -0.4, 0.0)_1.005502_System.String[];HandRight_(0.5, -0.8, -0.3)_(-0.2, -0.6, -0.5, 0.6)_1.046027_System.String[];HandRight_(-0.5, -0.3, -0.2)_(-0.1, -0.7, -0.5, 0.5)_1.005502_System.String[];19.7207;0.0478;0.0499;57.9165;-12.2451;0.8433;1.1809;5.7166;-47.8962;4.8058;341.4091;245.1378;91.7757;1.6750;339.1515
0.2556;-0.1865;False;False;58.1111;-11.8891;-0.0148;-0.0040;5.7012;-47.9386;0.0231;0.1896;253.6024;349.0202;0.0048;0.0604;0.0001;-0.0004;-0.0005;-0.0299;-0.0008;-0.1093;192659;71.56548;Infinity;2659.24;58.0687;-11.7202;1.2851;1.1802;5.2820;-47.4978;352.5242;352.8836;253.6001;336.3386;0.0048;1.6581;LeftFalse_RightFalse;LeftFalse_RightFalse;HandLeft_(0.3, -0.7, -0.3)_(0.6, 0.3, -0.7, 0.0)_1.046027_System.String[];HandLeft_(-0.7, -0.3, -0.2)_(0.8, 0.5, -0.4, 0.0)_1.005502_System.String[];HandRight_(0.5, -0.8, -0.3)_(-0.2, -0.6, -0.5, 0.6)_1.046027_System.String[];HandRight_(-0.5, -0.3, -0.2)_(-0.1, -0.7, -0.5, 0.5)_1.005502_System.String[];19.7629;0.0478;0.0499;57.9126;-12.2459;0.8432;1.1815;5.7156;-47.8959;4.8338;341.2606;245.1765;92.0354;1.6969;339.3064
0.2750;-0.1786;False;False;58.1057;-11.8891;-0.0149;-0.0040;5.6997;-47.9385;0.0197;0.1769;253.6071;349.0202;0.0050;0.0606;0.0001;-0.0005;-0.0005;-0.0402;-0.0007;-0.1472;192662;71.46218;Infinity;2659.28;58.0638;-11.7201;1.2851;1.1802;5.2807;-47.4981;352.5208;352.8707;253.6049;336.3381;0.0050;1.6613;LeftFalse_RightFalse;LeftFalse_RightFalse;HandLeft_(0.3, -0.7, -0.3)_(0.6, 0.3, -0.7, 0.0)_1.046027_System.String[];HandLeft_(-0.7, -0.3, -0.2)_(0.8, 0.5, -0.4, 0.0)_1.005502_System.String[];HandRight_(0.5, -0.8, -0.3)_(-0.2, -0.6, -0.5, 0.6)_1.046027_System.String[];HandRight_(-0.5, -0.3, -0.2)_(-0.1, -0.7, -0.5, 0.5)_1.005502_System.String[];19.8049;0.0478;0.0499;57.9076;-12.2466;0.8432;1.1819;5.7142;-47.8953;4.8559;341.1203;245.1681;92.2505;1.7315;339.4373
0.2938;-0.1706;False;False;58.0992;-11.8891;-0.0149;-0.0040;5.6980;-47.9385;0.0163;0.1661;253.6126;349.0202;0.0052;0.0607;0.0001;-0.0005;-0.0004;-0.0474;-0.0006;-0.1733;192665;71.45735;Infinity;2659.32;58.0577;-11.7201;1.2850;1.1803;5.2790;-47.4982;352.5174;352.8596;253.6101;336.3378;0.0052;1.6640;LeftFalse_RightFalse;LeftFalse_RightFalse;HandLeft_(0.3, -0.7, -0.3)_(0.6, 0.3, -0.7, 0.0)_1.046027_System.String[];HandLeft_(-0.7, -0.3, -0.2)_(0.8, 0.5, -0.4, 0.0)_1.005502_System.String[];HandRight_(0.5, -0.8, -0.3)_(-0.2, -0.6, -0.5, 0.6)_1.046027_System.String[];HandRight_(-0.5, -0.3, -0.2)_(-0.2, -0.7, -0.5, 0.5)_1.005502_System.String[];19.8469;0.0478;0.0499;57.9017;-12.2471;0.8432;1.1822;5.7123;-47.8949;4.8348;341.0414;245.1199;92.4259;1.7691;339.5226
0.3088;-0.1151;False;False;58.0915;-11.8891;-0.0149;-0.0041;5.6958;-47.9385;0.0130;0.1571;253.6192;349.0202;0.0055;0.0608;0.0001;-0.0006;-0.0004;-0.0545;-0.0005;-0.1992;192668;71.43638;Infinity;2659.37;58.0505;-11.7201;1.2850;1.1804;5.2771;-47.4984;352.5141;352.8503;253.6162;336.3375;0.0055;1.6662;LeftFalse_RightFalse;LeftFalse_RightFalse;HandLeft_(0.3, -0.7, -0.3)_(0.6, 0.3, -0.7, 0.0)_1.046027_System.String[];HandLeft_(-0.7, -0.3, -0.2)_(0.8, 0.5, -0.4, 0.0)_1.005502_System.String[];HandRight_(0.5, -0.8, -0.3)_(-0.2, -0.6, -0.5, 0.6)_1.046027_System.String[];HandRight_(-0.5, -0.3, -0.2)_(-0.2, -0.7, -0.5, 0.5)_1.005502_System.String[];19.8889;0.0478;0.0497;57.8945;-12.2476;0.8432;1.1824;5.7100;-47.8943;4.7932;340.9504;245.0689;92.5866;1.7985;339.5837
0.3197;0.0000;False;False;58.0826;-11.8891;-0.0149;-0.0041;5.6934;-47.9384;0.0101;0.1499;253.6268;349.0202;0.0057;0.0609;0.0001;-0.0006;-0.0003;-0.0627;-0.0004;-0.2292;192671;71.28642;Infinity;2659.41;58.0420;-11.7200;1.2850;1.1804;5.2748;-47.4985;352.5111;352.8427;253.6234;336.3373;0.0056;1.6679;LeftFalse_RightFalse;LeftFalse_RightFalse;HandLeft_(0.3, -0.7, -0.3)_(0.6, 0.3, -0.7, 0.0)_1.046027_System.String[];HandLeft_(-0.7, -0.3, -0.2)_(0.8, 0.5, -0.4, 0.0)_1.005502_System.String[];HandRight_(0.5, -0.8, -0.3)_(-0.2, -0.6, -0.5, 0.6)_1.046027_System.String[];HandRight_(-0.5, -0.3, -0.2)_(-0.2, -0.7, -0.5, 0.5)_1.005502_System.String[];19.9309;0.0478;0.0494;57.8862;-12.2480;0.8431;1.1827;5.7076;-47.8936;4.7518;340.7751;245.0526;92.6368;1.8027;339.7186
0.3273;0.0000;False;False;58.0724;-11.8891;-0.0150;-0.0041;5.6906;-47.9384;0.0075;0.1441;253.6354;349.0206;0.0059;0.0608;-0.0004;-0.0007;-0.0003;-0.0706;0.0008;-0.2583;192674;71.34993;Infinity;2659.45;58.0322;-11.7200;1.2850;1.1804;5.2721;-47.4987;352.5083;352.8366;253.6317;336.3376;0.0058;1.6693;LeftFalse_RightFalse;LeftFalse_RightFalse;HandLeft_(0.3, -0.7, -0.3)_(0.6, 0.3, -0.7, 0.0)_1.046027_System.String[];HandLeft_(-0.7, -0.3, -0.2)_(0.8, 0.5, -0.4, 0.0)_1.005502_System.String[];HandRight_(0.5, -0.8, -0.3)_(-0.2, -0.6, -0.5, 0.6)_1.046027_System.String[];HandRight_(-0.5, -0.4, -0.2)_(-0.2, -0.7, -0.5, 0.5)_1.005502_System.String[];19.9731;0.0478;0.0489;57.8764;-12.2482;0.8432;1.1833;5.7049;-47.8920;4.7056;340.5636;245.0864;92.2356;1.7925;339.9683
0.3322;0.0000;False;False;58.0609;-11.8891;-0.0150;-0.0041;5.6875;-47.9384;0.0052;0.1395;253.6451;349.0207;0.0060;0.0608;-0.0006;-0.0007;-0.0002;-0.0787;0.0017;-0.2882;192677;71.32172;Infinity;2659.49;58.0211;-11.7200;1.2850;1.1804;5.2691;-47.4987;352.5059;352.8317;253.6410;336.3373;0.0060;1.6703;LeftFalse_RightFalse;LeftFalse_RightFalse;HandLeft_(0.3, -0.7, -0.3)_(0.6, 0.3, -0.7, -0.1)_1.046027_System.String[];HandLeft_(-0.7, -0.3, -0.2)_(0.8, 0.5, -0.4, 0.0)_1.005502_System.String[];HandRight_(0.5, -0.8, -0.3)_(-0.2, -0.6, -0.5, 0.6)_1.046027_System.String[];HandRight_(-0.5, -0.4, -0.2)_(-0.2, -0.7, -0.5, 0.5)_1.005502_System.String[];20.0151;0.0478;0.0481;57.8655;-12.2473;0.8435;1.1840;5.7018;-47.8881;4.6480;340.2557;245.1406;90.7203;1.7814;340.4901
0.3361;0.0000;False;False;58.0482;-11.8892;-0.0150;-0.0041;5.6840;-47.9382;0.0035;0.1358;253.6558;349.0220;0.0062;0.0608;-0.0010;-0.0008;-0.0002;-0.0869;0.0041;-0.3183;192680;71.64949;Infinity;2659.53;58.0088;-11.7200;1.2849;1.1805;5.2658;-47.4987;352.5040;352.8279;253.6513;336.3383;0.0062;1.6712;LeftFalse_RightFalse;LeftFalse_RightFalse;HandLeft_(0.3, -0.7, -0.3)_(0.6, 0.3, -0.7, 0.0)_1.046027_System.String[];HandLeft_(-0.7, -0.3, -0.2)_(0.8, 0.5, -0.4, 0.0)_1.005502_System.String[];HandRight_(0.5, -0.8, -0.3)_(-0.2, -0.6, -0.5, 0.6)_1.046027_System.String[];HandRight_(-0.5, -0.4, -0.2)_(-0.2, -0.7, -0.5, 0.5)_1.005502_System.String[];20.0569;0.0478;0.0473;57.8532;-12.2460;0.8437;1.1850;5.6985;-47.8815;4.5875;339.9295;245.1875;87.4185;1.7758;341.5826
0.3419;0.0000;False;False;58.0341;-11.8892;-0.0151;-0.0041;5.6801;-47.9381;0.0021;0.1330;253.6676;349.0222;0.0064;0.0608;-0.0010;-0.0008;-0.0001;-0.0952;0.0041;-0.3486;192683;71.42717;Infinity;2659.58;57.9952;-11.7200;1.2849;1.1805;5.2621;-47.4986;352.5025;352.8249;253.6626;336.3391;0.0064;1.6719;LeftFalse_RightFalse;LeftFalse_RightFalse;HandLeft_(0.3, -0.7, -0.3)_(0.6, 0.3, -0.7, -0.1)_1.046027_System.String[];HandLeft_(-0.7, -0.3, -0.2)_(0.8, 0.5, -0.4, 0.0)_1.005502_System.String[];HandRight_(0.5, -0.8, -0.3)_(-0.2, -0.6, -0.5, 0.6)_1.046027_System.String[];HandRight_(-0.5, -0.4, -0.2)_(-0.2, -0.7, -0.5, 0.5)_1.005502_System.String[];20.0989;0.0478;0.0463;57.8397;-12.2452;0.8438;1.1859;5.6948;-47.8733;4.5250;339.7270;245.2066;82.7365;1.7720;342.8930
0.3501;0.0000;False;False;58.0186;-11.8893;-0.0151;-0.0041;5.6759;-47.9379;0.0012;0.1309;253.6805;349.0234;0.0066;0.0608;-0.0011;-0.0009;-0.0001;-0.1035;0.0044;-0.3793;192686;71.39095;Infinity;2659.62;57.9800;-11.7201;1.2849;1.1805;5.2580;-47.4984;352.5015;352.8225;253.6752;336.3391;0.0066;1.6725;LeftFalse_RightFalse;LeftFalse_RightFalse;HandLeft_(0.3, -0.7, -0.3)_(0.6, 0.3, -0.7, -0.1)_1.046027_System.String[];HandLeft_(-0.7, -0.3, -0.2)_(0.8, 0.5, -0.4, 0.0)_1.005502_System.String[];HandRight_(0.5, -0.8, -0.3)_(-0.2, -0.6, -0.5, 0.6)_1.046027_System.String[];HandRight_(-0.5, -0.4, -0.2)_(-0.2, -0.7, -0.5, 0.5)_1.005502_System.String[];20.1409;0.0478;0.0459;57.8249;-12.2452;0.8440;1.1867;5.6908;-47.8629;4.4418;339.4614;245.2090;76.3374;1.7627;344.5168
0.3607;0.0000;False;False;58.0019;-11.8893;-0.0151;-0.0041;5.6714;-47.9377;0.0007;0.1295;253.6944;349.0233;0.0067;0.0609;-0.0011;-0.0009;-0.0001;-0.1120;0.0046;-0.4107;192689;71.69397;Infinity;2659.66;57.9636;-11.7201;1.2848;1.1805;5.2535;-47.4983;352.5009;352.8210;253.6888;336.3397;0.0067;1.6729;LeftFalse_RightFalse;LeftFalse_RightFalse;HandLeft_(0.3, -0.7, -0.3)_(0.6, 0.3, -0.7, 0.0)_1.046027_System.String[];HandLeft_(-0.7, -0.3, -0.2)_(0.8, 0.5, -0.4, 0.0)_1.005502_System.String[];HandRight_(0.5, -0.8, -0.3)_(-0.2, -0.6, -0.5, 0.6)_1.046027_System.String[];HandRight_(-0.5, -0.4, -0.2)_(-0.2, -0.7, -0.5, 0.6)_1.005502_System.String[];20.1826;0.0478;0.0459;57.8089;-12.2463;0.8443;1.1868;5.6864;-47.8518;4.3406;339.3711;245.1997;69.2306;1.7731;346.2498
0.3757;0.0000;False;False;57.9837;-11.8894;-0.0152;-0.0041;5.6664;-47.9374;0.0004;0.1284;253.7095;349.0230;0.0069;0.0609;-0.0017;-0.0010;0.0000;-0.1251;0.0080;-0.4595;192692;71.82965;Infinity;2659.70;57.9458;-11.7202;1.2848;1.1805;5.2487;-47.4981;352.5005;352.8199;253.7035;336.3400;0.0069;1.6731;LeftFalse_RightFalse;LeftFalse_RightFalse;HandLeft_(0.3, -0.7, -0.3)_(0.6, 0.3, -0.7, 0.0)_1.046027_System.String[];HandLeft_(-0.7, -0.3, -0.2)_(0.8, 0.5, -0.4, 0.0)_1.005502_System.String[];HandRight_(0.5, -0.8, -0.3)_(-0.2, -0.6, -0.5, 0.6)_1.046027_System.String[];HandRight_(-0.5, -0.3, -0.2)_(-0.2, -0.7, -0.5, 0.5)_1.005502_System.String[];20.2241;0.0478;0.0459;57.7915;-12.2486;0.8444;1.1864;5.6817;-47.8400;4.2528;339.6846;245.2059;61.3666;1.7818;348.2267
0.3967;0.0000;False;False;57.9642;-11.8894;-0.0152;-0.0041;5.6611;-47.9371;0.0003;0.1276;253.7258;349.0234;0.0071;0.0609;-0.0017;-0.0011;0.0000;-0.1343;0.0081;-0.4938;192695;71.90784;Infinity;2659.74;57.9266;-11.7202;1.2848;1.1805;5.2435;-47.4978;352.5003;352.8189;253.7193;336.3398;0.0071;1.6734;LeftFalse_RightFalse;LeftFalse_RightFalse;HandLeft_(0.3, -0.7, -0.3)_(0.6, 0.3, -0.7, 0.0)_1.046027_System.String[];HandLeft_(-0.7, -0.3, -0.2)_(0.8, 0.5, -0.4, 0.0)_1.005502_System.String[];HandRight_(0.5, -0.8, -0.3)_(-0.2, -0.6, -0.5, 0.6)_1.046027_System.String[];HandRight_(-0.5, -0.3, -0.2)_(-0.2, -0.7, -0.5, 0.5)_1.005502_System.String[];20.2659;0.0479;0.0459;57.7726;-12.2525;0.8445;1.1851;5.6763;-47.8283;4.1986;340.5400;245.2357;53.2032;1.7834;350.4004
0.4191;0.0000;False;False;57.9428;-11.8895;-0.0153;-0.0041;5.6553;-47.9368;0.0002;0.1271;253.7436;349.0253;0.0073;0.0609;-0.0018;-0.0011;0.0000;-0.1439;0.0086;-0.5300;192698;71.34443;Infinity;2659.78;57.9059;-11.7203;1.2847;1.1805;5.2379;-47.4975;352.5002;352.8184;253.7365;336.3411;0.0073;1.6735;LeftFalse_RightFalse;LeftFalse_RightFalse;HandLeft_(0.3, -0.7, -0.3)_(0.6, 0.3, -0.7, 0.0)_1.046027_System.String[];HandLeft_(-0.7, -0.3, -0.2)_(0.8, 0.5, -0.4, 0.0)_1.005502_System.String[];HandRight_(0.5, -0.8, -0.3)_(-0.2, -0.6, -0.5, 0.6)_1.046027_System.String[];HandRight_(-0.5, -0.3, -0.1)_(-0.3, -0.7, -0.5, 0.5)_1.005502_System.String[];20.3081;0.0480;0.0459;57.7524;-12.2573;0.8445;1.1836;5.6706;-47.8170;4.1528;341.6846;245.2736;45.0460;1.7780;352.3975
0.4407;0.0000;False;False;57.9200;-11.8896;-0.0153;-0.0041;5.6491;-47.9365;0.0000;0.1267;253.7626;349.0259;0.0075;0.0610;-0.0016;-0.0012;0.0000;-0.1541;0.0073;-0.5683;192701;71.50195;Infinity;2659.83;57.8832;-11.7203;1.2847;1.1805;5.2319;-47.4972;352.5001;352.8179;253.7552;336.3422;0.0075;1.6736;LeftFalse_RightFalse;LeftFalse_RightFalse;HandLeft_(0.3, -0.7, -0.3)_(0.6, 0.3, -0.7, 0.0)_1.046027_System.String[];HandLeft_(-0.7, -0.3, -0.2)_(0.8, 0.5, -0.4, 0.0)_1.005502_System.String[];HandRight_(0.5, -0.8, -0.3)_(-0.2, -0.6, -0.5, 0.6)_1.046027_System.String[];HandRight_(-0.5, -0.3, -0.1)_(-0.2, -0.7, -0.5, 0.5)_1.005502_System.String[];20.3501;0.0483;0.0459;57.7302;-12.2628;0.8445;1.1820;5.6645;-47.8069;4.1018;342.7820;245.3078;37.5170;1.7467;354.0483
0.4568;0.0000;False;False;57.8956;-11.8896;-0.0154;-0.0041;5.6425;-47.9361;-0.0002;0.1264;253.7831;349.0258;0.0078;0.0610;-0.0018;-0.0013;0.0000;-0.1646;0.0084;-0.6080;192704;71.73154;Infinity;2659.87;57.8593;-11.7204;1.2846;1.1805;5.2254;-47.4968;352.4999;352.8177;253.7751;336.3423;0.0078;1.6737;LeftFalse_RightFalse;LeftFalse_RightFalse;HandLeft_(0.3, -0.7, -0.3)_(0.6, 0.3, -0.7, 0.0)_1.046027_System.String[];HandLeft_(-0.7, -0.3, -0.2)_(0.8, 0.5, -0.4, 0.0)_1.005502_System.String[];HandRight_(0.5, -0.8, -0.3)_(-0.2, -0.6, -0.5, 0.6)_1.046027_System.String[];HandRight_(-0.5, -0.3, -0.1)_(-0.2, -0.7, -0.5, 0.5)_1.005502_System.String[];20.3918;0.0489;0.0459;57.7067;-12.2680;0.8445;1.1808;5.6580;-47.7981;4.0310;343.7555;245.3274;30.6416;1.7272;355.4144
0.4685;0.0000;False;False;57.8694;-11.8897;-0.0154;-0.0041;5.6354;-47.9357;-0.0004;0.1262;253.8053;349.0253;0.0082;0.0610;-0.0021;-0.0014;0.0000;-0.1753;0.0103;-0.6490;192707;71.81777;Infinity;2659.91;57.8336;-11.7205;1.2846;1.1805;5.2185;-47.4964;352.4997;352.8175;253.7966;336.3419;0.0081;1.6738;LeftFalse_RightFalse;LeftFalse_RightFalse;HandLeft_(0.3, -0.7, -0.3)_(0.6, 0.3, -0.7, 0.0)_1.046027_System.String[];HandLeft_(-0.7, -0.3, -0.2)_(0.8, 0.5, -0.4, 0.0)_1.005502_System.String[];HandRight_(0.5, -0.8, -0.3)_(-0.2, -0.6, -0.5, 0.6)_1.046027_System.String[];HandRight_(-0.5, -0.3, -0.1)_(-0.2, -0.7, -0.5, 0.5)_1.005502_System.String[];20.4336;0.0497;0.0455;57.6814;-12.2733;0.8445;1.1793;5.6508;-47.7906;3.9429;344.6046;245.3407;24.4355;1.7111;356.4899
0.4778;0.0000;False;False;57.8414;-11.8898;-0.0155;-0.0041;5.6279;-47.9353;-0.0006;0.1264;253.8294;349.0257;0.0086;0.0610;-0.0019;-0.0015;0.0000;-0.1860;0.0086;-0.6909;192710;71.84112;Infinity;2659.95;57.8060;-11.7206;1.2845;1.1805;5.2111;-47.4960;352.4995;352.8174;253.8200;336.3418;0.0085;1.6738;LeftFalse_RightFalse;LeftFalse_RightFalse;HandLeft_(0.3, -0.7, -0.3)_(0.6, 0.3, -0.7, 0.0)_1.046027_System.String[];HandLeft_(-0.7, -0.3, -0.2)_(0.8, 0.3, -0.6, -0.1)_1.005502_System.String[];HandRight_(0.5, -0.8, -0.3)_(-0.2, -0.6, -0.5, 0.6)_1.046027_System.String[];HandRight_(-0.5, -0.3, -0.1)_(-0.2, -0.7, -0.5, 0.5)_1.005502_System.String[];20.4753;0.0509;0.0446;57.6542;-12.2784;0.8447;1.1778;5.6433;-47.7842;3.8826;345.4754;245.3634;18.7595;1.7124;357.2603
0.4859;0.0000;False;False;57.8116;-11.8899;-0.0155;-0.0041;5.6199;-47.9348;-0.0005;0.1263;253.8556;349.0258;0.0090;0.0610;-0.0023;-0.0016;0.0000;-0.1969;0.0115;-0.7335;192713;71.91123;Infinity;2659.99;57.7767;-11.7207;1.2844;1.1805;5.2033;-47.4956;352.4995;352.8176;253.8454;336.3422;0.0089;1.6737;LeftFalse_RightFalse;LeftFalse_RightFalse;HandLeft_(0.3, -0.7, -0.3)_(0.6, 0.3, -0.7, 0.0)_1.046027_System.String[];HandLeft_(-0.7, -0.3, -0.2)_(0.8, 0.3, -0.5, -0.1)_1.005502_System.String[];HandRight_(0.5, -0.8, -0.3)_(-0.2, -0.6, -0.5, 0.6)_1.046027_System.String[];HandRight_(-0.5, -0.3, -0.1)_(-0.2, -0.7, -0.5, 0.5)_1.005502_System.String[];20.5168;0.0521;0.0433;57.6252;-12.2830;0.8449;1.1772;5.6353;-47.7789;3.8261;346.2816;245.3841;13.8222;1.7390;357.7352
0.4936;0.0000;False;False;57.7798;-11.8900;-0.0156;-0.0041;5.6113;-47.9343;-0.0003;0.1263;253.8842;349.0269;0.0096;0.0610;-0.0026;-0.0017;0.0000;-0.2078;0.0131;-0.7767;192716;71.69266;Infinity;2660.04;57.7453;-11.7208;1.2844;1.1805;5.1949;-47.4951;352.4996;352.8176;253.8732;336.3429;0.0095;1.6737;LeftFalse_RightFalse;LeftFalse_RightFalse;HandLeft_(0.3, -0.7, -0.3)_(0.6, 0.3, -0.7, 0.0)_1.046027_System.String[];HandLeft_(-0.7, -0.3, -0.2)_(0.8, 0.4, -0.5, -0.1)_1.005502_System.String[];HandRight_(0.5, -0.8, -0.3)_(-0.2, -0.6, -0.5, 0.6)_1.046027_System.String[];HandRight_(-0.5, -0.3, -0.1)_(-0.2, -0.7, -0.5, 0.5)_1.005502_System.String[];20.5588;0.0533;0.0413;57.5942;-12.2872;0.8450;1.1770;5.6266;-47.7742;3.7895;346.9152;245.4095;9.6391;1.7815;358.1064
0.5010;0.0000;False;False;57.7460;-11.8901;-0.0157;-0.0041;5.6023;-47.9338;0.0002;0.1262;253.9152;349.0274;0.0101;0.0610;-0.0026;-0.0017;0.0000;-0.2187;0.0129;-0.8204;192719;71.65858;Infinity;2660.08;57.7119;-11.7209;1.2843;1.1805;5.1861;-47.4946;352.5000;352.8174;253.9034;336.3436;0.0100;1.6738;LeftFalse_RightFalse;LeftFalse_RightFalse;HandLeft_(0.3, -0.7, -0.3)_(0.6, 0.3, -0.7, 0.0)_1.046027_System.String[];HandLeft_(-0.7, -0.3, -0.2)_(0.8, 0.4, -0.5, -0.1)_1.005502_System.String[];HandRight_(0.5, -0.8, -0.3)_(-0.2, -0.6, -0.5, 0.6)_1.046027_System.String[];HandRight_(-0.5, -0.3, -0.1)_(-0.2, -0.7, -0.5, 0.5)_1.005502_System.String[];20.6008;0.0546;0.0383;57.5612;-12.2910;0.8451;1.1767;5.6175;-47.7699;3.7667;347.4236;245.4475;6.0515;1.8355;358.4362
0.5086;0.0000;False;False;57.7106;-11.8902;-0.0157;-0.0041;5.5929;-47.9332;0.0010;0.1263;253.9485;349.0281;0.0107;0.0610;-0.0026;-0.0018;0.0000;-0.2296;0.0129;-0.8647;192722;71.82159;Infinity;2660.12;57.6768;-11.7210;1.2842;1.1805;5.1768;-47.4940;352.5008;352.8174;253.9357;336.3438;0.0106;1.6738;LeftFalse_RightFalse;LeftFalse_RightFalse;HandLeft_(0.3, -0.7, -0.3)_(0.6, 0.3, -0.7, 0.0)_1.046027_System.String[];HandLeft_(-0.7, -0.3, -0.2)_(0.8, 0.4, -0.5, -0.1)_1.005502_System.String[];HandRight_(0.5, -0.8, -0.3)_(-0.2, -0.6, -0.5, 0.6)_1.046027_System.String[];HandRight_(-0.5, -0.3, -0.1)_(-0.2, -0.7, -0.5, 0.5)_1.005502_System.String[];20.6426;0.0560;0.0349;57.5264;-12.2938;0.8451;1.1752;5.6081;-47.7663;3.7508;347.9417;245.4978;3.3254;1.8781;358.6768
0.5158;0.0000;False;False;57.6732;-11.8903;-0.0158;-0.0041;5.5830;-47.9326;0.0021;0.1260;253.9845;349.0287;0.0113;0.0610;-0.0031;-0.0019;0.0000;-0.2459;0.0156;-0.9322;192725;71.90765;Infinity;2660.16;57.6398;-11.7211;1.2841;1.1805;5.1671;-47.4934;352.5018;352.8173;253.9708;336.3446;0.0112;1.6738;LeftFalse_RightFalse;LeftFalse_RightFalse;HandLeft_(0.3, -0.7, -0.3)_(0.6, 0.3, -0.7, -0.1)_1.046027_System.String[];HandLeft_(-0.7, -0.3, -0.2)_(0.8, 0.4, -0.5, -0.1)_1.005502_System.String[];HandRight_(0.5, -0.8, -0.3)_(-0.2, -0.6, -0.5, 0.6)_1.046027_System.String[];HandRight_(-0.5, -0.3, -0.1)_(-0.2, -0.7, -0.5, 0.5)_1.005502_System.String[];20.6841;0.0573;0.0317;57.4897;-12.2958;0.8450;1.1742;5.5983;-47.7632;3.7106;348.8030;245.5565;1.2186;1.9038;358.9451
0.5236;0.0000;False;False;57.6338;-11.8905;-0.0159;-0.0041;5.5727;-47.9319;0.0035;0.1261;254.0232;349.0276;0.0120;0.0610;-0.0030;-0.0020;0.0000;-0.2568;0.0147;-0.9779;192728;71.95715;Infinity;2660.20;57.6007;-11.7212;1.2840;1.1805;5.1569;-47.4928;352.5031;352.8172;254.0085;336.3443;0.0119;1.6738;LeftFalse_RightFalse;LeftFalse_RightFalse;HandLeft_(0.3, -0.7, -0.3)_(0.7, 0.3, -0.7, -0.1)_1.046027_System.String[];HandLeft_(-0.7, -0.3, -0.2)_(0.7, 0.4, -0.5, -0.1)_1.005502_System.String[];HandRight_(0.5, -0.8, -0.3)_(-0.2, -0.6, -0.5, 0.6)_1.046027_System.String[];HandRight_(-0.5, -0.3, -0.1)_(-0.2, -0.7, -0.5, 0.6)_1.005502_System.String[];20.7258;0.0587;0.0295;57.4511;-12.2974;0.8449;1.1736;5.5881;-47.7607;3.6469;349.6540;245.6166;359.6510;1.9176;359.0161
0.5321;0.0000;False;False;57.5924;-11.8906;-0.0160;-0.0041;5.5618;-47.9313;0.0052;0.1262;254.0649;349.0278;0.0127;0.0610;-0.0035;-0.0021;0.0000;-0.2677;0.0177;-1.0242;192731;71.93624;Infinity;2660.24;57.5597;-11.7213;1.2839;1.1805;5.1462;-47.4922;352.5046;352.8174;254.0490;336.3439;0.0126;1.6738;LeftFalse_RightFalse;LeftFalse_RightFalse;HandLeft_(0.3, -0.7, -0.3)_(0.7, 0.3, -0.7, -0.1)_1.046027_System.String[];HandLeft_(-0.7, -0.3, -0.2)_(0.7, 0.4, -0.5, -0.1)_1.005502_System.String[];HandRight_(0.5, -0.8, -0.3)_(-0.2, -0.6, -0.5, 0.5)_1.046027_System.String[];HandRight_(-0.5, -0.3, -0.1)_(-0.1, -0.7, -0.5, 0.6)_1.005502_System.String[];20.7676;0.0601;0.0278;57.4109;-12.2984;0.8448;1.1730;5.5772;-47.7583;3.5870;350.2113;245.6870;358.5487;1.9486;358.9279
0.5415;0.0000;False;False;57.5486;-11.8907;-0.0161;-0.0041;5.5504;-47.9306;0.0071;0.1263;254.1100;349.0283;0.0135;0.0609;-0.0032;-0.0022;0.0000;-0.2786;0.0159;-1.0714;192734;71.65751;Infinity;2660.29;57.5163;-11.7215;1.2838;1.1805;5.1350;-47.4915;352.5064;352.8174;254.0929;336.3444;0.0133;1.6738;LeftFalse_RightFalse;LeftFalse_RightFalse;HandLeft_(0.3, -0.7, -0.3)_(0.7, 0.3, -0.7, -0.1)_1.046027_System.String[];HandLeft_(-0.7, -0.3, -0.2)_(0.7, 0.4, -0.5, -0.1)_1.005502_System.String[];HandRight_(0.5, -0.8, -0.3)_(-0.2, -0.6, -0.5, 0.5)_1.046027_System.String[];HandRight_(-0.5, -0.3, -0.1)_(-0.1, -0.7, -0.5, 0.6)_1.005502_System.String[];20.8096;0.0616;0.0263;57.3681;-12.2989;0.8447;1.1709;5.5659;-47.7562;3.5388;350.9306;245.7688;357.7227;1.9871;358.7884
0.5515;0.0000;False;False;57.5027;-11.8909;-0.0162;-0.0041;5.5385;-47.9299;0.0091;0.1265;254.1585;349.0284;0.0143;0.0609;-0.0034;-0.0023;0.0000;-0.2895;0.0170;-1.1193;192737;71.50363;Infinity;2660.33;57.4708;-11.7216;1.2837;1.1805;5.1233;-47.4908;352.5085;352.8176;254.1402;336.3449;0.0141;1.6737;LeftFalse_RightFalse;LeftFalse_RightFalse;HandLeft_(0.3, -0.7, -0.3)_(0.7, 0.3, -0.7, -0.1)_1.046027_System.String[];HandLeft_(-0.7, -0.3, -0.2)_(0.7, 0.4, -0.5, -0.1)_1.005502_System.String[];HandRight_(0.5, -0.8, -0.3)_(-0.2, -0.6, -0.5, 0.5)_1.046027_System.String[];HandRight_(-0.5, -0.3, -0.1)_(-0.1, -0.7, -0.5, 0.6)_1.005502_System.String[];20.8516;0.0632;0.0259;57.3231;-12.2988;0.8446;1.1698;5.5542;-47.7544;3.5101;351.7966;245.8728;357.1574;2.0143;358.6511
0.5608;0.0012;False;False;57.4547;-11.8910;-0.0163;-0.0041;5.5261;-47.9293;0.0114;0.1267;254.2104;349.0282;0.0151;0.0609;-0.0034;-0.0024;0.0000;-0.3004;0.0169;-1.1680;192740;71.44797;Infinity;2660.37;57.4231;-11.7218;1.2836;1.1805;5.1111;-47.4901;352.5107;352.8178;254.1907;336.3447;0.0150;1.6737;LeftFalse_RightFalse;LeftFalse_RightFalse;HandLeft_(0.3, -0.7, -0.3)_(0.7, 0.3, -0.7, -0.1)_1.046027_System.String[];HandLeft_(-0.7, -0.3, -0.2)_(0.7, 0.4, -0.5, 0.0)_1.005502_System.String[];HandRight_(0.5, -0.8, -0.3)_(-0.2, -0.6, -0.5, 0.5)_1.046027_System.String[];HandRight_(-0.5, -0.3, -0.1)_(-0.1, -0.7, -0.5, 0.6)_1.005502_System.String[];20.8936;0.0649;0.0259;57.2759;-12.2983;0.8445;1.1698;5.5420;-47.7527;3.4862;352.2822;245.9961;356.7174;2.0390;358.4982
0.5691;0.0063;False;False;57.4050;-11.8912;-0.0164;-0.0041;5.5134;-47.9285;0.0137;0.1264;254.2656;349.0274;0.0157;0.0609;-0.0041;-0.0023;0.0000;-0.3110;0.0205;-1.2173;192743;71.71581;Infinity;2660.41;57.3736;-11.7219;1.2835;1.1805;5.0985;-47.4894;352.5129;352.8177;254.2446;336.3441;0.0157;1.6737;LeftFalse_RightFalse;LeftFalse_RightFalse;HandLeft_(0.3, -0.7, -0.3)_(0.7, 0.3, -0.7, -0.1)_1.046027_System.String[];HandLeft_(-0.7, -0.3, -0.2)_(0.7, 0.4, -0.5, -0.1)_1.005502_System.String[];HandRight_(0.5, -0.8, -0.3)_(-0.2, -0.6, -0.5, 0.5)_1.046027_System.String[];HandRight_(-0.5, -0.3, -0.1)_(-0.2, -0.7, -0.4, 0.6)_1.005502_System.String[];20.9353;0.0669;0.0259;57.2269;-12.2980;0.8445;1.1695;5.5295;-47.7510;3.4552;352.3466;246.1323;356.3373;2.0581;358.3681
0.5773;0.0137;False;False;57.3531;-11.8913;-0.0165;-0.0041;5.5002;-47.9276;0.0159;0.1263;254.3247;349.0276;0.0161;0.0610;-0.0041;-0.0024;-0.0001;-0.3216;0.0205;-1.2674;192746;71.8531;Infinity;2660.45;57.3220;-11.7221;1.2834;1.1805;5.0854;-47.4885;352.5152;352.8175;254.3023;336.3443;0.0161;1.6737;LeftFalse_RightFalse;LeftFalse_RightFalse;HandLeft_(0.3, -0.7, -0.3)_(0.7, 0.3, -0.7, -0.1)_1.046027_System.String[];HandLeft_(-0.7, -0.3, -0.2)_(0.7, 0.4, -0.5, -0.1)_1.005502_System.String[];HandRight_(0.5, -0.8, -0.3)_(-0.2, -0.6, -0.5, 0.5)_1.046027_System.String[];HandRight_(-0.5, -0.3, -0.1)_(-0.2, -0.7, -0.4, 0.6)_1.005502_System.String[];20.9771;0.0689;0.0257;57.1758;-12.2973;0.8447;1.1682;5.5166;-47.7498;3.4197;352.7170;246.2659;356.0689;2.0822;358.0888
0.5853;0.0244;False;False;57.2991;-11.8915;-0.0166;-0.0041;5.4865;-47.9267;0.0183;0.1261;254.3882;349.0281;0.0164;0.0610;-0.0043;-0.0024;-0.0001;-0.3322;0.0217;-1.3181;192749;71.92226;Infinity;2660.50;57.2681;-11.7223;1.2833;1.1805;5.0720;-47.4877;352.5175;352.8173;254.3643;336.3440;0.0165;1.6738;LeftFalse_RightFalse;LeftFalse_RightFalse;HandLeft_(0.3, -0.7, -0.3)_(0.7, 0.3, -0.7, -0.1)_1.046027_System.String[];HandLeft_(-0.7, -0.3, -0.2)_(0.7, 0.4, -0.5, -0.1)_1.005502_System.String[];HandRight_(0.5, -0.8, -0.3)_(-0.2, -0.6, -0.5, 0.5)_1.046027_System.String[];HandRight_(-0.5, -0.3, -0.1)_(-0.1, -0.7, -0.4, 0.6)_1.005502_System.String[];21.0186;0.0708;0.0257;57.1225;-12.2966;0.8448;1.1671;5.5033;-47.7489;3.3843;353.2842;246.3958;355.8814;2.1098;357.8051
0.5926;0.0355;False;False;57.2428;-11.8917;-0.0167;-0.0041;5.4724;-47.9256;0.0207;0.1255;254.4560;349.0298;0.0167;0.0610;-0.0054;-0.0025;-0.0001;-0.3426;0.0277;-1.3695;192752;71.92753;Infinity;2660.54;57.2120;-11.7224;1.2832;1.1805;5.0580;-47.4867;352.5199;352.8170;254.4307;336.3459;0.0168;1.6739;LeftFalse_RightFalse;LeftFalse_RightFalse;HandLeft_(0.3, -0.7, -0.3)_(0.7, 0.3, -0.7, -0.1)_1.046027_System.String[];HandLeft_(-0.7, -0.3, -0.2)_(0.7, 0.4, -0.5, -0.1)_1.005502_System.String[];HandRight_(0.5, -0.8, -0.3)_(-0.2, -0.6, -0.5, 0.5)_1.046027_System.String[];HandRight_(-0.5, -0.3, -0.1)_(-0.1, -0.7, -0.4, 0.6)_1.005502_System.String[];21.0603;0.0724;0.0257;57.0669;-12.2955;0.8449;1.1670;5.4894;-47.7481;3.3500;353.6822;246.5142;355.7165;2.1491;357.6194
0.5982;0.0504;False;False;57.1843;-11.8920;-0.0168;-0.0041;5.4578;-47.9244;0.0233;0.1250;254.5281;349.0302;0.0170;0.0610;-0.0060;-0.0026;-0.0001;-0.3530;0.0311;-1.4214;192755;71.96122;Infinity;2660.58;57.1536;-11.7227;1.2831;1.1805;5.0437;-47.4855;352.5225;352.8165;254.5014;336.3463;0.0171;1.6740;LeftFalse_RightFalse;LeftFalse_RightFalse;HandLeft_(0.3, -0.7, -0.3)_(0.7, 0.3, -0.7, -0.1)_1.046027_System.String[];HandLeft_(-0.7, -0.3, -0.2)_(0.7, 0.4, -0.5, 0.0)_1.005502_System.String[];HandRight_(0.5, -0.8, -0.3)_(-0.2, -0.6, -0.5, 0.5)_1.046027_System.String[];HandRight_(-0.5, -0.3, -0.1)_(-0.2, -0.7, -0.4, 0.6)_1.005502_System.String[];21.1021;0.0735;0.0257;57.0093;-12.2945;0.8448;1.1671;5.4749;-47.7471;3.3142;353.7656;246.6176;355.5962;2.1867;357.3833
0.6023;0.0669;False;False;57.1234;-11.8923;-0.0169;-0.0041;5.4428;-47.9230;0.0261;0.1240;254.6045;349.0296;0.0172;0.0611;-0.0071;-0.0027;-0.0001;-0.3634;0.0372;-1.4737;192758;71.91734;Infinity;2660.62;57.0930;-11.7229;1.2830;1.1805;5.0288;-47.4842;352.5252;352.8156;254.5764;336.3460;0.0173;1.6743;LeftFalse_RightFalse;LeftFalse_RightFalse;HandLeft_(0.3, -0.7, -0.3)_(0.7, 0.3, -0.7, -0.1)_1.046027_System.String[];HandLeft_(-0.7, -0.3, -0.2)_(0.7, 0.4, -0.5, 0.0)_1.005502_System.String[];HandRight_(0.5, -0.8, -0.3)_(-0.2, -0.6, -0.5, 0.5)_1.046027_System.String[];HandRight_(-0.5, -0.3, -0.1)_(-0.2, -0.7, -0.4, 0.6)_1.005502_System.String[];21.1438;0.0739;0.0257;56.9493;-12.2935;0.8448;1.1666;5.4601;-47.7459;3.2719;353.8484;246.7304;355.5580;2.2207;357.0285
0.6060;0.0811;False;False;57.0603;-11.8926;-0.0170;-0.0041;5.4273;-47.9212;0.0292;0.1229;254.6844;349.0306;0.0172;0.0611;-0.0090;-0.0028;-0.0001;-0.3793;0.0477;-1.5526;192761;71.95332;Infinity;2660.66;57.0299;-11.7232;1.2828;1.1805;5.0135;-47.4825;352.5281;352.8146;254.6552;336.3466;0.0174;1.6745;LeftFalse_RightFalse;LeftFalse_RightFalse;HandLeft_(0.3, -0.7, -0.3)_(0.7, 0.3, -0.7, -0.1)_1.046027_System.String[];HandLeft_(-0.7, -0.3, -0.2)_(0.7, 0.4, -0.5, -0.1)_1.005502_System.String[];HandRight_(0.5, -0.8, -0.3)_(-0.2, -0.6, -0.5, 0.5)_1.046027_System.String[];HandRight_(-0.5, -0.3, -0.1)_(-0.2, -0.7, -0.4, 0.6)_1.005502_System.String[];21.1855;0.0739;0.0257;56.8869;-12.2928;0.8447;1.1660;5.4449;-47.7443;3.2344;354.0498;246.8495;355.5607;2.2605;356.7658
0.6090;0.0921;False;False;56.9949;-11.8930;-0.0171;-0.0042;5.4114;-47.9191;0.0325;0.1216;254.7675;349.0323;0.0171;0.0612;-0.0106;-0.0029;-0.0002;-0.3899;0.0561;-1.6053;192764;71.98093;Infinity;2660.70;56.9647;-11.7236;1.2827;1.1805;4.9978;-47.4805;352.5313;352.8134;254.7373;336.3480;0.0173;1.6749;LeftFalse_RightFalse;LeftFalse_RightFalse;HandLeft_(0.3, -0.7, -0.3)_(0.7, 0.3, -0.7, -0.1)_1.046027_System.String[];HandLeft_(-0.7, -0.3, -0.2)_(0.7, 0.4, -0.5, -0.1)_1.005502_System.String[];HandRight_(0.5, -0.8, -0.3)_(-0.2, -0.6, -0.5, 0.5)_1.046027_System.String[];HandRight_(-0.5, -0.3, -0.1)_(-0.1, -0.7, -0.4, 0.6)_1.005502_System.String[];21.2271;0.0739;0.0257;56.8226;-12.2920;0.8445;1.1660;5.4294;-47.7421;3.2014;354.2934;246.9644;355.6031;2.2804;356.6336
0.6130;0.1009;False;False;56.9272;-11.8935;-0.0172;-0.0042;5.3950;-47.9166;0.0359;0.1204;254.8538;349.0346;0.0172;0.0612;-0.0124;-0.0028;-0.0002;-0.4003;0.0659;-1.6583;192767;71.92101;Infinity;2660.75;56.8971;-11.7240;1.2826;1.1805;4.9816;-47.4782;352.5348;352.8122;254.8224;336.3500;0.0172;1.6752;LeftFalse_RightFalse;LeftFalse_RightFalse;HandLeft_(0.3, -0.7, -0.3)_(0.7, 0.3, -0.7, -0.1)_1.046027_System.String[];HandLeft_(-0.7, -0.3, -0.2)_(0.7, 0.4, -0.5, -0.1)_1.005502_System.String[];HandRight_(0.5, -0.8, -0.3)_(-0.2, -0.6, -0.5, 0.5)_1.046027_System.String[];HandRight_(-0.5, -0.3, -0.1)_(-0.2, -0.7, -0.4, 0.6)_1.005502_System.String[];21.2688;0.0739;0.0257;56.7560;-12.2913;0.8444;1.1660;5.4134;-47.7395;3.1720;354.3279;247.0644;355.7247;2.2756;356.4034
0.6177;0.1128;False;False;56.8568;-11.8940;-0.0174;-0.0042;5.3780;-47.9137;0.0393;0.1190;254.9435;349.0354;0.0177;0.0612;-0.0142;-0.0028;-0.0002;-0.4106;0.0757;-1.7115;192770;71.77168;Infinity;2660.79;56.8266;-11.7245;1.2825;1.1805;4.9649;-47.4755;352.5381;352.8109;254.9112;336.3515;0.0177;1.6755;LeftFalse_RightFalse;LeftFalse_RightFalse;HandLeft_(0.3, -0.7, -0.3)_(0.7, 0.3, -0.7, -0.1)_1.046027_System.String[];HandLeft_(-0.7, -0.3, -0.2)_(0.7, 0.4, -0.5, -0.1)_1.005502_System.String[];HandRight_(0.5, -0.8, -0.3)_(-0.2, -0.6, -0.5, 0.5)_1.046027_System.String[];HandRight_(-0.5, -0.3, -0.1)_(-0.2, -0.7, -0.4, 0.6)_1.005502_System.String[];21.3108;0.0739;0.0257;56.6864;-12.2907;0.8442;1.1661;5.3969;-47.7363;3.1477;354.4193;247.1527;355.9106;2.2550;356.1978
0.6229;0.1308;False;False;56.7845;-11.8946;-0.0175;-0.0042;5.3607;-47.9104;0.0428;0.1175;255.0356;349.0361;0.0185;0.0612;-0.0162;-0.0028;-0.0003;-0.4208;0.0866;-1.7650;192773;71.8796;Infinity;2660.83;56.7544;-11.7251;1.2823;1.1805;4.9478;-47.4724;352.5416;352.8095;255.0021;336.3518;0.0184;1.6759;LeftFalse_RightFalse;LeftFalse_RightFalse;HandLeft_(0.3, -0.7, -0.3)_(0.7, 0.3, -0.7, -0.1)_1.046027_System.String[];HandLeft_(-0.7, -0.3, -0.2)_(0.7, 0.4, -0.5, -0.1)_1.005502_System.String[];HandRight_(0.5, -0.8, -0.3)_(-0.2, -0.6, -0.5, 0.5)_1.046027_System.String[];HandRight_(-0.5, -0.3, -0.1)_(-0.2, -0.7, -0.4, 0.6)_1.005502_System.String[];21.3525;0.0739;0.0257;56.6150;-12.2905;0.8441;1.1660;5.3800;-47.7325;3.1296;354.6011;247.2509;356.1028;2.2397;356.0685
0.6285;0.1539;False;False;56.7099;-11.8953;-0.0176;-0.0042;5.3430;-47.9065;0.0464;0.1160;255.1306;349.0378;0.0194;0.0613;-0.0185;-0.0029;-0.0003;-0.4308;0.0991;-1.8190;192776;71.93783;Infinity;2660.87;56.6798;-11.7258;1.2822;1.1805;4.9302;-47.4687;352.5452;352.8080;255.0960;336.3533;0.0192;1.6762;LeftFalse_RightFalse;LeftFalse_RightFalse;HandLeft_(0.3, -0.7, -0.3)_(0.7, 0.3, -0.7, -0.1)_1.046027_System.String[];HandLeft_(-0.7, -0.3, -0.2)_(0.7, 0.4, -0.5, -0.1)_1.005502_System.String[];HandRight_(0.5, -0.8, -0.3)_(-0.2, -0.6, -0.5, 0.5)_1.046027_System.String[];HandRight_(-0.5, -0.3, -0.1)_(-0.2, -0.7, -0.4, 0.6)_1.005502_System.String[];21.3940;0.0739;0.0257;56.5412;-12.2904;0.8440;1.1656;5.3627;-47.7283;3.0956;354.8271;247.3503;356.2829;2.2485;355.9981
0.6350;0.1753;False;False;56.6329;-11.8962;-0.0177;-0.0042;5.3248;-47.9020;0.0494;0.1140;255.2286;349.0400;0.0203;0.0614;-0.0219;-0.0016;-0.0003;-0.4406;0.1179;-1.8733;192779;71.96207;Infinity;2660.91;56.6029;-11.7265;1.2821;1.1805;4.9123;-47.4645;352.5489;352.8064;255.1929;336.3552;0.0202;1.6766;LeftFalse_RightFalse;LeftFalse_RightFalse;HandLeft_(0.3, -0.7, -0.3)_(0.7, 0.3, -0.7, -0.1)_1.046027_System.String[];HandLeft_(-0.7, -0.3, -0.2)_(0.7, 0.4, -0.5, -0.1)_1.005502_System.String[];HandRight_(0.5, -0.8, -0.3)_(-0.2, -0.6, -0.5, 0.5)_1.046027_System.String[];HandRight_(-0.5, -0.3, -0.1)_(-0.2, -0.7, -0.4, 0.6)_1.005502_System.String[];21.4358;0.0739;0.0257;56.4651;-12.2905;0.8441;1.1657;5.3450;-47.7233;3.0624;354.8811;247.4411;356.4463;2.2362;355.9224
0.6415;0.1927;False;False;56.5519;-11.8972;-0.0177;-0.0042;5.3059;-47.8966;0.0498;0.1115;255.3316;349.0435;0.0213;0.0615;-0.0247;-0.0007;-0.0004;-0.4501;0.1330;-1.9277;192782;71.32689;Infinity;2660.95;56.5221;-11.7275;1.2820;1.1805;4.8936;-47.4594;352.5499;352.8039;255.2946;336.3579;0.0212;1.6773;LeftFalse_RightFalse;LeftFalse_RightFalse;HandLeft_(0.3, -0.7, -0.3)_(0.7, 0.3, -0.7, -0.1)_1.046027_System.String[];HandLeft_(-0.7, -0.3, -0.2)_(0.7, 0.4, -0.5, -0.1)_1.005502_System.String[];HandRight_(0.5, -0.8, -0.3)_(-0.2, -0.6, -0.5, 0.5)_1.046027_System.String[];HandRight_(-0.5, -0.3, -0.1)_(-0.2, -0.7, -0.4, 0.6)_1.005502_System.String[];21.4783;0.0739;0.0257;56.3852;-12.2910;0.8443;1.1663;5.3266;-47.7173;3.0401;354.7296;247.5354;356.5872;2.2185;355.8900
0.6480;0.2065;False;False;56.4697;-11.8983;-0.0178;-0.0042;5.2868;-47.8905;0.0489;0.1091;255.4364;349.0461;0.0223;0.0615;-0.0283;-0.0002;-0.0004;-0.4595;0.1530;-1.9827;192785;71.47137;Infinity;2661.00;56.4397;-11.7285;1.2820;1.1805;4.8746;-47.4536;352.5493;352.8016;255.3985;336.3609;0.0221;1.6779;LeftFalse_RightFalse;LeftFalse_RightFalse;HandLeft_(0.3, -0.7, -0.3)_(0.7, 0.3, -0.7, -0.1)_1.046027_System.String[];HandLeft_(-0.7, -0.3, -0.2)_(0.7, 0.4, -0.5, -0.1)_1.005502_System.String[];HandRight_(0.5, -0.8, -0.3)_(-0.2, -0.6, -0.5, 0.5)_1.046027_System.String[];HandRight_(-0.5, -0.3, -0.1)_(-0.2, -0.7, -0.4, 0.6)_1.005502_System.String[];21.5203;0.0739;0.0257;56.3036;-12.2915;0.8445;1.1667;5.3079;-47.7107;3.0314;354.4441;247.6369;356.6857;2.2132;355.9534
0.6542;0.2198;False;False;56.3855;-11.8996;-0.0178;-0.0043;5.2674;-47.8836;0.0474;0.1066;255.5435;349.0486;0.0233;0.0616;-0.0319;0.0001;-0.0005;-0.4688;0.1726;-2.0383;192788;71.72967;Infinity;2661.04;56.3556;-11.7297;1.2820;1.1805;4.8555;-47.4471;352.5480;352.7992;255.5045;336.3633;0.0232;1.6786;LeftFalse_RightFalse;LeftFalse_RightFalse;HandLeft_(0.3, -0.7, -0.3)_(0.7, 0.3, -0.7, -0.1)_1.046027_System.String[];HandLeft_(-0.7, -0.3, -0.2)_(0.7, 0.4, -0.5, -0.1)_1.005502_System.String[];HandRight_(0.5, -0.8, -0.3)_(-0.2, -0.6, -0.5, 0.5)_1.046027_System.String[];HandRight_(-0.5, -0.3, -0.1)_(-0.2, -0.7, -0.4, 0.6)_1.005502_System.String[];21.5618;0.0739;0.0255;56.2203;-12.2924;0.8446;1.1669;5.2890;-47.7032;3.0481;354.2033;247.7619;356.8195;2.2108;355.9344
0.6590;0.2345;False;False;56.2988;-11.9010;-0.0177;-0.0043;5.2475;-47.8757;0.0454;0.1040;255.6538;349.0522;0.0243;0.0617;-0.0357;0.0003;-0.0005;-0.4779;0.1934;-2.0945;192791;71.82784;Infinity;2661.08;56.2690;-11.7311;1.2820;1.1805;4.8359;-47.4396;352.5461;352.7967;255.6135;336.3667;0.0242;1.6792;LeftFalse_RightFalse;LeftFalse_RightFalse;HandLeft_(0.3, -0.7, -0.3)_(0.7, 0.3, -0.7, -0.1)_1.046027_System.String[];HandLeft_(-0.7, -0.3, -0.2)_(0.7, 0.4, -0.5, -0.1)_1.005502_System.String[];HandRight_(0.5, -0.8, -0.3)_(-0.2, -0.6, -0.5, 0.5)_1.046027_System.String[];HandRight_(-0.5, -0.3, -0.1)_(-0.2, -0.7, -0.4, 0.6)_1.005502_System.String[];21.6035;0.0739;0.0251;56.1345;-12.2936;0.8447;1.1668;5.2697;-47.6952;3.0669;354.0567;247.8999;357.0160;2.2134;355.8803
0.6624;0.2470;False;False;56.2089;-11.9027;-0.0177;-0.0043;5.2272;-47.8670;0.0433;0.1018;255.7681;349.0563;0.0254;0.0617;-0.0416;0.0003;-0.0006;-0.4911;0.2253;-2.1793;192794;71.61848;Infinity;2661.12;56.1793;-11.7326;1.2820;1.1805;4.8158;-47.4312;352.5440;352.7945;255.7264;336.3705;0.0253;1.6798;LeftFalse_RightFalse;LeftFalse_RightFalse;HandLeft_(0.3, -0.7, -0.3)_(0.7, 0.3, -0.7, -0.1)_1.046027_System.String[];HandLeft_(-0.7, -0.3, -0.2)_(0.7, 0.4, -0.5, -0.1)_1.005502_System.String[];HandRight_(0.5, -0.8, -0.3)_(-0.2, -0.6, -0.5, 0.5)_1.046027_System.String[];HandRight_(-0.5, -0.3, -0.1)_(-0.2, -0.7, -0.4, 0.6)_1.005502_System.String[];21.6455;0.0739;0.0244;56.0457;-12.2951;0.8447;1.1668;5.2499;-47.6864;3.0562;353.9615;248.0213;357.1941;2.2170;355.9728
0.6650;0.2576;False;False;56.1173;-11.9045;-0.0177;-0.0043;5.2066;-47.8572;0.0412;0.0994;255.8846;349.0606;0.0266;0.0618;-0.0461;0.0003;-0.0007;-0.4996;0.2493;-2.2362;192797;71.79613;Infinity;2661.16;56.0876;-11.7343;1.2820;1.1805;4.7954;-47.4218;352.5419;352.7923;255.8420;336.3747;0.0264;1.6803;LeftFalse_RightFalse;LeftFalse_RightFalse;HandLeft_(0.3, -0.7, -0.3)_(0.7, 0.3, -0.7, -0.1)_1.046027_System.String[];HandLeft_(-0.7, -0.3, -0.2)_(0.7, 0.4, -0.5, -0.1)_1.005502_System.String[];HandRight_(0.5, -0.8, -0.3)_(-0.2, -0.6, -0.5, 0.5)_1.046027_System.String[];HandRight_(-0.5, -0.3, -0.1)_(-0.2, -0.7, -0.4, 0.6)_1.005502_System.String[];21.6873;0.0739;0.0237;55.9548;-12.2967;0.8448;1.1672;5.2297;-47.6768;3.0355;353.8564;248.1165;357.3477;2.2191;356.1363
0.6676;0.2703;False;False;56.0223;-11.9065;-0.0177;-0.0044;5.1854;-47.8464;0.0392;0.0971;256.0054;349.0653;0.0277;0.0618;-0.0506;0.0002;-0.0007;-0.5078;0.2735;-2.2932;192800;71.55419;Infinity;2661.21;55.9928;-11.7362;1.2820;1.1805;4.7745;-47.4114;352.5399;352.7899;255.9613;336.3792;0.0276;1.6809;LeftFalse_RightFalse;LeftFalse_RightFalse;HandLeft_(0.3, -0.7, -0.3)_(0.7, 0.3, -0.7, -0.1)_1.046027_System.String[];HandLeft_(-0.7, -0.3, -0.2)_(0.7, 0.4, -0.5, -0.1)_1.005502_System.String[];HandRight_(0.5, -0.8, -0.3)_(-0.2, -0.6, -0.5, 0.5)_1.046027_System.String[];HandRight_(-0.5, -0.3, -0.1)_(-0.2, -0.7, -0.4, 0.6)_1.005502_System.String[];21.7292;0.0739;0.0226;55.8609;-12.2986;0.8448;1.1681;5.2092;-47.6663;3.0049;353.5970;248.2071;357.4779;2.2178;356.1898
0.6709;0.2843;False;False;55.9249;-11.9087;-0.0177;-0.0044;5.1640;-47.8344;0.0374;0.0948;256.1291;349.0701;0.0289;0.0618;-0.0554;0.0002;-0.0008;-0.5157;0.2990;-2.3504;192803;71.47256;Infinity;2661.25;55.8955;-11.7383;1.2820;1.1805;4.7533;-47.3999;352.5380;352.7877;256.0837;336.3839;0.0288;1.6814;LeftFalse_RightFalse;LeftFalse_RightFalse;HandLeft_(0.3, -0.7, -0.3)_(0.7, 0.3, -0.7, -0.1)_1.046027_System.String[];HandLeft_(-0.7, -0.3, -0.2)_(0.7, 0.4, -0.5, -0.1)_1.005502_System.String[];HandRight_(0.5, -0.8, -0.3)_(-0.2, -0.6, -0.5, 0.5)_1.046027_System.String[];HandRight_(-0.5, -0.3, -0.1)_(-0.2, -0.7, -0.4, 0.6)_1.005502_System.String[];21.7715;0.0739;0.0208;55.7646;-12.3006;0.8449;1.1689;5.1882;-47.6548;2.9703;353.2122;248.3161;357.5685;2.2307;356.1263
0.6740;0.3002;False;False;55.8242;-11.9111;-0.0177;-0.0044;5.1420;-47.8212;0.0352;0.0926;256.2570;349.0752;0.0311;0.0618;-0.0605;-0.0009;-0.0009;-0.5234;0.3255;-2.4079;192806;71.18218;Infinity;2661.29;55.7947;-11.7406;1.2820;1.1804;4.7315;-47.3871;352.5362;352.7855;256.2104;336.3889;0.0300;1.6819;LeftFalse_RightFalse;LeftFalse_RightFalse;HandLeft_(0.3, -0.7, -0.3)_(0.7, 0.3, -0.7, -0.1)_1.046027_System.String[];HandLeft_(-0.7, -0.3, -0.2)_(0.7, 0.4, -0.5, -0.1)_1.005502_System.String[];HandRight_(0.5, -0.8, -0.3)_(-0.2, -0.6, -0.5, 0.5)_1.046027_System.String[];HandRight_(-0.5, -0.3, -0.1)_(-0.2, -0.7, -0.4, 0.6)_1.005502_System.String[];21.8137;0.0739;0.0185;55.6648;-12.3030;0.8449;1.1694;5.1668;-47.6420;2.9464;352.8317;248.4410;357.6573;2.2479;355.9965
0.6766;0.3179;False;False;55.7226;-11.9138;-0.0178;-0.0045;5.1200;-47.8070;0.0313;0.0904;256.3863;349.0800;0.0372;0.0617;-0.0660;-0.0018;-0.0009;-0.5311;0.3535;-2.4658;192809;71.57907;Infinity;2661.33;55.6929;-11.7431;1.2819;1.1804;4.7097;-47.3734;352.5328;352.7834;256.3381;336.3937;0.0352;1.6823;LeftFalse_RightFalse;LeftFalse_RightFalse;HandLeft_(0.3, -0.7, -0.3)_(0.7, 0.3, -0.7, -0.1)_1.046027_System.String[];HandLeft_(-0.7, -0.3, -0.2)_(0.7, 0.4, -0.5, -0.1)_1.005502_System.String[];HandRight_(0.5, -0.8, -0.3)_(-0.2, -0.6, -0.5, 0.5)_1.046027_System.String[];HandRight_(-0.5, -0.3, -0.1)_(-0.2, -0.7, -0.4, 0.6)_1.005502_System.String[];21.8555;0.0739;0.0157;55.5639;-12.3055;0.8449;1.1698;5.1452;-47.6282;2.9492;352.6595;248.5671;357.6971;2.2569;355.9636
0.6785;0.3336;False;False;55.6182;-11.9167;-0.0179;-0.0045;5.0977;-47.7916;0.0246;0.0881;256.5192;349.0845;0.0413;0.0616;-0.0719;-0.0039;-0.0010;-0.5382;0.3830;-2.5244;192812;71.64154;Infinity;2661.37;55.5888;-11.7459;1.2818;1.1804;4.6876;-47.3585;352.5272;352.7812;256.4689;336.3983;0.0406;1.6827;LeftFalse_RightFalse;LeftFalse_RightFalse;HandLeft_(0.3, -0.7, -0.3)_(0.7, 0.3, -0.7, -0.1)_1.046027_System.String[];HandLeft_(-0.7, -0.3, -0.2)_(0.7, 0.4, -0.5, -0.1)_1.005502_System.String[];HandRight_(0.5, -0.8, -0.3)_(-0.2, -0.6, -0.5, 0.5)_1.046027_System.String[];HandRight_(-0.5, -0.3, -0.1)_(-0.2, -0.7, -0.4, 0.6)_1.005502_System.String[];21.8972;0.0739;0.0127;55.4607;-12.3084;0.8448;1.1700;5.1235;-47.6129;2.9583;352.6315;248.6976;357.6495;2.2640;356.0217
0.6799;0.3483;False;False;55.5109;-11.9198;-0.0181;-0.0046;5.0750;-47.7747;0.0157;0.0858;256.6554;349.0886;0.0439;0.0614;-0.0780;-0.0050;-0.0011;-0.5449;0.4135;-2.5830;192815;71.66389;Infinity;2661.42;55.4813;-11.7489;1.2816;1.1804;4.6650;-47.3421;352.5189;352.7789;256.6042;336.4025;0.0435;1.6830;LeftFalse_RightFalse;LeftFalse_RightFalse;HandLeft_(0.3, -0.7, -0.3)_(0.7, 0.3, -0.7, -0.1)_1.046027_System.String[];HandLeft_(-0.7, -0.3, -0.2)_(0.7, 0.4, -0.5, 0.0)_1.005502_System.String[];HandRight_(0.5, -0.8, -0.3)_(-0.2, -0.6, -0.5, 0.5)_1.046027_System.String[];HandRight_(-0.5, -0.3, -0.1)_(-0.1, -0.7, -0.4, 0.6)_1.005502_System.String[];21.9390;0.0739;0.0101;55.3541;-12.3121;0.8446;1.1701;5.1012;-47.5965;2.9568;352.6046;248.8560;357.5185;2.2661;356.0982
0.6809;0.3626;False;False;55.4016;-11.9233;-0.0183;-0.0046;5.0521;-47.7566;0.0057;0.0835;256.7941;349.0921;0.0460;0.0612;-0.0844;-0.0057;-0.0011;-0.5511;0.4453;-2.6416;192818;71.82308;Infinity;2661.46;55.3721;-11.7522;1.2814;1.1803;4.6424;-47.3245;352.5092;352.7766;256.7415;336.4062;0.0457;1.6834;LeftFalse_RightFalse;LeftFalse_RightFalse;HandLeft_(0.3, -0.7, -0.3)_(0.7, 0.3, -0.7, -0.1)_1.046027_System.String[];HandLeft_(-0.7, -0.3, -0.2)_(0.7, 0.4, -0.5, 0.0)_1.005502_System.String[];HandRight_(0.5, -0.8, -0.3)_(-0.2, -0.6, -0.5, 0.5)_1.046027_System.String[];HandRight_(-0.5, -0.3, -0.1)_(-0.1, -0.7, -0.4, 0.6)_1.005502_System.String[];21.9807;0.0739;0.0080;55.2459;-12.3157;0.8445;1.1703;5.0789;-47.5789;2.9625;352.4768;249.0189;357.3796;2.2740;356.1678
0.6820;0.3755;False;False;55.2893;-11.9270;-0.0186;-0.0046;5.0289;-47.7370;-0.0051;0.0812;256.9365;349.0952;0.0480;0.0610;-0.0910;-0.0062;-0.0012;-0.5570;0.4784;-2.7002;192821;71.7546;Infinity;2661.50;55.2597;-11.7558;1.2812;1.1803;4.6194;-47.3054;352.4986;352.7743;256.8827;336.4094;0.0477;1.6837;LeftFalse_RightFalse;LeftFalse_RightFalse;HandLeft_(0.3, -0.7, -0.3)_(0.7, 0.3, -0.7, -0.1)_1.046027_System.String[];HandLeft_(-0.7, -0.3, -0.2)_(0.7, 0.4, -0.5, 0.0)_1.005502_System.String[];HandRight_(0.5, -0.8, -0.3)_(-0.2, -0.6, -0.5, 0.5)_1.046027_System.String[];HandRight_(-0.5, -0.3, -0.1)_(-0.1, -0.7, -0.4, 0.6)_1.005502_System.String[];22.0227;0.0739;0.0063;55.1346;-12.3198;0.8443;1.1707;5.0562;-47.5599;2.9653;352.3170;249.1468;357.2444;2.2947;356.2502
0.6835;0.3878;False;False;55.1749;-11.9310;-0.0188;-0.0047;5.0055;-47.7161;359.9837;0.0790;257.0814;349.0978;0.0497;0.0607;-0.1010;-0.0067;-0.0012;-0.5652;0.5296;-2.7881;192824;71.87439;Infinity;2661.54;55.1454;-11.7597;1.2810;1.1803;4.5963;-47.2850;352.4875;352.7720;257.0263;336.4121;0.0496;1.6840;LeftFalse_RightFalse;LeftFalse_RightFalse;HandLeft_(0.3, -0.7, -0.3)_(0.7, 0.3, -0.7, -0.1)_1.046027_System.String[];HandLeft_(-0.7, -0.3, -0.2)_(0.7, 0.4, -0.5, 0.0)_1.005502_System.String[];HandRight_(0.5, -0.8, -0.3)_(-0.2, -0.6, -0.5, 0.5)_1.046027_System.String[];HandRight_(-0.5, -0.3, -0.1)_(-0.1, -0.7, -0.4, 0.6)_1.005502_System.String[];22.0642;0.0739;0.0049;55.0213;-12.3242;0.8440;1.1708;5.0334;-47.5396;2.9608;352.1875;249.2351;357.1339;2.3116;356.3199
0.6846;0.3992;False;False;55.0580;-11.9353;-0.0191;-0.0047;4.9819;-47.6936;359.9723;0.0770;257.2295;349.0999;0.0515;0.0600;-0.1080;-0.0068;-0.0012;-0.5701;0.5649;-2.8467;192827;71.93708;Infinity;2661.58;55.0285;-11.7639;1.2807;1.1802;4.5730;-47.2630;352.4761;352.7699;257.1731;336.4144;0.0513;1.6838;LeftFalse_RightFalse;LeftFalse_RightFalse;HandLeft_(0.3, -0.7, -0.3)_(0.7, 0.3, -0.7, -0.1)_1.046027_System.String[];HandLeft_(-0.7, -0.3, -0.2)_(0.7, 0.5, -0.5, 0.0)_1.005502_System.String[];HandRight_(0.5, -0.8, -0.3)_(-0.2, -0.6, -0.5, 0.5)_1.046027_System.String[];HandRight_(-0.5, -0.3, -0.1)_(-0.1, -0.7, -0.4, 0.6)_1.005502_System.String[];22.1060;0.0739;0.0034;54.9054;-12.3290;0.8438;1.1709;5.0104;-47.5178;2.9588;352.0516;249.3396;357.0286;2.3182;356.3800
0.6854;0.4083;False;False;54.9376;-11.9399;-0.0194;-0.0048;4.9579;-47.6693;359.9606;0.0751;257.3817;349.1016;0.0532;0.0592;-0.1152;-0.0070;-0.0012;-0.5746;0.6010;-2.9053;192830;71.74403;Infinity;2661.62;54.9082;-11.7684;1.2804;1.1802;4.5492;-47.2394;352.4644;352.7679;257.3241;336.4162;0.0531;1.6835;LeftFalse_RightFalse;LeftFalse_RightFalse;HandLeft_(0.3, -0.7, -0.3)_(0.7, 0.3, -0.7, -0.1)_1.046027_System.String[];HandLeft_(-0.7, -0.3, -0.2)_(0.7, 0.5, -0.5, 0.0)_1.005502_System.String[];HandRight_(0.5, -0.8, -0.3)_(-0.2, -0.6, -0.5, 0.5)_1.046027_System.String[];HandRight_(-0.5, -0.3, -0.1)_(-0.1, -0.7, -0.4, 0.6)_1.005502_System.String[];22.1479;0.0739;0.0020;54.7862;-12.3341;0.8435;1.1710;4.9870;-47.4941;2.9530;351.8681;249.4813;356.9185;2.3197;356.4795
0.6859;0.4159;False;False;54.8156;-11.9449;-0.0197;-0.0049;4.9339;-47.6437;359.9489;0.0735;257.5361;349.1027;0.0550;0.0583;-0.1226;-0.0070;-0.0013;-0.5786;0.6378;-2.9638;192833;71.87012;Infinity;2661.67;54.7862;-11.7731;1.2802;1.1802;4.5255;-47.2143;352.4528;352.7660;257.4772;336.4176;0.0549;1.6831;LeftFalse_RightFalse;LeftFalse_RightFalse;HandLeft_(0.3, -0.7, -0.3)_(0.7, 0.3, -0.7, -0.1)_1.046027_System.String[];HandLeft_(-0.7, -0.3, -0.2)_(0.7, 0.5, -0.5, 0.0)_1.005502_System.String[];HandRight_(0.5, -0.8, -0.3)_(-0.2, -0.6, -0.5, 0.5)_1.046027_System.String[];HandRight_(-0.5, -0.3, -0.1)_(-0.1, -0.7, -0.4, 0.6)_1.005502_System.String[];22.1895;0.0739;0.0007;54.6652;-12.3394;0.8433;1.1714;4.9635;-47.4688;2.9378;351.6689;249.6479;356.7929;2.3098;356.6114
0.6864;0.4226;False;False;54.6910;-11.9501;-0.0200;-0.0049;4.9097;-47.6165;359.9373;0.0720;257.6935;349.1032;0.0567;0.0574;-0.1301;-0.0069;-0.0014;-0.5822;0.6750;-3.0223;192836;71.93531;Infinity;2661.71;54.6616;-11.7783;1.2799;1.1801;4.5016;-47.1877;352.4412;352.7642;257.6333;336.4184;0.0567;1.6825;LeftFalse_RightFalse;LeftFalse_RightFalse;HandLeft_(0.3, -0.7, -0.3)_(0.7, 0.3, -0.7, -0.1)_1.046027_System.String[];HandLeft_(-0.7, -0.3, -0.2)_(0.7, 0.5, -0.5, 0.0)_1.005502_System.String[];HandRight_(0.5, -0.8, -0.3)_(-0.2, -0.6, -0.5, 0.5)_1.046027_System.String[];HandRight_(-0.5, -0.3, -0.1)_(-0.1, -0.7, -0.4, 0.6)_1.005502_System.String[];22.2312;0.0739;-0.0010;54.5417;-12.3452;0.8430;1.1718;4.9399;-47.4419;2.9141;351.5833;249.8232;356.6524;2.2844;356.7244
0.6867;0.4326;False;False;54.5638;-11.9557;-0.0203;-0.0050;4.8853;-47.5876;359.9261;0.0706;257.8541;349.1030;0.0575;0.0563;-0.1378;-0.0068;-0.0014;-0.5853;0.7128;-3.0806;192839;71.93994;Infinity;2661.75;54.5343;-11.7837;1.2796;1.1801;4.4775;-47.1594;352.4298;352.7626;257.7927;336.4185;0.0578;1.6818;LeftFalse_RightFalse;LeftFalse_RightFalse;HandLeft_(0.3, -0.7, -0.3)_(0.7, 0.3, -0.7, -0.1)_1.046027_System.String[];HandLeft_(-0.7, -0.3, -0.2)_(0.7, 0.5, -0.5, 0.0)_1.005502_System.String[];HandRight_(0.5, -0.8, -0.3)_(-0.2, -0.6, -0.5, 0.5)_1.046027_System.String[];HandRight_(-0.5, -0.3, -0.1)_(-0.1, -0.7, -0.4, 0.6)_1.005502_System.String[];22.2729;0.0739;-0.0028;54.4156;-12.3511;0.8428;1.1720;4.9162;-47.4135;2.8933;351.5967;249.9984;356.4843;2.2563;356.8193
0.6869;0.4419;False;False;54.4342;-11.9616;-0.0206;-0.0050;4.8609;-47.5571;359.9166;0.0694;258.0175;349.1019;0.0563;0.0551;-0.1457;-0.0083;-0.0015;-0.5878;0.7513;-3.1390;192842;71.9705;Infinity;2661.79;54.4046;-11.7895;1.2794;1.1800;4.4534;-47.1294;352.4193;352.7612;257.9553;336.4179;0.0571;1.6809;LeftFalse_RightFalse;LeftFalse_RightFalse;HandLeft_(0.3, -0.7, -0.3)_(0.7, 0.3, -0.7, -0.1)_1.046027_System.String[];HandLeft_(-0.7, -0.3, -0.2)_(0.7, 0.5, -0.5, 0.0)_1.005502_System.String[];HandRight_(0.5, -0.8, -0.3)_(-0.2, -0.6, -0.5, 0.5)_1.046027_System.String[];HandRight_(-0.5, -0.3, -0.1)_(-0.1, -0.7, -0.3, 0.6)_1.005502_System.String[];22.3147;0.0739;-0.0044;54.2870;-12.3573;0.8425;1.1721;4.8924;-47.3832;2.8822;351.6496;250.1724;356.2958;2.2298;356.9292
0.6870;0.4501;False;False;54.3005;-11.9679;-0.0157;-0.0051;4.8378;-47.5249;359.6828;0.0683;258.1970;349.0999;0.4979;0.0539;-0.1538;0.1318;-0.0016;-0.6233;0.7905;-3.1818;192845;71.94538;Infinity;2661.83;54.2757;-11.7956;1.2807;1.1799;4.4247;-47.0979;352.2725;352.7598;258.0914;336.4163;0.3399;1.6800;LeftFalse_RightFalse;LeftFalse_RightFalse;HandLeft_(0.3, -0.7, -0.3)_(0.7, 0.3, -0.7, -0.1)_1.046027_System.String[];HandLeft_(-0.7, -0.3, -0.2)_(0.7, 0.5, -0.5, 0.0)_1.005502_System.String[];HandRight_(0.5, -0.8, -0.3)_(-0.2, -0.6, -0.5, 0.5)_1.046027_System.String[];HandRight_(-0.5, -0.3, -0.1)_(-0.1, -0.7, -0.3, 0.6)_1.005502_System.String[];22.3562;0.0739;-0.0057;54.1580;-12.3637;0.8461;1.1722;4.8659;-47.3513;2.7791;351.6472;250.3588;356.1305;2.5201;357.0282
0.6872;0.4572;False;False;54.1665;-11.9745;-0.0170;-0.0052;4.8121;-47.4910;359.7142;0.0673;258.3754;349.0969;0.3704;0.0526;-0.1620;-0.0600;-0.0016;-0.5887;0.8303;-3.2565;192848;71.99935;Infinity;2661.87;54.1427;-11.8021;1.2817;1.1799;4.3980;-47.0645;352.1856;352.7585;258.2582;336.4137;0.4457;1.6790;LeftFalse_RightFalse;LeftFalse_RightFalse;HandLeft_(0.3, -0.7, -0.3)_(0.7, 0.3, -0.7, -0.1)_1.046027_System.String[];HandLeft_(-0.7, -0.3, -0.2)_(0.7, 0.5, -0.5, 0.0)_1.005502_System.String[];HandRight_(0.5, -0.8, -0.3)_(-0.2, -0.6, -0.5, 0.5)_1.046027_System.String[];HandRight_(-0.5, -0.3, -0.1)_(-0.1, -0.7, -0.3, 0.6)_1.005502_System.String[];22.3979;0.0739;-0.0066;54.0256;-12.3705;0.8480;1.1723;4.8402;-47.3175;2.7074;351.6048;250.5112;355.9966;2.6559;357.1219
0.6873;0.4638;False;False;54.0295;-11.9814;-0.0163;-0.0052;4.7858;-47.4554;359.6643;0.0664;258.5454;349.0932;359.9790;0.0514;-0.1701;0.1305;-0.0017;-0.5548;0.8705;-3.3100;192851;71.99908;Infinity;2661.92;54.0033;-11.8089;1.2810;1.1798;4.3771;-47.0295;352.2497;352.7573;258.4623;336.4104;0.2325;1.6779;LeftFalse_RightFalse;LeftFalse_RightFalse;HandLeft_(0.3, -0.7, -0.3)_(0.7, 0.3, -0.7, -0.1)_1.046027_System.String[];HandLeft_(-0.7, -0.3, -0.2)_(0.7, 0.5, -0.5, 0.0)_1.005502_System.String[];HandRight_(0.5, -0.8, -0.3)_(-0.2, -0.6, -0.5, 0.5)_1.046027_System.String[];HandRight_(-0.5, -0.3, -0.1)_(-0.1, -0.7, -0.3, 0.6)_1.005502_System.String[];22.4397;0.0739;-0.0071;53.8883;-12.3776;0.8456;1.1723;4.8182;-47.2821;2.7461;351.5610;250.6255;355.9115;2.4387;357.1856
0.6873;0.4711;False;False;53.8889;-11.9888;-0.0122;-0.0053;4.7599;-47.4179;359.4697;0.0655;258.7098;349.0889;359.4615;0.0501;-0.1784;0.0823;-0.0018;-0.5373;0.9113;-3.3759;192854;71.91148;Infinity;2661.96;53.8650;-11.8161;1.2906;1.1797;4.3655;-46.9926;352.0252;352.7562;258.7063;336.4064;359.5962;1.6769;LeftFalse_RightFalse;LeftFalse_RightFalse;HandLeft_(0.3, -0.7, -0.3)_(0.7, 0.3, -0.7, -0.1)_1.046027_System.String[];HandLeft_(-0.7, -0.3, -0.2)_(0.7, 0.5, -0.5, 0.0)_1.005502_System.String[];HandRight_(0.5, -0.8, -0.3)_(-0.2, -0.6, -0.5, 0.5)_1.046027_System.String[];HandRight_(-0.5, -0.3, -0.1)_(-0.1, -0.7, -0.3, 0.6)_1.005502_System.String[];22.4814;0.0739;-0.0071;53.7504;-12.3849;0.8503;1.1723;4.8018;-47.2451;2.4496;351.5355;250.7133;355.8585;1.8613;357.2073
0.6874;0.4783;False;False;53.7460;-11.9965;-0.0161;-0.0054;4.7374;-47.3784;359.6243;0.0648;258.8813;349.0843;359.7116;0.0488;-0.1866;-0.0926;-0.0019;-0.5883;0.9527;-3.4308;192857;71.63745;Infinity;2662.00;53.7204;-11.8238;1.2889;1.1797;4.3416;-46.9537;352.0713;352.7552;258.8726;336.4020;359.6251;1.6758;LeftFalse_RightFalse;LeftFalse_RightFalse;HandLeft_(0.3, -0.7, -0.3)_(0.7, 0.3, -0.7, -0.1)_1.046027_System.String[];HandLeft_(-0.7, -0.3, -0.2)_(0.7, 0.5, -0.5, 0.0)_1.005502_System.String[];HandRight_(0.5, -0.8, -0.3)_(-0.2, -0.6, -0.5, 0.5)_1.046027_System.String[];HandRight_(-0.5, -0.3, -0.1)_(-0.1, -0.7, -0.3, 0.6)_1.005502_System.String[];22.5234;0.0739;-0.0071;53.6075;-12.3926;0.8488;1.1723;4.7786;-47.2061;2.4944;351.5288;250.8649;355.8385;1.8910;357.1867
0.6874;0.4842;False;False;53.6000;-12.0047;-0.0190;-0.0055;4.7131;-47.3368;359.7453;0.0642;259.0595;349.0793;359.8727;0.0476;-0.1990;-0.0524;-0.0020;-0.6049;1.0156;-3.5125;192860;71.41538;Infinity;2662.04;53.5718;-11.8318;1.2838;1.1796;4.3130;-46.9128;352.2095;352.7542;259.0225;336.3973;359.8263;1.6747;LeftFalse_RightFalse;LeftFalse_RightFalse;HandLeft_(0.3, -0.7, -0.3)_(0.7, 0.3, -0.7, -0.1)_1.046027_System.String[];HandLeft_(-0.7, -0.3, -0.2)_(0.7, 0.5, -0.5, 0.0)_1.005502_System.String[];HandRight_(0.5, -0.8, -0.3)_(-0.2, -0.6, -0.5, 0.5)_1.046027_System.String[];HandRight_(-0.5, -0.3, -0.1)_(-0.1, -0.7, -0.3, 0.6)_1.005502_System.String[];22.5657;0.0739;-0.0071;53.4609;-12.4008;0.8453;1.1723;4.7520;-47.1648;2.6395;351.4570;251.0484;355.8703;2.0649;357.1462
0.6874;0.4884;False;False;53.4521;-12.0132;-0.0210;-0.0055;4.6884;-47.2936;359.8263;0.0636;259.2427;349.0742;359.9616;0.0463;-0.2074;-0.0351;-0.0021;-0.6037;1.0579;-3.5688;192863;71.42728;Infinity;2662.08;53.4220;-11.8402;1.2806;1.1795;4.2858;-46.8702;352.3024;352.7534;259.1894;336.3923;359.9361;1.6736;LeftFalse_RightFalse;LeftFalse_RightFalse;HandLeft_(0.3, -0.7, -0.3)_(0.7, 0.3, -0.7, -0.1)_1.046027_System.String[];HandLeft_(-0.7, -0.3, -0.2)_(0.7, 0.5, -0.5, 0.0)_1.005502_System.String[];HandRight_(0.5, -0.8, -0.3)_(-0.2, -0.6, -0.5, 0.5)_1.046027_System.String[];HandRight_(-0.5, -0.3, -0.1)_(-0.1, -0.7, -0.3, 0.6)_1.005502_System.String[];22.6077;0.0739;-0.0071;53.3131;-12.4093;0.8428;1.1722;4.7262;-47.1220;2.7214;351.3332;251.2405;355.9627;2.1477;357.0807
0.6874;0.4934;False;False;53.3016;-12.0220;-0.0222;-0.0056;4.6634;-47.2485;359.8796;0.0632;259.4305;349.0688;0.0117;0.0449;-0.2158;-0.0227;-0.0022;-0.5998;1.1005;-3.6252;192866;71.41998;Infinity;2662.13;53.2697;-11.8489;1.2785;1.1794;4.2595;-46.8257;352.3642;352.7526;259.3678;336.3872;-0.0020;1.6724;LeftFalse_RightFalse;LeftFalse_RightFalse;HandLeft_(0.3, -0.7, -0.3)_(0.7, 0.3, -0.7, -0.1)_1.046027_System.String[];HandLeft_(-0.7, -0.3, -0.2)_(0.7, 0.5, -0.5, 0.0)_1.005502_System.String[];HandRight_(0.5, -0.8, -0.3)_(-0.2, -0.6, -0.5, 0.5)_1.046027_System.String[];HandRight_(-0.5, -0.3, -0.1)_(-0.2, -0.7, -0.3, 0.6)_1.005502_System.String[];22.6497;0.0739;-0.0071;53.1630;-12.4181;0.8412;1.1722;4.7008;-47.0773;2.7676;351.1776;251.4366;356.1193;2.1917;356.9840
0.6874;0.4977;False;False;53.1497;-12.0312;-0.0230;-0.0057;4.6387;-47.2019;359.9137;0.0628;259.6205;349.0632;0.0395;0.0435;-0.2243;-0.0144;-0.0022;-0.5951;1.1434;-3.6817;192869;71.70756;Infinity;2662.17;53.1163;-11.8580;1.2772;1.1793;4.2341;-46.7796;352.4040;352.7520;259.5525;336.3819;0.0322;1.6711;LeftFalse_RightFalse;LeftFalse_RightFalse;HandLeft_(0.3, -0.7, -0.3)_(0.7, 0.3, -0.7, -0.1)_1.046027_System.String[];HandLeft_(-0.7, -0.3, -0.2)_(0.7, 0.5, -0.5, 0.0)_1.005502_System.String[];HandRight_(0.5, -0.8, -0.3)_(-0.2, -0.6, -0.5, 0.5)_1.046027_System.String[];HandRight_(-0.5, -0.3, -0.1)_(-0.2, -0.7, -0.3, 0.6)_1.005502_System.String[];22.6912;0.0739;-0.0071;53.0115;-12.4272;0.8401;1.1721;4.6761;-47.0311;2.7741;351.0280;251.6212;356.2619;2.2082;356.8961
0.6875;0.5033;False;False;52.9953;-12.0407;-0.0235;-0.0058;4.6141;-47.1534;359.9350;0.0629;259.8137;349.0575;0.0554;0.0426;-0.2329;-0.0086;-0.0020;-0.5903;1.1863;-3.7379;192872;71.8322;Infinity;2662.21;52.9609;-11.8674;1.2765;1.1792;4.2092;-46.7317;352.4291;352.7516;259.7422;336.3763;0.0515;1.6700;LeftFalse_RightFalse;LeftFalse_RightFalse;HandLeft_(0.3, -0.7, -0.3)_(0.7, 0.3, -0.7, -0.1)_1.046027_System.String[];HandLeft_(-0.7, -0.3, -0.2)_(0.7, 0.5, -0.5, 0.0)_1.005502_System.String[];HandRight_(0.5, -0.8, -0.3)_(-0.2, -0.6, -0.5, 0.5)_1.046027_System.String[];HandRight_(-0.5, -0.3, -0.1)_(-0.2, -0.7, -0.3, 0.6)_1.005502_System.String[];22.7329;0.0739;-0.0071;52.8579;-12.4367;0.8395;1.1723;4.6518;-46.9833;2.7607;350.8855;251.7978;356.3587;2.2063;356.8293
0.6875;0.5092;False;False;52.8357;-12.0507;-0.0238;-0.0059;4.5893;-47.1022;359.9478;0.0633;260.0135;349.0514;0.0651;0.0426;-0.2416;-0.0049;-0.0023;-0.5854;1.2297;-3.7938;192875;71.2721;Infinity;2662.25;52.8018;-11.8773;1.2760;1.1791;4.1845;-46.6816;352.4443;352.7518;259.9376;336.3704;0.0630;1.6694;LeftFalse_RightFalse;LeftFalse_RightFalse;HandLeft_(0.3, -0.7, -0.3)_(0.7, 0.3, -0.7, -0.1)_1.046027_System.String[];HandLeft_(-0.7, -0.3, -0.2)_(0.7, 0.5, -0.5, 0.0)_1.005502_System.String[];HandRight_(0.5, -0.8, -0.3)_(-0.2, -0.6, -0.5, 0.5)_1.046027_System.String[];HandRight_(-0.5, -0.3, -0.1)_(-0.1, -0.7, -0.3, 0.6)_1.005502_System.String[];22.7754;0.0739;-0.0071;52.7005;-12.4467;0.8391;1.1726;4.6276;-46.9336;2.7512;350.7287;251.9708;356.4030;2.2101;356.7982
0.6875;0.5155;False;False;52.6764;-12.0610;-0.0239;-0.0060;4.5651;-47.0499;359.9545;0.0632;260.2129;349.0454;0.0718;0.0436;-0.2505;-0.0019;-0.0027;-0.5805;1.2738;-3.8496;192878;71.62484;Infinity;2662.29;52.6403;-11.8876;1.2757;1.1790;4.1601;-46.6295;352.4531;352.7522;260.1369;336.3643;0.0699;1.6704;LeftFalse_RightFalse;LeftFalse_RightFalse;HandLeft_(0.3, -0.7, -0.3)_(0.7, 0.3, -0.7, -0.1)_1.046027_System.String[];HandLeft_(-0.7, -0.3, -0.2)_(0.7, 0.5, -0.5, 0.0)_1.005502_System.String[];HandRight_(0.5, -0.8, -0.3)_(-0.2, -0.6, -0.5, 0.5)_1.046027_System.String[];HandRight_(-0.5, -0.3, -0.1)_(-0.1, -0.7, -0.3, 0.6)_1.005502_System.String[];22.8169;0.0739;-0.0070;52.5406;-12.4571;0.8389;1.1731;4.6040;-46.8820;2.7528;350.5457;252.1554;356.4105;2.2000;356.7910
0.6879;0.5219;False;False;52.5146;-12.0717;-0.0240;-0.0061;4.5411;-46.9958;359.9565;0.0624;260.4153;349.0392;0.0791;0.0441;-0.2593;-0.0001;-0.0032;-0.5755;1.3184;-3.9049;192881;71.81249;Infinity;2662.34;52.4778;-11.8981;1.2756;1.1789;4.1362;-46.5759;352.4563;352.7517;260.3373;336.3580;0.0774;1.6711;LeftFalse_RightFalse;LeftFalse_RightFalse;HandLeft_(0.3, -0.7, -0.3)_(0.7, 0.3, -0.7, -0.1)_1.046027_System.String[];HandLeft_(-0.7, -0.3, -0.2)_(0.7, 0.5, -0.5, 0.0)_1.005502_System.String[];HandRight_(0.5, -0.8, -0.3)_(-0.2, -0.6, -0.5, 0.5)_1.046027_System.String[];HandRight_(-0.5, -0.3, -0.1)_(-0.2, -0.7, -0.3, 0.6)_1.005502_System.String[];22.8586;0.0739;-0.0067;52.3797;-12.4678;0.8388;1.1733;4.5806;-46.8287;2.7466;350.3951;252.3537;356.4224;2.1832;356.7934
0.6888;0.5273;False;False;52.3503;-12.0827;-0.0239;-0.0063;4.5172;-46.9395;359.9545;0.0611;260.6208;349.0328;0.0828;0.0444;-0.2682;0.0019;-0.0035;-0.5700;1.3635;-3.9601;192884;71.86059;Infinity;2662.38;52.3128;-11.9091;1.2756;1.1788;4.1125;-46.5204;352.4556;352.7507;260.5413;336.3516;0.0826;1.6717;LeftFalse_RightFalse;LeftFalse_RightFalse;HandLeft_(0.3, -0.7, -0.3)_(0.7, 0.3, -0.7, -0.1)_1.046027_System.String[];HandLeft_(-0.7, -0.3, -0.2)_(0.7, 0.5, -0.5, 0.0)_1.005502_System.String[];HandRight_(0.5, -0.8, -0.3)_(-0.2, -0.6, -0.5, 0.5)_1.046027_System.String[];HandRight_(-0.5, -0.3, -0.1)_(-0.2, -0.7, -0.3, 0.6)_1.005502_System.String[];22.9004;0.0739;-0.0063;52.2162;-12.4787;0.8388;1.1734;4.5575;-46.7737;2.7391;350.3170;252.5682;356.4755;2.1649;356.7995
0.6906;0.5323;False;False;52.1832;-12.0942;-0.0238;-0.0064;4.4936;-46.8813;359.9503;0.0595;260.8295;349.0266;0.0849;0.0447;-0.2771;0.0027;-0.0038;-0.5640;1.4089;-4.0151;192887;71.86449;Infinity;2662.42;52.1451;-11.9205;1.2757;1.1786;4.0891;-46.4628;352.4519;352.7493;260.7487;336.3452;0.0850;1.6723;LeftFalse_RightFalse;LeftFalse_RightFalse;HandLeft_(0.3, -0.7, -0.3)_(0.7, 0.3, -0.7, -0.1)_1.046027_System.String[];HandLeft_(-0.7, -0.3, -0.2)_(0.7, 0.5, -0.5, 0.0)_1.005502_System.String[];HandRight_(0.5, -0.8, -0.3)_(-0.2, -0.6, -0.5, 0.5)_1.046027_System.String[];HandRight_(-0.5, -0.3, -0.1)_(-0.2, -0.7, -0.3, 0.6)_1.005502_System.String[];22.9421;0.0739;-0.0057;52.0501;-12.4900;0.8390;1.1734;4.5345;-46.7164;2.7149;350.2906;252.7917;356.6104;2.1427;356.7918
0.6919;0.5366;False;False;52.0142;-12.1060;-0.0237;-0.0066;4.4703;-46.8212;359.9451;0.0578;261.0404;349.0206;0.0863;0.0449;-0.2859;0.0030;-0.0040;-0.5576;1.4547;-4.0702;192890;71.92995;Infinity;2662.46;51.9755;-11.9322;1.2758;1.1785;4.0660;-46.4033;352.4469;352.7477;260.9585;336.3391;0.0866;1.6730;LeftFalse_RightFalse;LeftFalse_RightFalse;HandLeft_(0.3, -0.7, -0.3)_(0.7, 0.3, -0.7, -0.1)_1.046027_System.String[];HandLeft_(-0.7, -0.3, -0.2)_(0.7, 0.5, -0.5, 0.0)_1.005502_System.String[];HandRight_(0.5, -0.8, -0.3)_(-0.2, -0.6, -0.5, 0.5)_1.046027_System.String[];HandRight_(-0.5, -0.3, -0.1)_(-0.2, -0.7, -0.3, 0.6)_1.005502_System.String[];22.9839;0.0739;-0.0051;51.8822;-12.5016;0.8391;1.1733;4.5119;-46.6573;2.6832;350.2722;253.0143;356.8894;2.1237;356.7881
0.6938;0.5412;False;False;51.8428;-12.1182;-0.0236;-0.0068;4.4473;-46.7591;359.9395;0.0559;261.2541;349.0151;0.0874;0.0452;-0.2992;0.0030;-0.0043;-0.5471;1.5239;-4.1528;192893;71.97048;Infinity;2662.50;51.8034;-11.9444;1.2760;1.1783;4.0432;-46.3419;352.4414;352.7460;261.1712;336.3333;0.0878;1.6736;LeftFalse_RightFalse;LeftFalse_RightFalse;HandLeft_(0.3, -0.7, -0.3)_(0.7, 0.3, -0.7, -0.1)_1.046027_System.String[];HandLeft_(-0.7, -0.3, -0.2)_(0.7, 0.5, -0.5, 0.0)_1.005502_System.String[];HandRight_(0.5, -0.8, -0.3)_(-0.2, -0.6, -0.5, 0.5)_1.046027_System.String[];HandRight_(-0.5, -0.3, -0.1)_(-0.2, -0.7, -0.3, 0.6)_1.005502_System.String[];23.0254;0.0739;-0.0046;51.7121;-12.5137;0.8393;1.1732;4.4895;-46.5961;2.6473;350.2829;253.2353;357.2404;2.1118;356.7986
0.6953;0.5466;False;False;51.6690;-12.1308;-0.0234;-0.0069;4.4246;-46.6949;359.9338;0.0540;261.4707;349.0099;0.0886;0.0454;-0.3082;0.0010;-0.0044;-0.5396;1.5703;-4.2080;192896;71.98127;Infinity;2662.54;51.6291;-11.9568;1.2761;1.1782;4.0208;-46.2785;352.4359;352.7442;261.3867;336.3279;0.0889;1.6742;LeftFalse_RightFalse;LeftFalse_RightFalse;HandLeft_(0.3, -0.7, -0.3)_(0.7, 0.3, -0.7, -0.1)_1.046027_System.String[];HandLeft_(-0.7, -0.3, -0.2)_(0.7, 0.5, -0.5, 0.0)_1.005502_System.String[];HandRight_(0.5, -0.8, -0.3)_(-0.2, -0.6, -0.5, 0.5)_1.046027_System.String[];HandRight_(-0.5, -0.3, -0.1)_(-0.2, -0.7, -0.3, 0.6)_1.005502_System.String[];23.0671;0.0739;-0.0042;51.5396;-12.5262;0.8397;1.1731;4.4675;-46.5328;2.6053;350.3040;253.4477;357.6756;2.1039;356.8329
0.6974;0.5527;False;False;51.4927;-12.1438;-0.0191;-0.0071;4.4039;-46.6285;0.0940;0.0521;261.6925;349.0050;0.4517;0.0455;-0.3173;0.1486;-0.0045;-0.5647;1.6172;-4.2586;192899;71.79594;Infinity;2662.59;51.4511;-11.9698;1.2768;1.1780;3.9955;-46.2129;352.5058;352.7424;261.5836;336.3229;0.2612;1.6748;LeftFalse_RightFalse;LeftFalse_RightFalse;HandLeft_(0.3, -0.7, -0.3)_(0.7, 0.3, -0.7, -0.1)_1.046027_System.String[];HandLeft_(-0.7, -0.3, -0.2)_(0.7, 0.5, -0.5, 0.0)_1.005502_System.String[];HandRight_(0.5, -0.8, -0.3)_(-0.2, -0.6, -0.5, 0.5)_1.046027_System.String[];HandRight_(-0.5, -0.3, -0.1)_(-0.2, -0.7, -0.3, 0.6)_1.005502_System.String[];23.1091;0.0739;-0.0040;51.3639;-12.5390;0.8419;1.1729;4.4439;-46.4674;2.6590;350.2959;253.6562;358.1147;2.2561;356.8720
0.6979;0.5597;False;False;51.3145;-12.1572;-0.0171;-0.0073;4.3805;-46.5602;0.1596;0.0502;261.9113;349.0003;0.3378;0.0456;-0.3266;0.1307;-0.0046;-0.5052;1.6645;-4.3165;192902;71.8535;Infinity;2662.63;51.2695;-11.9831;1.2783;1.1778;3.9679;-46.1452;352.6437;352.7405;261.7695;336.3181;0.5320;1.6753;LeftFalse_RightFalse;LeftFalse_RightFalse;HandLeft_(0.3, -0.7, -0.3)_(0.7, 0.3, -0.7, -0.1)_1.046027_System.String[];HandLeft_(-0.7, -0.3, -0.2)_(0.7, 0.5, -0.5, 0.0)_1.005502_System.String[];HandRight_(0.5, -0.8, -0.3)_(-0.2, -0.6, -0.5, 0.5)_1.046027_System.String[];HandRight_(-0.5, -0.3, -0.1)_(-0.2, -0.7, -0.3, 0.6)_1.005502_System.String[];23.1509;0.0739;-0.0040;51.1848;-12.5523;0.8457;1.1727;4.4189;-46.4001;2.7935;350.2417;253.8729;358.5340;2.4962;356.9095
0.6983;0.5665;False;False;51.1332;-12.1711;-0.0141;-0.0075;4.3568;-46.4893;0.2694;0.0482;262.1396;348.9956;359.8062;0.0454;-0.3360;-0.0949;-0.0045;-0.4902;1.7123;-4.3743;192905;71.63609;Infinity;2662.67;51.0830;-11.9968;1.2864;1.1777;3.9581;-46.0753;352.7834;352.7387;262.0815;336.3134;359.8439;1.6758;LeftFalse_RightFalse;LeftFalse_RightFalse;HandLeft_(0.3, -0.7, -0.3)_(0.7, 0.3, -0.7, -0.1)_1.046027_System.String[];HandLeft_(-0.7, -0.3, -0.2)_(0.7, 0.5, -0.5, 0.0)_1.005502_System.String[];HandRight_(0.5, -0.8, -0.3)_(-0.2, -0.6, -0.5, 0.5)_1.046027_System.String[];HandRight_(-0.5, -0.3, -0.1)_(-0.2, -0.7, -0.3, 0.6)_1.005502_System.String[];23.1929;0.0739;-0.0040;51.0020;-12.5662;0.8484;1.1725;4.4045;-46.3306;2.8048;350.1320;254.0605;358.8652;1.7926;356.9322
0.6985;0.5736;False;False;50.9475;-12.1854;-0.0176;-0.0077;4.3367;-46.4164;0.1271;0.0455;262.3781;348.9908;359.9429;0.0439;-0.3454;-0.0703;-0.0044;-0.4965;1.7605;-4.4280;192908;71.54169;Infinity;2662.71;50.8994;-12.0110;1.2836;1.1775;3.9372;-46.0031;352.6695;352.7360;262.3109;336.3087;359.9065;1.6752;LeftFalse_RightFalse;LeftFalse_RightFalse;HandLeft_(0.3, -0.7, -0.3)_(0.7, 0.3, -0.7, -0.1)_1.046027_System.String[];HandLeft_(-0.7, -0.3, -0.2)_(0.7, 0.5, -0.5, 0.0)_1.005502_System.String[];HandRight_(0.5, -0.8, -0.3)_(-0.2, -0.6, -0.5, 0.5)_1.046027_System.String[];HandRight_(-0.5, -0.3, -0.1)_(-0.2, -0.7, -0.3, 0.6)_1.005502_System.String[];23.2349;0.0739;-0.0040;50.8192;-12.5804;0.8461;1.1722;4.3846;-46.2591;2.6645;350.0070;254.3082;359.1258;1.8584;356.9486
0.6987;0.5801;False;False;50.7599;-12.2001;-0.0201;-0.0079;4.3164;-46.3415;0.0224;0.0425;262.6154;348.9858;0.0171;0.0421;-0.3551;-0.0513;-0.0044;-0.4921;1.8094;-4.4825;192911;71.57262;Infinity;2662.75;50.7132;-12.0256;1.2805;1.1773;3.9155;-45.9287;352.5529;352.7328;262.5371;336.3039;-0.0021;1.6742;LeftFalse_RightFalse;LeftFalse_RightFalse;HandLeft_(0.3, -0.7, -0.3)_(0.7, 0.3, -0.7, -0.1)_1.046027_System.String[];HandLeft_(-0.7, -0.3, -0.2)_(0.7, 0.5, -0.5, 0.0)_1.005502_System.String[];HandRight_(0.5, -0.8, -0.3)_(-0.2, -0.6, -0.5, 0.5)_1.046027_System.String[];HandRight_(-0.5, -0.3, -0.1)_(-0.2, -0.7, -0.3, 0.6)_1.005502_System.String[];23.2766;0.0739;-0.0040;50.6339;-12.5950;0.8439;1.1721;4.3641;-46.1852;2.5180;349.9014;254.5554;359.3021;1.9451;356.9589
0.6988;0.5863;False;False;50.5698;-12.2153;-0.0218;-0.0081;4.2961;-46.2643;359.9462;0.0394;262.8532;348.9807;0.0586;0.0401;-0.3648;-0.0363;-0.0045;-0.4828;1.8586;-4.5372;192914;71.52571;Infinity;2662.80;50.5245;-12.0406;1.2784;1.1771;3.8948;-45.8524;352.4684;352.7293;262.7677;336.2990;0.0485;1.6729;LeftFalse_RightFalse;LeftFalse_RightFalse;HandLeft_(0.3, -0.7, -0.3)_(0.7, 0.3, -0.7, -0.1)_1.046027_System.String[];HandLeft_(-0.7, -0.3, -0.2)_(0.7, 0.5, -0.5, 0.0)_1.005502_System.String[];HandRight_(0.5, -0.8, -0.3)_(-0.2, -0.6, -0.5, 0.5)_1.046027_System.String[];HandRight_(-0.5, -0.3, -0.1)_(-0.2, -0.7, -0.3, 0.6)_1.005502_System.String[];23.3186;0.0739;-0.0040;50.4465;-12.6102;0.8422;1.1722;4.3441;-46.1096;2.4231;349.8046;254.7980;359.4156;1.9967;356.9871
0.6989;0.5922;False;False;50.3786;-12.2308;-0.0230;-0.0083;4.2764;-46.1854;359.8918;0.0361;263.0907;348.9755;0.0807;0.0379;-0.3747;-0.0250;-0.0045;-0.4712;1.9083;-4.5916;192917;71.66578;Infinity;2662.84;50.3338;-12.0560;1.2770;1.1770;3.8749;-45.7742;352.4079;352.7257;263.0012;336.2939;0.0755;1.6715;LeftFalse_RightFalse;LeftFalse_RightFalse;HandLeft_(0.3, -0.7, -0.3)_(0.7, 0.3, -0.7, -0.1)_1.046027_System.String[];HandLeft_(-0.7, -0.3, -0.2)_(0.7, 0.5, -0.5, 0.0)_1.005502_System.String[];HandRight_(0.5, -0.8, -0.3)_(-0.2, -0.6, -0.5, 0.5)_1.046027_System.String[];HandRight_(-0.5, -0.3, -0.1)_(-0.2, -0.7, -0.3, 0.6)_1.005502_System.String[];23.3604;0.0739;-0.0036;50.2571;-12.6256;0.8411;1.1722;4.3248;-46.0320;2.3703;349.6968;255.0339;359.4679;2.0224;357.0344
0.6990;0.5976;False;False;50.1851;-12.2468;-0.0239;-0.0085;4.2571;-46.1042;359.8528;0.0328;263.3300;348.9704;0.0925;0.0357;-0.3845;-0.0168;-0.0046;-0.4584;1.9584;-4.6459;192920;71.76955;Infinity;2662.88;50.1399;-12.0718;1.2761;1.1768;3.8557;-45.6937;352.3645;352.7220;263.2384;336.2889;0.0901;1.6701;LeftFalse_RightFalse;LeftFalse_RightFalse;HandLeft_(0.3, -0.7, -0.3)_(0.7, 0.3, -0.7, -0.1)_1.046027_System.String[];HandLeft_(-0.7, -0.3, -0.2)_(0.7, 0.5, -0.5, 0.0)_1.005502_System.String[];HandRight_(0.5, -0.8, -0.3)_(-0.2, -0.6, -0.5, 0.5)_1.046027_System.String[];HandRight_(-0.5, -0.3, -0.1)_(-0.2, -0.7, -0.3, 0.6)_1.005502_System.String[];23.4021;0.0739;-0.0025;50.0648;-12.6417;0.8403;1.1721;4.3060;-45.9521;2.3343;349.5914;255.2484;359.4804;2.0530;357.1047
0.6991;0.6019;False;False;49.9897;-12.2631;-0.0244;-0.0086;4.2384;-46.0211;359.8257;0.0288;263.5713;348.9664;0.1002;0.0349;-0.3939;-0.0104;-0.0044;-0.4451;2.0090;-4.6997;192923;71.88297;Infinity;2662.92;49.9443;-12.0879;1.2756;1.1766;3.8372;-45.6113;352.3339;352.7180;263.4778;336.2845;0.0988;1.6696;LeftFalse_RightFalse;LeftFalse_RightFalse;HandLeft_(0.3, -0.7, -0.3)_(0.7, 0.3, -0.7, -0.1)_1.046027_System.String[];HandLeft_(-0.7, -0.3, -0.2)_(0.7, 0.5, -0.5, 0.0)_1.005502_System.String[];HandRight_(0.5, -0.8, -0.3)_(-0.2, -0.6, -0.5, 0.5)_1.046027_System.String[];HandRight_(-0.5, -0.3, -0.1)_(-0.2, -0.7, -0.3, 0.6)_1.005502_System.String[];23.4438;0.0739;-0.0008;49.8708;-12.6580;0.8398;1.1720;4.2879;-45.8704;2.3021;349.4994;255.4411;359.4844;2.0885;357.1632
0.6991;0.6053;False;False;49.7920;-12.2798;-0.0246;-0.0088;4.2204;-45.9357;359.8075;0.0244;263.8153;348.9644;0.1068;0.0350;-0.4074;-0.0029;-0.0043;-0.4241;2.0854;-4.7798;192926;71.93873;Infinity;2662.96;49.7461;-12.1045;1.2752;1.1765;3.8193;-45.5267;352.3128;352.7138;263.7200;336.2817;0.1053;1.6704;LeftFalse_RightFalse;LeftFalse_RightFalse;HandLeft_(0.3, -0.7, -0.3)_(0.7, 0.3, -0.7, -0.1)_1.046027_System.String[];HandLeft_(-0.7, -0.3, -0.2)_(0.7, 0.5, -0.5, 0.0)_1.005502_System.String[];HandRight_(0.5, -0.8, -0.3)_(-0.2, -0.6, -0.5, 0.5)_1.046027_System.String[];HandRight_(-0.5, -0.3, -0.1)_(-0.2, -0.7, -0.3, 0.6)_1.005502_System.String[];23.4856;0.0739;0.0015;49.6744;-12.6746;0.8396;1.1718;4.2704;-45.7863;2.2635;349.4221;255.6252;359.4970;2.1181;357.2206
0.6991;0.6089;False;False;49.5918;-12.2969;-0.0247;-0.0090;4.2029;-45.8480;359.7973;0.0199;264.0625;348.9649;0.1116;0.0356;-0.4159;0.0006;-0.0044;-0.4094;2.1366;-4.8326;192929;71.9051;Infinity;2663.00;49.5455;-12.1215;1.2751;1.1763;3.8020;-45.4400;352.3001;352.7096;263.9651;336.2811;0.1111;1.6718;LeftFalse_RightFalse;LeftFalse_RightFalse;HandLeft_(0.3, -0.7, -0.3)_(0.7, 0.3, -0.7, -0.1)_1.046027_System.String[];HandLeft_(-0.7, -0.3, -0.2)_(0.7, 0.5, -0.5, 0.0)_1.005502_System.String[];HandRight_(0.5, -0.8, -0.3)_(-0.2, -0.6, -0.5, 0.5)_1.046027_System.String[];HandRight_(-0.5, -0.3, -0.1)_(-0.2, -0.7, -0.3, 0.6)_1.005502_System.String[];23.5273;0.0739;0.0041;49.4757;-12.6915;0.8395;1.1716;4.2535;-45.7002;2.2071;349.3306;255.8388;359.5192;2.1357;357.2934
0.6991;0.6122;False;False;49.3897;-12.3144;-0.0246;-0.0092;4.1861;-45.7582;359.7928;0.0153;264.3120;348.9688;0.1152;0.0365;-0.4238;0.0027;-0.0042;-0.3941;2.1882;-4.8852;192932;71.95682;Infinity;2663.05;49.3422;-12.1388;1.2751;1.1762;3.7854;-45.3509;352.2939;352.7053;264.2135;336.2835;0.1152;1.6736;LeftFalse_RightFalse;LeftFalse_RightFalse;HandLeft_(0.3, -0.7, -0.3)_(0.7, 0.3, -0.7, -0.1)_1.046027_System.String[];HandLeft_(-0.7, -0.3, -0.2)_(0.7, 0.4, -0.5, 0.0)_1.005502_System.String[];HandRight_(0.5, -0.8, -0.3)_(-0.2, -0.6, -0.5, 0.5)_1.046027_System.String[];HandRight_(-0.5, -0.3, -0.1)_(-0.2, -0.7, -0.3, 0.6)_1.005502_System.String[];23.5688;0.0739;0.0072;49.2746;-12.7087;0.8395;1.1717;4.2372;-45.6116;2.1663;349.2019;256.0868;359.5756;2.1561;357.3971
0.6992;0.6146;False;False;49.1840;-12.3322;-0.0245;-0.0094;4.1699;-45.6656;359.7918;0.0113;264.5658;348.9771;0.1179;0.0365;-0.4309;0.0040;-0.0040;-0.3782;2.2399;-4.9375;192935;71.74523;Infinity;2663.09;49.1364;-12.1565;1.2752;1.1760;3.7694;-45.2595;352.2919;352.7012;264.4650;336.2900;0.1181;1.6749;LeftFalse_RightFalse;LeftFalse_RightFalse;HandLeft_(0.3, -0.7, -0.3)_(0.7, 0.3, -0.7, -0.1)_1.046027_System.String[];HandLeft_(-0.7, -0.3, -0.2)_(0.7, 0.4, -0.5, 0.0)_1.005502_System.String[];HandRight_(0.5, -0.8, -0.3)_(-0.2, -0.6, -0.5, 0.5)_1.046027_System.String[];HandRight_(-0.5, -0.3, -0.1)_(-0.2, -0.7, -0.3, 0.6)_1.005502_System.String[];23.6108;0.0739;0.0110;49.0710;-12.7262;0.8396;1.1718;4.2216;-45.5207;2.1377;349.0586;256.3542;359.6516;2.1525;357.5132
0.6992;0.6164;False;False;48.9768;-12.3504;-0.0243;-0.0095;4.1544;-45.5710;359.7928;0.0079;264.8216;348.9903;0.1204;0.0361;-0.4375;0.0049;-0.0038;-0.3618;2.2917;-4.9896;192938;71.79985;Infinity;2663.13;48.9274;-12.1745;1.2754;1.1759;3.7541;-45.1655;352.2924;352.6976;264.7205;336.3015;0.1206;1.6754;LeftFalse_RightFalse;LeftFalse_RightFalse;HandLeft_(0.3, -0.7, -0.3)_(0.7, 0.3, -0.7, -0.1)_1.046027_System.String[];HandLeft_(-0.7, -0.3, -0.2)_(0.7, 0.4, -0.5, 0.0)_1.005502_System.String[];HandRight_(0.5, -0.8, -0.3)_(-0.2, -0.6, -0.5, 0.5)_1.046027_System.String[];HandRight_(-0.5, -0.3, -0.1)_(-0.2, -0.7, -0.3, 0.6)_1.005502_System.String[];23.6526;0.0739;0.0153;48.8641;-12.7441;0.8397;1.1718;4.2066;-45.4270;2.1046;348.9052;256.6182;359.7434;2.1401;357.6300
0.7002;0.6180;False;False;48.7679;-12.3687;-0.0241;-0.0097;4.1397;-45.4744;359.7944;0.0048;265.0795;349.0099;0.1239;0.0355;-0.4433;0.0069;-0.0038;-0.3430;2.3436;-5.0415;192941;71.89934;Infinity;2663.17;48.7173;-12.1926;1.2756;1.1757;3.7397;-45.0698;352.2939;352.6943;264.9771;336.3187;0.1237;1.6756;LeftFalse_RightFalse;LeftFalse_RightFalse;HandLeft_(0.3, -0.7, -0.3)_(0.7, 0.3, -0.7, -0.1)_1.046027_System.String[];HandLeft_(-0.7, -0.3, -0.2)_(0.7, 0.4, -0.5, 0.0)_1.005502_System.String[];HandRight_(0.5, -0.8, -0.3)_(-0.2, -0.6, -0.5, 0.5)_1.046027_System.String[];HandRight_(-0.5, -0.3, -0.1)_(-0.2, -0.7, -0.3, 0.6)_1.005502_System.String[];23.6943;0.0739;0.0199;48.6562;-12.7621;0.8399;1.1718;4.1924;-45.3317;2.0759;348.7627;256.8714;359.8318;2.1236;357.6968
0.7010;0.6199;False;False;48.5567;-12.3873;-0.0238;-0.0098;4.1259;-45.3756;359.7959;0.0019;265.3402;349.0371;0.1278;0.0350;-0.4484;0.0064;-0.0038;-0.3243;2.3957;-5.0932;192944;71.9509;Infinity;2663.21;48.5051;-12.2109;1.2758;1.1756;3.7260;-44.9719;352.2956;352.6914;265.2363;336.3431;0.1278;1.6757;LeftFalse_RightFalse;LeftFalse_RightFalse;HandLeft_(0.3, -0.7, -0.3)_(0.7, 0.3, -0.7, -0.1)_1.046027_System.String[];HandLeft_(-0.7, -0.3, -0.2)_(0.7, 0.4, -0.5, 0.0)_1.005502_System.String[];HandRight_(0.5, -0.8, -0.3)_(-0.2, -0.6, -0.5, 0.5)_1.046027_System.String[];HandRight_(-0.5, -0.3, -0.1)_(-0.2, -0.7, -0.4, 0.5)_1.005502_System.String[];23.7358;0.0739;0.0244;48.4461;-12.7803;0.8402;1.1720;4.1791;-45.2340;2.0777;348.6357;257.1238;359.9115;2.1003;357.7104
0.7026;0.6224;False;False;48.3432;-12.4061;-0.0235;-0.0100;4.1128;-45.2746;359.7966;-0.0006;265.6036;349.0725;0.1310;0.0350;-0.4529;0.0059;-0.0036;-0.3053;2.4478;-5.1447;192947;71.97303;Infinity;2663.25;48.2905;-12.2294;1.2761;1.1755;3.7132;-44.8717;352.2965;352.6887;265.4984;336.3756;0.1312;1.6759;LeftFalse_RightFalse;LeftFalse_RightFalse;HandLeft_(0.3, -0.7, -0.3)_(0.7, 0.3, -0.7, -0.1)_1.046027_System.String[];HandLeft_(-0.7, -0.3, -0.2)_(0.8, 0.4, -0.5, 0.0)_1.005502_System.String[];HandRight_(0.5, -0.8, -0.3)_(-0.2, -0.6, -0.5, 0.5)_1.046027_System.String[];HandRight_(-0.5, -0.3, -0.1)_(-0.2, -0.7, -0.4, 0.5)_1.005502_System.String[];23.7776;0.0739;0.0288;48.2336;-12.7987;0.8405;1.1721;4.1666;-45.1341;2.0889;348.5210;257.3683;359.9926;2.0953;357.6752
0.7042;0.6241;False;False;48.1272;-12.4251;-0.0233;-0.0101;4.1006;-45.1710;359.7964;-0.0023;265.8703;349.1164;0.1335;0.0364;-0.4574;0.0054;-0.0032;-0.2858;2.4999;-5.1961;192950;71.90019;Infinity;2663.30;48.0737;-12.2480;1.2763;1.1753;3.7012;-44.7693;352.2966;352.6870;265.7632;336.4167;0.1339;1.6774;LeftFalse_RightFalse;LeftFalse_RightFalse;HandLeft_(0.3, -0.7, -0.3)_(0.7, 0.3, -0.7, -0.1)_1.046027_System.String[];HandLeft_(-0.7, -0.3, -0.2)_(0.8, 0.4, -0.5, 0.0)_1.005502_System.String[];HandRight_(0.5, -0.8, -0.3)_(-0.2, -0.6, -0.5, 0.5)_1.046027_System.String[];HandRight_(-0.5, -0.3, -0.1)_(-0.2, -0.7, -0.4, 0.5)_1.005502_System.String[];23.8193;0.0739;0.0327;48.0190;-12.8170;0.8407;1.1720;4.1549;-45.0316;2.0904;348.4163;257.5866;0.0990;2.1146;357.5925
0.7064;0.6254;False;False;47.9075;-12.4445;-0.0231;-0.0103;4.0892;-45.0646;359.7960;-0.0048;266.1414;349.1687;0.1369;0.0384;-0.4615;0.0054;-0.0041;-0.2657;2.5522;-5.2473;192953;71.65248;Infinity;2663.34;47.8531;-12.2669;1.2765;1.1752;3.6900;-44.6639;352.2962;352.6854;266.0327;336.4660;0.1369;1.6797;LeftFalse_RightFalse;LeftFalse_RightFalse;HandLeft_(0.3, -0.7, -0.3)_(0.7, 0.3, -0.7, -0.1)_1.046027_System.String[];HandLeft_(-0.7, -0.3, -0.2)_(0.8, 0.4, -0.5, -0.1)_1.005502_System.String[];HandRight_(0.5, -0.8, -0.3)_(-0.2, -0.6, -0.6, 0.5)_1.046027_System.String[];HandRight_(-0.5, -0.3, -0.1)_(-0.2, -0.7, -0.4, 0.5)_1.005502_System.String[];23.8613;0.0739;0.0367;47.8005;-12.8356;0.8409;1.1719;4.1440;-44.9260;2.0862;348.3199;257.7995;0.2520;2.1503;357.5015
0.7087;0.6267;False;False;47.6873;-12.4638;-0.0228;-0.0105;4.0787;-44.9566;359.7957;359.9923;266.4130;349.2291;0.1398;0.0408;-0.4649;0.0057;-0.0044;-0.2451;2.6047;-5.2985;192956;71.81422;Infinity;2663.38;47.6311;-12.2858;1.2767;1.1751;3.6798;-44.5566;352.2958;352.6832;266.3039;336.5235;0.1401;1.6826;LeftFalse_RightFalse;LeftFalse_RightFalse;HandLeft_(0.3, -0.7, -0.3)_(0.7, 0.3, -0.7, -0.1)_1.046027_System.String[];HandLeft_(-0.7, -0.3, -0.2)_(0.8, 0.4, -0.5, -0.1)_1.005502_System.String[];HandRight_(0.5, -0.8, -0.3)_(-0.2, -0.6, -0.5, 0.5)_1.046027_System.String[];HandRight_(-0.5, -0.3, -0.1)_(-0.2, -0.7, -0.4, 0.5)_1.005502_System.String[];23.9031;0.0739;0.0405;47.5807;-12.8540;0.8412;1.1719;4.1340;-44.8185;2.0772;348.2079;258.0323;0.4611;2.1834;357.4096
0.7111;0.6284;False;False;47.4647;-12.4833;-0.0226;-0.0107;4.0692;-44.8463;359.7956;359.9890;266.6876;349.2984;0.1423;0.0436;-0.4693;0.0057;-0.0048;-0.2129;2.6834;-5.3752;192959;71.87521;Infinity;2663.42;47.4073;-12.3048;1.2769;1.1749;3.6705;-44.4473;352.2956;352.6806;266.5772;336.5894;0.1427;1.6859;LeftFalse_RightFalse;LeftFalse_RightFalse;HandLeft_(0.3, -0.7, -0.3)_(0.7, 0.3, -0.7, -0.1)_1.046027_System.String[];HandLeft_(-0.7, -0.3, -0.2)_(0.8, 0.4, -0.5, -0.1)_1.005502_System.String[];HandRight_(0.5, -0.8, -0.3)_(-0.2, -0.6, -0.5, 0.5)_1.046027_System.String[];HandRight_(-0.5, -0.3, -0.1)_(-0.3, -0.7, -0.4, 0.5)_1.005502_System.String[];23.9448;0.0739;0.0446;47.3590;-12.8723;0.8414;1.1720;4.1250;-44.7090;2.0638;348.0583;258.2993;0.7358;2.2075;357.3065
0.7139;0.6296;False;False;47.2389;-12.5029;-0.0223;-0.0109;4.0606;-44.7332;359.7958;359.9854;266.9660;349.3766;0.1445;0.0464;-0.4712;0.0056;-0.0050;-0.1907;2.7359;-5.4263;192962;71.73087;Infinity;2663.46;47.1809;-12.3238;1.2772;1.1747;3.6622;-44.3356;352.2957;352.6779;266.8537;336.6640;0.1451;1.6894;LeftFalse_RightFalse;LeftFalse_RightFalse;HandLeft_(0.3, -0.7, -0.3)_(0.7, 0.3, -0.7, -0.1)_1.046027_System.String[];HandLeft_(-0.7, -0.3, -0.2)_(0.8, 0.4, -0.5, -0.1)_1.005502_System.String[];HandRight_(0.5, -0.8, -0.3)_(-0.2, -0.6, -0.5, 0.5)_1.046027_System.String[];HandRight_(-0.5, -0.3, -0.1)_(-0.3, -0.7, -0.5, 0.5)_1.005502_System.String[];23.9866;0.0739;0.0491;47.1348;-12.8907;0.8417;1.1719;4.1169;-44.5969;2.0463;347.8698;258.5854;1.0787;2.2251;357.1971
0.7163;0.6308;False;False;47.0100;-12.5227;-0.0221;-0.0111;4.0529;-44.6174;359.7961;359.9817;267.2482;349.4649;0.1467;0.0496;-0.4722;0.0056;-0.0052;-0.1678;2.7885;-5.4775;192965;71.54236;Infinity;2663.51;46.9511;-12.3430;1.2774;1.1746;3.6548;-44.2211;352.2960;352.6749;267.1344;336.7483;0.1473;1.6932;LeftFalse_RightFalse;LeftFalse_RightFalse;HandLeft_(0.3, -0.7, -0.3)_(0.7, 0.3, -0.7, -0.1)_1.046027_System.String[];HandLeft_(-0.7, -0.3, -0.2)_(0.8, 0.4, -0.5, -0.1)_1.005502_System.String[];HandRight_(0.5, -0.8, -0.3)_(-0.2, -0.6, -0.5, 0.5)_1.046027_System.String[];HandRight_(-0.5, -0.3, -0.1)_(-0.2, -0.7, -0.5, 0.5)_1.005502_System.String[];24.0286;0.0739;0.0539;46.9073;-12.9091;0.8419;1.1721;4.1098;-44.4820;2.0314;347.6542;258.8795;1.5049;2.2363;357.0553
0.7180;0.6324;False;False;46.7789;-12.5426;-0.0219;-0.0113;4.0463;-44.4993;359.7961;359.9778;267.5331;349.5640;0.1491;0.0530;-0.4718;0.0055;-0.0050;-0.1442;2.8412;-5.5286;192968;71.46697;Infinity;2663.55;46.7183;-12.3622;1.2776;1.1744;3.6484;-44.1039;352.2962;352.6720;267.4186;336.8432;0.1496;1.6974;LeftFalse_RightFalse;LeftFalse_RightFalse;HandLeft_(0.3, -0.7, -0.3)_(0.7, 0.3, -0.7, -0.1)_1.046027_System.String[];HandLeft_(-0.7, -0.3, -0.2)_(0.8, 0.4, -0.5, -0.1)_1.005502_System.String[];HandRight_(0.5, -0.8, -0.3)_(-0.2, -0.6, -0.5, 0.5)_1.046027_System.String[];HandRight_(-0.5, -0.3, -0.1)_(-0.2, -0.7, -0.5, 0.5)_1.005502_System.String[];24.0708;0.0739;0.0593;46.6768;-12.9276;0.8421;1.1723;4.1036;-44.3642;2.0212;347.4282;259.1565;1.9818;2.2512;356.9012
0.7193;0.6346;False;False;46.5457;-12.5623;-0.0216;-0.0115;4.0407;-44.3789;359.7957;359.9732;267.8206;349.6746;0.1519;0.0555;-0.4703;0.0054;-0.0050;-0.1200;2.8940;-5.5796;192971;71.44748;Infinity;2663.59;46.4841;-12.3812;1.2778;1.1742;3.6431;-43.9848;352.2960;352.6683;267.7046;336.9492;0.1524;1.7011;LeftFalse_RightFalse;LeftFalse_RightFalse;HandLeft_(0.3, -0.7, -0.3)_(0.7, 0.3, -0.7, -0.1)_1.046027_System.String[];HandLeft_(-0.7, -0.3, -0.2)_(0.8, 0.4, -0.5, -0.1)_1.005502_System.String[];HandRight_(0.5, -0.8, -0.3)_(-0.2, -0.6, -0.5, 0.5)_1.046027_System.String[];HandRight_(-0.5, -0.3, -0.1)_(-0.2, -0.7, -0.5, 0.5)_1.005502_System.String[];24.1128;0.0739;0.0660;46.4448;-12.9461;0.8424;1.1724;4.0985;-44.2444;2.0232;347.1915;259.4273;2.5124;2.2736;356.7399
0.7212;0.6363;False;False;46.3102;-12.5820;-0.0214;-0.0117;4.0362;-44.2562;359.7946;359.9683;268.1110;349.7991;0.1544;0.0583;-0.4669;0.0052;-0.0050;-0.0950;2.9470;-5.6304;192974;71.41899;Infinity;2663.63;46.2474;-12.4001;1.2780;1.1741;3.6389;-43.8634;352.2951;352.6642;267.9936;337.0681;0.1550;1.7048;LeftFalse_RightFalse;LeftFalse_RightFalse;HandLeft_(0.3, -0.7, -0.3)_(0.7, 0.3, -0.7, -0.1)_1.046027_System.String[];HandLeft_(-0.7, -0.3, -0.2)_(0.8, 0.4, -0.4, -0.1)_1.005502_System.String[];HandRight_(0.5, -0.8, -0.3)_(-0.2, -0.6, -0.5, 0.5)_1.046027_System.String[];HandRight_(-0.5, -0.3, -0.1)_(-0.2, -0.7, -0.5, 0.5)_1.005502_System.String[];24.1548;0.0739;0.0735;46.2104;-12.9645;0.8426;1.1726;4.0945;-44.1223;2.0323;346.9534;259.6974;3.0336;2.2938;356.5914
0.7227;0.6374;False;False;46.0726;-12.6015;-0.0212;-0.0119;4.0328;-44.1312;359.7932;359.9630;268.4039;349.9399;0.1570;0.0621;-0.4615;0.0053;-0.0047;-0.0694;3.0002;-5.6811;192977;71.42406;Infinity;2663.67;46.0085;-12.4186;1.2782;1.1739;3.6358;-43.7397;352.2937;352.6600;268.2853;337.2025;0.1574;1.7090;LeftFalse_RightFalse;LeftFalse_RightFalse;HandLeft_(0.3, -0.7, -0.3)_(0.7, 0.3, -0.7, -0.1)_1.046027_System.String[];HandLeft_(-0.7, -0.3, -0.2)_(0.8, 0.4, -0.4, -0.1)_1.005502_System.String[];HandRight_(0.5, -0.8, -0.3)_(-0.2, -0.6, -0.5, 0.5)_1.046027_System.String[];HandRight_(-0.5, -0.4, -0.1)_(-0.2, -0.7, -0.5, 0.4)_1.005502_System.String[];24.1968;0.0739;0.0813;45.9738;-12.9827;0.8428;1.1728;4.0916;-43.9977;2.0464;346.6985;259.9653;3.5799;2.3253;356.4720
0.7237;0.6387;False;False;45.8327;-12.6207;-0.0210;-0.0121;4.0306;-44.0038;359.7920;359.9571;268.6996;350.0987;0.1603;0.0674;-0.4553;0.0056;-0.0046;-0.0430;3.0533;-5.7315;192980;71.41895;Infinity;2663.72;45.7673;-12.4369;1.2784;1.1738;3.6339;-43.6137;352.2924;352.6554;268.5798;337.3547;0.1607;1.7153;LeftFalse_RightFalse;LeftFalse_RightFalse;HandLeft_(0.3, -0.7, -0.3)_(0.7, 0.3, -0.7, -0.1)_1.046027_System.String[];HandLeft_(-0.7, -0.3, -0.2)_(0.8, 0.4, -0.4, -0.1)_1.005502_System.String[];HandRight_(0.5, -0.8, -0.3)_(-0.2, -0.6, -0.5, 0.5)_1.046027_System.String[];HandRight_(-0.5, -0.4, -0.1)_(-0.3, -0.7, -0.6, 0.4)_1.005502_System.String[];24.2388;0.0739;0.0889;45.7349;-13.0009;0.8431;1.1731;4.0899;-43.8707;2.0367;346.3980;260.2433;4.1566;2.3485;356.3985
0.7245;0.6392;False;False;45.5906;-12.6396;-0.0207;-0.0123;4.0295;-43.8741;359.7911;359.9506;268.9980;350.2758;0.1630;0.0738;-0.4472;0.0059;-0.0043;-0.0159;3.1064;-5.7817;192983;71.43376;Infinity;2663.76;45.5238;-12.4547;1.2786;1.1736;3.6331;-43.4853;352.2914;352.6506;268.8770;337.5248;0.1636;1.7226;LeftFalse_RightFalse;LeftFalse_RightFalse;HandLeft_(0.3, -0.7, -0.3)_(0.7, 0.3, -0.7, -0.1)_1.046027_System.String[];HandLeft_(-0.7, -0.3, -0.2)_(0.8, 0.3, -0.4, -0.2)_1.005502_System.String[];HandRight_(0.5, -0.8, -0.3)_(-0.2, -0.6, -0.5, 0.5)_1.046027_System.String[];HandRight_(-0.5, -0.4, -0.1)_(-0.3, -0.7, -0.6, 0.4)_1.005502_System.String[];24.2808;0.0739;0.0968;45.4938;-13.0189;0.8433;1.1732;4.0893;-43.7411;2.0495;346.0529;260.5448;4.7442;2.3809;356.3679
0.7250;0.6396;False;False;45.3464;-12.6580;-0.0205;-0.0125;4.0297;-43.7420;359.7906;359.9435;269.2990;350.4729;0.1655;0.0808;-0.4371;0.0061;-0.0042;0.0119;3.1595;-5.8317;192986;71.43847;Infinity;2663.80;45.2781;-12.4719;1.2789;1.1735;3.6336;-43.3548;352.2908;352.6453;269.1768;337.7145;0.1662;1.7309;LeftFalse_RightFalse;LeftFalse_RightFalse;HandLeft_(0.3, -0.7, -0.3)_(0.7, 0.3, -0.7, -0.1)_1.046027_System.String[];HandLeft_(-0.7, -0.3, -0.2)_(0.8, 0.3, -0.4, -0.2)_1.005502_System.String[];HandRight_(0.5, -0.8, -0.3)_(-0.2, -0.6, -0.5, 0.5)_1.046027_System.String[];HandRight_(-0.5, -0.4, -0.1)_(-0.3, -0.6, -0.6, 0.4)_1.005502_System.String[];24.3228;0.0735;0.1054;45.2506;-13.0362;0.8436;1.1737;4.0900;-43.6092;2.0492;345.6490;260.8625;5.3655;2.4179;356.3763
0.7262;0.6399;False;False;45.0999;-12.6760;-0.0202;-0.0126;4.0311;-43.6076;359.7902;359.9370;269.6020;350.6920;0.1678;0.0867;-0.4183;0.0063;-0.0033;0.0541;3.2388;-5.9060;192989;71.44115;Infinity;2663.84;45.0303;-12.4886;1.2791;1.1735;3.6354;-43.2220;352.2903;352.6401;269.4790;337.9253;0.1686;1.7387;LeftFalse_RightFalse;LeftFalse_RightFalse;HandLeft_(0.3, -0.7, -0.3)_(0.7, 0.3, -0.7, -0.1)_1.046027_System.String[];HandLeft_(-0.7, -0.3, -0.2)_(0.8, 0.3, -0.4, -0.2)_1.005502_System.String[];HandRight_(0.5, -0.8, -0.3)_(-0.2, -0.6, -0.5, 0.5)_1.046027_System.String[];HandRight_(-0.5, -0.4, -0.1)_(-0.3, -0.6, -0.6, 0.4)_1.005502_System.String[];24.3647;0.0726;0.1141;45.0051;-13.0532;0.8438;1.1740;4.0919;-43.4747;2.0525;345.2869;261.1899;5.9483;2.4598;356.4014
0.7277;0.6401;False;False;44.8512;-12.6933;-0.0200;-0.0128;4.0337;-43.4709;359.7899;359.9309;269.9063;350.9332;0.1698;0.0920;-0.4033;0.0064;-0.0031;0.0824;3.2916;-5.9553;192992;71.42413;Infinity;2663.88;44.7804;-12.5045;1.2794;1.1734;3.6384;-43.0870;352.2900;352.6352;269.7825;338.1579;0.1707;1.7454;LeftFalse_RightFalse;LeftFalse_RightFalse;HandLeft_(0.3, -0.7, -0.3)_(0.7, 0.3, -0.7, -0.1)_1.046027_System.String[];HandLeft_(-0.6, -0.3, -0.2)_(0.8, 0.4, -0.4, -0.3)_1.005502_System.String[];HandRight_(0.5, -0.8, -0.3)_(-0.2, -0.6, -0.5, 0.5)_1.046027_System.String[];HandRight_(-0.5, -0.4, -0.1)_(-0.3, -0.6, -0.6, 0.4)_1.005502_System.String[];24.4067;0.0712;0.1227;44.7577;-13.0696;0.8441;1.1742;4.0950;-43.3376;2.0455;344.9233;261.5019;6.5334;2.5078;356.4127
0.7303;0.6413;False;False;44.6000;-12.7100;-0.0197;-0.0129;4.0376;-43.3316;359.7896;359.9251;270.2103;351.1979;0.1711;0.0973;-0.3865;0.0061;-0.0030;0.1104;3.3442;-6.0046;192995;71.38665;Infinity;2663.93;44.5279;-12.5195;1.2796;1.1733;3.6426;-42.9495;352.2897;352.6307;270.0867;338.4138;0.1723;1.7519;LeftFalse_RightFalse;LeftFalse_RightFalse;HandLeft_(0.3, -0.7, -0.3)_(0.7, 0.3, -0.7, -0.1)_1.046027_System.String[];HandLeft_(-0.6, -0.3, -0.2)_(0.8, 0.4, -0.4, -0.3)_1.005502_System.String[];HandRight_(0.5, -0.8, -0.3)_(-0.2, -0.6, -0.5, 0.5)_1.046027_System.String[];HandRight_(-0.5, -0.4, -0.1)_(-0.3, -0.6, -0.6, 0.4)_1.005502_System.String[];24.4487;0.0696;0.1304;44.5076;-13.0852;0.8444;1.1747;4.0994;-43.1976;2.0434;344.5949;261.7957;7.1247;2.5504;356.3675
0.7342;0.6422;False;False;44.3491;-12.7258;-0.0194;-0.0130;4.0427;-43.1914;359.7896;359.9197;270.5094;351.4836;0.1718;0.1030;-0.3683;0.0058;-0.0024;0.1384;3.3966;-6.0540;192998;71.69031;Infinity;2663.97;44.2749;-12.5336;1.2799;1.1733;3.6481;-42.8107;352.2896;352.6264;270.3874;338.6915;0.1731;1.7584;LeftFalse_RightFalse;LeftFalse_RightFalse;HandLeft_(0.3, -0.7, -0.3)_(0.7, 0.3, -0.7, -0.1)_1.046027_System.String[];HandLeft_(-0.6, -0.3, -0.2)_(0.8, 0.4, -0.4, -0.3)_1.005502_System.String[];HandRight_(0.5, -0.8, -0.3)_(-0.2, -0.6, -0.5, 0.5)_1.046027_System.String[];HandRight_(-0.5, -0.4, -0.1)_(-0.3, -0.7, -0.6, 0.3)_1.005502_System.String[];24.4905;0.0677;0.1373;44.2570;-13.1002;0.8446;1.1749;4.1050;-43.0561;2.0391;344.3738;262.0661;7.6829;2.5568;356.3004
0.7396;0.6428;False;False;44.0959;-12.7407;-0.0192;-0.0131;4.0490;-43.0489;359.7896;359.9154;270.8057;351.7911;0.1723;0.1104;-0.3498;0.0056;-0.0021;0.1664;3.4488;-6.1035;193001;71.83772;Infinity;2664.01;44.0204;-12.5468;1.2801;1.1732;3.6548;-42.6700;352.2896;352.6234;270.6847;338.9909;0.1737;1.7663;LeftFalse_RightFalse;LeftFalse_RightFalse;HandLeft_(0.3, -0.7, -0.3)_(0.7, 0.3, -0.7, -0.1)_1.046027_System.String[];HandLeft_(-0.6, -0.3, -0.2)_(0.8, 0.4, -0.4, -0.3)_1.005502_System.String[];HandRight_(0.5, -0.8, -0.3)_(-0.2, -0.6, -0.5, 0.5)_1.046027_System.String[];HandRight_(-0.5, -0.4, -0.1)_(-0.3, -0.7, -0.6, 0.3)_1.005502_System.String[];24.5320;0.0658;0.1425;44.0049;-13.1143;0.8449;1.1750;4.1118;-42.9125;2.0455;344.2392;262.3066;8.2500;2.5337;356.2401
0.7456;0.6433;False;False;43.8406;-12.7549;-0.0190;-0.0132;4.0565;-42.9041;359.7898;359.9116;271.0981;352.1184;0.1726;0.1179;-0.3307;0.0056;-0.0020;0.1943;3.5008;-6.1535;193004;71.91653;Infinity;2664.05;43.7639;-12.5589;1.2803;1.1732;3.6627;-42.5272;352.2898;352.6212;270.9785;339.3106;0.1741;1.7746;LeftFalse_RightFalse;LeftFalse_RightFalse;HandLeft_(0.3, -0.7, -0.3)_(0.7, 0.3, -0.7, -0.1)_1.046027_System.String[];HandLeft_(-0.6, -0.3, -0.2)_(0.8, 0.4, -0.4, -0.3)_1.005502_System.String[];HandRight_(0.5, -0.8, -0.3)_(-0.2, -0.6, -0.5, 0.5)_1.046027_System.String[];HandRight_(-0.5, -0.4, -0.1)_(-0.3, -0.7, -0.6, 0.3)_1.005502_System.String[];24.5737;0.0638;0.1457;43.7506;-13.1276;0.8451;1.1750;4.1198;-42.7667;2.0586;344.1770;262.5062;8.8421;2.5346;356.2218
0.7504;0.6432;False;False;43.5831;-12.7682;-0.0187;-0.0133;4.0652;-42.7571;359.7900;359.9079;271.3855;352.4626;0.1724;0.1248;-0.3117;0.0057;-0.0019;0.2220;3.5526;-6.2039;193007;71.95764;Infinity;2664.09;43.5051;-12.5702;1.2806;1.1732;3.6718;-42.3822;352.2900;352.6191;271.2677;339.6486;0.1741;1.7825;LeftFalse_RightFalse;LeftFalse_RightFalse;HandLeft_(0.3, -0.7, -0.3)_(0.7, 0.3, -0.7, -0.1)_1.046027_System.String[];HandLeft_(-0.6, -0.3, -0.2)_(0.8, 0.4, -0.4, -0.3)_1.005502_System.String[];HandRight_(0.5, -0.8, -0.3)_(-0.2, -0.6, -0.5, 0.5)_1.046027_System.String[];HandRight_(-0.5, -0.4, -0.1)_(-0.3, -0.7, -0.6, 0.3)_1.005502_System.String[];24.6155;0.0616;0.1465;43.4942;-13.1401;0.8453;1.1749;4.1289;-42.6186;2.0463;344.1551;262.6803;9.4317;2.5390;356.2569
0.7545;0.6425;False;False;43.3228;-12.7808;-0.0185;-0.0133;4.0751;-42.6075;359.7902;359.9042;271.6678;352.8205;0.1716;0.1307;-0.2934;0.0058;-0.0018;0.2494;3.6041;-6.2546;193010;71.8765;Infinity;2664.13;43.2443;-12.5805;1.2808;1.1731;3.6821;-42.2350;352.2902;352.6170;271.5515;340.0009;0.1736;1.7896;LeftFalse_RightFalse;LeftFalse_RightFalse;HandLeft_(0.3, -0.7, -0.3)_(0.7, 0.3, -0.7, -0.1)_1.046027_System.String[];HandLeft_(-0.6, -0.3, -0.2)_(0.8, 0.4, -0.4, -0.3)_1.005502_System.String[];HandRight_(0.5, -0.8, -0.3)_(-0.2, -0.6, -0.5, 0.5)_1.046027_System.String[];HandRight_(-0.5, -0.4, -0.1)_(-0.3, -0.7, -0.6, 0.4)_1.005502_System.String[];24.6572;0.0589;0.1465;43.2357;-13.1514;0.8457;1.1749;4.1393;-42.4680;2.0290;344.1604;262.8770;9.9801;2.5275;356.3891
0.7575;0.6420;False;False;43.0598;-12.7926;-0.0183;-0.0134;4.0862;-42.4554;359.7902;359.9004;271.9438;353.1884;0.1701;0.1352;-0.2750;0.0060;-0.0018;0.2764;3.6552;-6.3055;193013;71.8077;Infinity;2664.18;42.9795;-12.5899;1.2811;1.1731;3.6937;-42.0846;352.2903;352.6144;271.8307;340.3663;0.1721;1.7952;LeftFalse_RightFalse;LeftFalse_RightFalse;HandLeft_(0.3, -0.7, -0.3)_(0.7, 0.3, -0.7, -0.1)_1.046027_System.String[];HandLeft_(-0.6, -0.3, -0.2)_(0.8, 0.4, -0.4, -0.3)_1.005502_System.String[];HandRight_(0.5, -0.8, -0.3)_(-0.2, -0.6, -0.5, 0.6)_1.046027_System.String[];HandRight_(-0.5, -0.4, -0.1)_(-0.3, -0.7, -0.6, 0.4)_1.005502_System.String[];24.6990;0.0554;0.1465;42.9731;-13.1620;0.8462;1.1748;4.1509;-42.3139;1.9943;344.1729;263.0868;10.4592;2.5238;356.5031
0.7601;0.6416;False;False;42.7946;-12.8035;-0.0180;-0.0135;4.0984;-42.3011;359.7899;359.8964;272.2109;353.5635;0.1680;0.1389;-0.2560;0.0062;-0.0017;0.3020;3.7060;-6.3566;193016;71.73508;Infinity;2664.22;42.7139;-12.5985;1.2813;1.1731;3.7064;-41.9328;352.2900;352.6114;272.1004;340.7377;0.1703;1.7998;LeftFalse_RightFalse;LeftFalse_RightFalse;HandLeft_(0.3, -0.7, -0.3)_(0.6, 0.3, -0.7, 0.0)_1.046027_System.String[];HandLeft_(-0.6, -0.3, -0.2)_(0.8, 0.4, -0.4, -0.3)_1.005502_System.String[];HandRight_(0.5, -0.8, -0.3)_(-0.2, -0.6, -0.5, 0.6)_1.046027_System.String[];HandRight_(-0.5, -0.4, -0.1)_(-0.3, -0.6, -0.6, 0.4)_1.005502_System.String[];24.7410;0.0512;0.1465;42.7098;-13.1718;0.8467;1.1748;4.1636;-42.1584;1.9614;344.1977;263.3024;10.8600;2.5421;356.5666
0.7626;0.6403;False;False;42.5276;-12.8136;-0.0177;-0.0136;4.1117;-42.1448;359.7897;359.8922;272.4659;353.9444;0.1644;0.1423;-0.2364;0.0060;-0.0017;0.3260;3.7564;-6.4078;193019;71.79333;Infinity;2664.26;42.4452;-12.6062;1.2816;1.1731;3.7202;-41.7782;352.2897;352.6082;272.3605;341.1170;0.1674;1.8042;LeftFalse_RightFalse;LeftFalse_RightFalse;HandLeft_(0.3, -0.7, -0.3)_(0.6, 0.3, -0.7, 0.0)_1.046027_System.String[];HandLeft_(-0.6, -0.3, -0.2)_(0.8, 0.4, -0.4, -0.3)_1.005502_System.String[];HandRight_(0.5, -0.8, -0.3)_(-0.2, -0.6, -0.5, 0.6)_1.046027_System.String[];HandRight_(-0.5, -0.4, -0.1)_(-0.3, -0.6, -0.6, 0.4)_1.005502_System.String[];24.7827;0.0462;0.1465;42.4435;-13.1809;0.8470;1.1747;4.1774;-42.0001;1.9338;344.2041;263.5073;11.1663;2.5563;356.5906
0.7645;0.6393;False;False;42.2590;-12.8228;-0.0175;-0.0136;4.1260;-41.9867;359.7906;359.8880;272.7052;354.3301;0.1595;0.1456;-0.2054;0.0053;-0.0018;0.3587;3.8313;-6.4851;193022;71.89357;Infinity;2664.30;42.1756;-12.6129;1.2819;1.1730;3.7350;-41.6223;352.2903;352.6047;272.6057;341.5005;0.1627;1.8084;LeftFalse_RightFalse;LeftFalse_RightFalse;HandLeft_(0.3, -0.7, -0.3)_(0.6, 0.3, -0.7, 0.0)_1.046027_System.String[];HandLeft_(-0.6, -0.3, -0.2)_(0.8, 0.4, -0.4, -0.3)_1.005502_System.String[];HandRight_(0.5, -0.8, -0.3)_(-0.2, -0.6, -0.5, 0.6)_1.046027_System.String[];HandRight_(-0.5, -0.4, -0.1)_(-0.3, -0.7, -0.6, 0.4)_1.005502_System.String[];24.8242;0.0405;0.1465;42.1761;-13.1894;0.8473;1.1746;4.1922;-41.8404;1.9043;344.2011;263.6894;11.3937;2.5291;356.6079
0.7659;0.6386;False;False;41.9882;-12.8311;-0.0173;-0.0137;4.1411;-41.8264;359.7924;359.8837;272.9275;354.7213;0.1539;0.1489;-0.1836;0.0051;-0.0018;0.3780;3.8806;-6.5367;193025;71.94088;Infinity;2664.34;41.9040;-12.6187;1.2821;1.1730;3.7507;-41.4643;352.2918;352.6013;272.8346;341.8891;0.1573;1.8125;LeftFalse_RightFalse;LeftFalse_RightFalse;HandLeft_(0.3, -0.7, -0.3)_(0.6, 0.3, -0.7, 0.0)_1.046027_System.String[];HandLeft_(-0.6, -0.3, -0.2)_(0.8, 0.4, -0.4, -0.3)_1.005502_System.String[];HandRight_(0.5, -0.8, -0.3)_(-0.2, -0.6, -0.5, 0.6)_1.046027_System.String[];HandRight_(-0.5, -0.4, -0.1)_(-0.3, -0.6, -0.6, 0.4)_1.005502_System.String[];24.8660;0.0349;0.1465;41.9065;-13.1969;0.8476;1.1745;4.2078;-41.6786;1.8754;344.1721;263.8421;11.6118;2.4840;356.6234
0.7669;0.6381;False;False;41.7142;-12.8385;-0.0171;-0.0138;4.1571;-41.6635;359.7945;359.8797;273.1308;355.1188;0.1468;0.1514;-0.1608;0.0046;-0.0014;0.3953;3.9295;-6.5883;193028;71.8241;Infinity;2664.38;41.6303;-12.6236;1.2824;1.1730;3.7672;-41.3042;352.2938;352.5979;273.0450;342.2831;0.1507;1.8164;LeftFalse_RightFalse;LeftFalse_RightFalse;HandLeft_(0.3, -0.7, -0.3)_(0.6, 0.3, -0.7, 0.0)_1.046027_System.String[];HandLeft_(-0.6, -0.3, -0.2)_(0.8, 0.4, -0.4, -0.3)_1.005502_System.String[];HandRight_(0.5, -0.8, -0.3)_(-0.1, -0.6, -0.5, 0.6)_1.046027_System.String[];HandRight_(-0.5, -0.4, -0.1)_(-0.3, -0.6, -0.6, 0.4)_1.005502_System.String[];24.9077;0.0294;0.1465;41.6346;-13.2036;0.8478;1.1745;4.2242;-41.5146;1.8475;344.1148;263.9212;11.8477;2.4238;356.6392
0.7676;0.6367;False;False;41.4365;-12.8448;-0.0169;-0.0138;4.1739;-41.4975;359.7964;359.8762;273.3137;355.5235;0.1388;0.1530;-0.1371;0.0043;-0.0012;0.4109;3.9779;-6.6399;193031;71.61422;Infinity;2664.43;41.3515;-12.6274;1.2826;1.1729;3.7845;-41.1402;352.2958;352.5947;273.2367;342.6866;0.1428;1.8190;LeftFalse_RightFalse;LeftFalse_RightFalse;HandLeft_(0.3, -0.7, -0.3)_(0.6, 0.3, -0.7, 0.0)_1.046027_System.String[];HandLeft_(-0.6, -0.3, -0.2)_(0.8, 0.4, -0.4, -0.3)_1.005502_System.String[];HandRight_(0.5, -0.8, -0.3)_(-0.1, -0.6, -0.5, 0.6)_1.046027_System.String[];HandRight_(-0.5, -0.4, -0.1)_(-0.3, -0.6, -0.6, 0.4)_1.005502_System.String[];24.9500;0.0244;0.1465;41.3578;-13.2093;0.8479;1.1744;4.2414;-41.3468;1.8264;344.0427;263.9419;12.1323;2.3626;356.6815
0.7688;0.6356;False;False;41.1569;-12.8501;-0.0167;-0.0139;4.1914;-41.3297;359.7980;359.8730;273.4748;355.9326;0.1300;0.1542;-0.1125;0.0043;-0.0011;0.4257;4.0258;-6.6914;193034;71.60237;Infinity;2664.47;41.0711;-12.6302;1.2829;1.1729;3.8025;-40.9745;352.2975;352.5918;273.4063;343.0943;0.1342;1.8209;LeftFalse_RightFalse;LeftFalse_RightFalse;HandLeft_(0.3, -0.7, -0.3)_(0.6, 0.3, -0.7, 0.0)_1.046027_System.String[];HandLeft_(-0.6, -0.3, -0.2)_(0.8, 0.4, -0.4, -0.3)_1.005502_System.String[];HandRight_(0.5, -0.8, -0.3)_(-0.1, -0.6, -0.4, 0.6)_1.046027_System.String[];HandRight_(-0.5, -0.4, -0.1)_(-0.3, -0.6, -0.6, 0.4)_1.005502_System.String[];24.9917;0.0199;0.1465;41.0790;-13.2138;0.8480;1.1743;4.2593;-41.1774;1.7875;343.9767;263.8928;12.4559;2.3099;356.7582
0.7701;0.6356;False;False;40.8766;-12.8543;-0.0165;-0.0139;4.2094;-41.1607;359.7995;359.8702;273.6143;356.3443;0.1208;0.1554;-0.0869;0.0043;-0.0006;0.4388;4.0731;-6.7428;193037;71.72169;Infinity;2664.51;40.7910;-12.6318;1.2831;1.1729;3.8209;-40.8081;352.2991;352.5891;273.5538;343.5035;0.1251;1.8227;LeftFalse_RightFalse;LeftFalse_RightFalse;HandLeft_(0.3, -0.7, -0.3)_(0.6, 0.4, -0.7, 0.0)_1.046027_System.String[];HandLeft_(-0.6, -0.3, -0.2)_(0.8, 0.4, -0.4, -0.3)_1.005502_System.String[];HandRight_(0.5, -0.7, -0.3)_(-0.1, -0.6, -0.4, 0.6)_1.046027_System.String[];HandRight_(-0.5, -0.4, -0.1)_(-0.3, -0.6, -0.6, 0.4)_1.005502_System.String[];25.0334;0.0157;0.1465;40.8006;-13.2173;0.8481;1.1742;4.2776;-41.0072;1.7147;343.9128;263.8127;12.8022;2.2809;356.8586
0.7699;0.6349;False;False;40.5924;-12.8574;-0.0164;-0.0139;4.2280;-40.9887;359.8007;359.8685;273.7339;356.7633;0.1113;0.1579;-0.0605;0.0045;-0.0001;0.4503;4.1200;-6.7942;193040;71.5878;Infinity;2664.55;40.5070;-12.6324;1.2834;1.1729;3.8400;-40.6386;352.3004;352.5876;273.6816;343.9201;0.1156;1.8252;LeftFalse_RightFalse;LeftFalse_RightFalse;HandLeft_(0.3, -0.7, -0.3)_(0.6, 0.4, -0.7, 0.0)_1.046027_System.String[];HandLeft_(-0.6, -0.3, -0.2)_(0.8, 0.4, -0.4, -0.3)_1.005502_System.String[];HandRight_(0.5, -0.7, -0.3)_(-0.1, -0.6, -0.4, 0.6)_1.046027_System.String[];HandRight_(-0.5, -0.4, -0.1)_(-0.3, -0.7, -0.6, 0.4)_1.005502_System.String[];25.0754;0.0113;0.1465;40.5182;-13.2196;0.8483;1.1741;4.2965;-40.8336;1.6278;343.8082;263.7710;13.1589;2.2711;356.9589
0.7698;0.6343;False;False;40.3081;-12.8592;-0.0162;-0.0139;4.2470;-40.8159;359.8020;359.8675;273.8321;357.1839;0.1012;0.1609;-0.0332;0.0046;0.0002;0.4601;4.1663;-6.8454;193043;71.7916;Infinity;2664.59;40.2219;-12.6317;1.2836;1.1729;3.8594;-40.4677;352.3016;352.5870;273.7883;344.3399;0.1057;1.8282;LeftFalse_RightFalse;LeftFalse_RightFalse;HandLeft_(0.3, -0.7, -0.3)_(0.6, 0.4, -0.7, 0.1)_1.046027_System.String[];HandLeft_(-0.6, -0.3, -0.2)_(0.8, 0.4, -0.4, -0.3)_1.005502_System.String[];HandRight_(0.5, -0.7, -0.3)_(0.0, -0.7, -0.4, 0.6)_1.046027_System.String[];HandRight_(-0.5, -0.4, -0.1)_(-0.3, -0.6, -0.6, 0.4)_1.005502_System.String[];25.1172;0.0074;0.1463;40.2346;-13.2209;0.8487;1.1742;4.3158;-40.6588;1.4725;343.6997;263.7835;13.4905;2.2507;357.0528
0.7697;0.6339;False;False;40.0204;-12.8599;-0.0160;-0.0139;4.2664;-40.6404;359.8035;359.8670;273.9109;357.6111;0.0912;0.1642;-0.0050;0.0048;0.0003;0.4688;4.2122;-6.8964;193046;71.71979;Infinity;2664.64;39.9352;-12.6298;1.2839;1.1729;3.8791;-40.2951;352.3030;352.5871;273.8744;344.7639;0.0954;1.8316;LeftFalse_RightFalse;LeftFalse_RightFalse;HandLeft_(0.3, -0.7, -0.3)_(0.6, 0.4, -0.7, 0.1)_1.046027_System.String[];HandLeft_(-0.6, -0.3, -0.2)_(0.8, 0.4, -0.4, -0.3)_1.005502_System.String[];HandRight_(0.5, -0.7, -0.3)_(0.0, -0.7, -0.4, 0.6)_1.046027_System.String[];HandRight_(-0.5, -0.4, -0.1)_(-0.3, -0.6, -0.6, 0.4)_1.005502_System.String[];25.1589;0.0036;0.1463;39.9490;-13.2209;0.8491;1.1744;4.3354;-40.4824;1.3591;343.5951;263.8013;13.7801;2.2640;357.1513
0.7704;0.6336;False;False;39.7317;-12.8593;-0.0158;-0.0139;4.2860;-40.4637;359.8053;359.8667;273.9706;358.0408;0.0811;0.1677;0.0241;0.0049;0.0004;0.4757;4.2577;-6.9472;193049;71.85844;Infinity;2664.68;39.6460;-12.6267;1.2841;1.1730;3.8992;-40.1203;352.3047;352.5875;273.9416;345.1929;0.0852;1.8351;LeftFalse_RightFalse;LeftFalse_RightFalse;HandLeft_(0.3, -0.7, -0.3)_(0.5, 0.4, -0.7, 0.1)_1.046027_System.String[];HandLeft_(-0.6, -0.3, -0.2)_(0.8, 0.4, -0.4, -0.3)_1.005502_System.String[];HandRight_(0.5, -0.7, -0.3)_(0.0, -0.7, -0.3, 0.6)_1.046027_System.String[];HandRight_(-0.5, -0.4, -0.1)_(-0.3, -0.6, -0.6, 0.4)_1.005502_System.String[];25.2007;0.0007;0.1461;39.6606;-13.2197;0.8494;1.1746;4.3553;-40.3036;1.2141;343.4838;263.8098;14.0451;2.2210;357.2492
0.7712;0.6330;False;False;39.4385;-12.8574;-0.0156;-0.0139;4.3061;-40.2836;359.8061;359.8666;274.0132;358.4785;0.0707;0.1713;0.0541;0.0040;0.0004;0.4816;4.3027;-6.9981;193052;71.62096;Infinity;2664.72;39.3544;-12.6222;1.2844;1.1730;3.9195;-39.9434;352.3059;352.5882;273.9908;345.6268;0.0748;1.8386;LeftFalse_RightFalse;LeftFalse_RightFalse;HandLeft_(0.3, -0.7, -0.3)_(0.5, 0.4, -0.7, 0.1)_1.046027_System.String[];HandLeft_(-0.6, -0.3, -0.2)_(0.8, 0.4, -0.4, -0.3)_1.005502_System.String[];HandRight_(0.5, -0.7, -0.3)_(0.0, -0.7, -0.4, 0.6)_1.046027_System.String[];HandRight_(-0.5, -0.4, -0.1)_(-0.3, -0.6, -0.6, 0.3)_1.005502_System.String[];25.2427;-0.0008;0.1459;39.3700;-13.2169;0.8500;1.1747;4.3752;-40.1225;1.0417;343.4039;263.7822;14.3253;2.1312;357.3153
0.7718;0.6319;False;False;39.1411;-12.8541;-0.0154;-0.0139;4.3266;-40.1004;359.8059;359.8667;274.0410;358.9233;0.0608;0.1748;0.1008;0.0036;0.0004;0.4903;4.3691;-7.0740;193055;71.31929;Infinity;2664.76;39.0571;-12.6164;1.2846;1.1730;3.9402;-39.7623;352.3060;352.5890;274.0245;346.0706;0.0646;1.8421;LeftFalse_RightFalse;LeftFalse_RightFalse;HandLeft_(0.3, -0.7, -0.3)_(0.5, 0.4, -0.7, 0.1)_1.046027_System.String[];HandLeft_(-0.6, -0.3, -0.2)_(0.8, 0.4, -0.4, -0.3)_1.005502_System.String[];HandRight_(0.5, -0.7, -0.3)_(0.0, -0.7, -0.3, 0.6)_1.046027_System.String[];HandRight_(-0.5, -0.4, -0.1)_(-0.3, -0.6, -0.6, 0.4)_1.005502_System.String[];25.2849;-0.0012;0.1458;39.0733;-13.2126;0.8505;1.1747;4.3954;-39.9369;0.8462;343.3396;263.7037;14.6454;2.0575;357.3433
0.7723;0.6296;False;False;38.8452;-12.8495;-0.0153;-0.0139;4.3471;-39.9175;359.8051;359.8668;274.0577;359.3670;0.0519;0.1783;0.1330;0.0035;0.0004;0.4961;4.4126;-7.1244;193058;71.60167;Infinity;2664.80;38.7610;-12.6092;1.2848;1.1731;3.9610;-39.5814;352.3054;352.5898;274.0457;346.5135;0.0553;1.8455;LeftFalse_RightFalse;LeftFalse_RightFalse;HandLeft_(0.3, -0.7, -0.3)_(0.5, 0.4, -0.7, 0.1)_1.046027_System.String[];HandLeft_(-0.6, -0.3, -0.2)_(0.8, 0.4, -0.4, -0.3)_1.005502_System.String[];HandRight_(0.5, -0.7, -0.3)_(0.0, -0.7, -0.3, 0.6)_1.046027_System.String[];HandRight_(-0.5, -0.4, -0.1)_(-0.3, -0.6, -0.6, 0.4)_1.005502_System.String[];25.3267;-0.0012;0.1454;38.7776;-13.2069;0.8513;1.1748;4.4153;-39.7515;0.6323;343.3036;263.5544;15.0193;2.0591;357.3484
0.7722;0.6273;False;False;38.5431;-12.8433;-0.0151;-0.0138;4.3681;-39.7302;359.8038;359.8671;274.0671;359.8204;0.0440;0.1814;0.1660;0.0036;0.0005;0.5018;4.4553;-7.1746;193061;71.32206;Infinity;2664.85;38.4606;-12.6005;1.2850;1.1731;3.9821;-39.3973;352.3043;352.5908;274.0584;346.9639;0.0469;1.8487;LeftFalse_RightFalse;LeftFalse_RightFalse;HandLeft_(0.3, -0.7, -0.3)_(0.5, 0.4, -0.7, 0.1)_1.046027_System.String[];HandLeft_(-0.6, -0.3, -0.2)_(0.8, 0.4, -0.4, -0.3)_1.005502_System.String[];HandRight_(0.5, -0.7, -0.3)_(0.0, -0.7, -0.3, 0.6)_1.046027_System.String[];HandRight_(-0.5, -0.4, -0.1)_(-0.3, -0.6, -0.6, 0.4)_1.005502_System.String[];25.3689;-0.0012;0.1449;38.4774;-13.1996;0.8518;1.1748;4.4354;-39.5627;0.4415;343.2959;263.3597;15.4643;2.1809;357.3471
0.7711;0.6256;False;False;38.2403;-12.8357;-0.0150;-0.0138;4.3893;-39.5420;359.8024;359.8675;274.0714;0.2752;0.0372;0.1841;0.2041;0.0035;0.0005;0.5070;4.4972;-7.2244;193064;71.31902;Infinity;2664.89;38.1579;-12.5903;1.2852;1.1731;4.0034;-39.2113;352.3029;352.5918;274.0652;347.4181;0.0397;1.8515;LeftFalse_RightFalse;LeftFalse_RightFalse;HandLeft_(0.3, -0.7, -0.3)_(0.5, 0.4, -0.7, 0.1)_1.046027_System.String[];HandLeft_(-0.6, -0.3, -0.2)_(0.8, 0.4, -0.4, -0.3)_1.005502_System.String[];HandRight_(0.5, -0.7, -0.3)_(0.0, -0.7, -0.3, 0.6)_1.046027_System.String[];HandRight_(-0.5, -0.4, -0.1)_(-0.3, -0.6, -0.6, 0.4)_1.005502_System.String[];25.4111;-0.0018;0.1443;38.1749;-13.1908;0.8522;1.1748;4.4556;-39.3720;0.3206;343.3124;263.1523;15.9599;2.3925;357.3477
0.7692;0.6248;False;False;37.9375;-12.8265;-0.0148;-0.0138;4.4105;-39.3534;359.8016;359.8680;274.0715;0.7299;0.0312;0.1858;0.2367;0.0033;0.0005;0.5109;4.5386;-7.2740;193067;71.58215;Infinity;2664.93;37.8556;-12.5786;1.2854;1.1732;4.0247;-39.0250;352.3018;352.5927;274.0676;347.8720;0.0335;1.8533;LeftFalse_RightFalse;LeftFalse_RightFalse;HandLeft_(0.3, -0.7, -0.3)_(0.5, 0.4, -0.7, 0.1)_1.046027_System.String[];HandLeft_(-0.6, -0.3, -0.2)_(0.8, 0.4, -0.4, -0.3)_1.005502_System.String[];HandRight_(0.5, -0.7, -0.3)_(0.0, -0.7, -0.3, 0.6)_1.046027_System.String[];HandRight_(-0.5, -0.4, -0.1)_(-0.3, -0.6, -0.6, 0.3)_1.005502_System.String[];25.4529;-0.0036;0.1435;37.8726;-13.1803;0.8525;1.1748;4.4759;-39.1810;0.2542;343.3485;262.8631;16.4426;2.6738;357.3441
0.7672;0.6244;False;False;37.6301;-12.8158;-0.0147;-0.0138;4.4320;-39.1613;359.8015;359.8686;274.0661;1.1908;0.0252;0.1878;0.2704;0.0032;0.0006;0.5129;4.5795;-7.3232;193070;71.3874;Infinity;2664.97;37.5498;-12.5653;1.2856;1.1732;4.0462;-38.8362;352.3015;352.5936;274.0652;348.3306;0.0275;1.8550;LeftFalse_RightFalse;LeftFalse_RightFalse;HandLeft_(0.3, -0.7, -0.3)_(0.5, 0.4, -0.7, 0.1)_1.046027_System.String[];HandLeft_(-0.6, -0.3, -0.2)_(0.8, 0.4, -0.4, -0.3)_1.005502_System.String[];HandRight_(0.5, -0.7, -0.3)_(0.0, -0.7, -0.3, 0.7)_1.046027_System.String[];HandRight_(-0.5, -0.4, -0.1)_(-0.3, -0.6, -0.6, 0.4)_1.005502_System.String[];25.4949;-0.0064;0.1418;37.5667;-13.1683;0.8528;1.1749;4.4965;-38.9874;0.2620;343.4053;262.5072;16.9073;2.9257;357.3291
0.7657;0.6235;False;False;37.3210;-12.8036;-0.0146;-0.0137;4.4535;-38.9678;359.8018;359.8692;274.0523;1.6520;0.0187;0.1899;0.3044;0.0031;0.0006;0.5124;4.6199;-7.3720;193073;71.37137;Infinity;2665.01;37.2413;-12.5506;1.2858;1.1732;4.0679;-38.6452;352.3016;352.5947;274.0556;348.7918;0.0212;1.8569;LeftFalse_RightFalse;LeftFalse_RightFalse;HandLeft_(0.3, -0.7, -0.3)_(0.5, 0.4, -0.7, 0.1)_1.046027_System.String[];HandLeft_(-0.6, -0.3, -0.2)_(0.8, 0.4, -0.4, -0.3)_1.005502_System.String[];HandRight_(0.5, -0.7, -0.3)_(0.0, -0.7, -0.3, 0.7)_1.046027_System.String[];HandRight_(-0.5, -0.4, -0.1)_(-0.3, -0.6, -0.6, 0.3)_1.005502_System.String[];25.5371;-0.0102;0.1395;37.2577;-13.1548;0.8530;1.1749;4.5173;-38.7915;0.2889;343.4771;262.0775;17.3571;3.1481;357.3234
0.7646;0.6229;False;False;37.0100;-12.7900;-0.0144;-0.0137;4.4750;-38.7727;359.8024;359.8698;274.0266;2.1123;0.0116;0.1919;0.3389;0.0031;0.0006;0.5098;4.6598;-7.4204;193076;71.38126;Infinity;2665.06;36.9314;-12.5344;1.2860;1.1733;4.0894;-38.4529;352.3021;352.5957;274.0350;349.2518;0.0141;1.8588;LeftFalse_RightFalse;LeftFalse_RightFalse;HandLeft_(0.3, -0.7, -0.3)_(0.5, 0.4, -0.7, 0.1)_1.046027_System.String[];HandLeft_(-0.6, -0.3, -0.2)_(0.8, 0.4, -0.4, -0.3)_1.005502_System.String[];HandRight_(0.5, -0.7, -0.3)_(0.0, -0.7, -0.3, 0.7)_1.046027_System.String[];HandRight_(-0.5, -0.4, -0.1)_(-0.3, -0.6, -0.6, 0.4)_1.005502_System.String[];25.5791;-0.0147;0.1367;36.9474;-13.1397;0.8532;1.1749;4.5381;-38.5943;0.3194;343.5581;261.6108;17.7974;3.2900;357.3222
0.7638;0.6224;False;False;36.6971;-12.7748;-0.0143;-0.0137;4.4962;-38.5760;359.8032;359.8705;273.9859;2.5701;0.0036;0.1936;0.3733;0.0030;0.0006;0.5041;4.6993;-7.4686;193079;71.40193;Infinity;2665.10;36.6193;-12.5166;1.2861;1.1733;4.1108;-38.2587;352.3029;352.5967;274.0005;349.7104;0.0064;1.8604;LeftFalse_RightFalse;LeftFalse_RightFalse;HandLeft_(0.3, -0.7, -0.3)_(0.5, 0.4, -0.7, 0.1)_1.046027_System.String[];HandLeft_(-0.6, -0.3, -0.2)_(0.8, 0.4, -0.4, -0.3)_1.005502_System.String[];HandRight_(0.5, -0.7, -0.3)_(0.0, -0.7, -0.3, 0.7)_1.046027_System.String[];HandRight_(-0.5, -0.4, -0.1)_(-0.3, -0.6, -0.6, 0.4)_1.005502_System.String[];25.6211;-0.0196;0.1341;36.6349;-13.1231;0.8534;1.1749;4.5589;-38.3953;0.3203;343.6104;261.1698;18.2398;3.3293;357.3328
0.7632;0.6220;False;False;36.3817;-12.7581;-0.0142;-0.0137;4.5171;-38.3772;359.8042;359.8712;273.9261;3.0252;-0.0056;0.1946;0.4078;0.0030;0.0005;0.4956;4.7383;-7.5165;193082;71.35667;Infinity;2665.14;36.3055;-12.4974;1.2863;1.1733;4.1318;-38.0630;352.3039;352.5977;273.9483;350.1658;-0.0024;1.8615;LeftFalse_RightFalse;LeftFalse_RightFalse;HandLeft_(0.3, -0.8, -0.3)_(0.5, 0.4, -0.7, 0.1)_1.046027_System.String[];HandLeft_(-0.6, -0.3, -0.2)_(0.8, 0.4, -0.4, -0.3)_1.005502_System.String[];HandRight_(0.5, -0.7, -0.3)_(0.0, -0.7, -0.3, 0.7)_1.046027_System.String[];HandRight_(-0.5, -0.4, -0.1)_(-0.3, -0.6, -0.6, 0.4)_1.005502_System.String[];25.6631;-0.0238;0.1315;36.3205;-13.1052;0.8535;1.1749;4.5796;-38.1948;0.3084;343.6769;260.8010;18.6493;3.2780;357.3510
0.7628;0.6207;False;False;36.0670;-12.7400;-0.0141;-0.0137;4.5373;-38.1787;359.8055;359.8721;273.8459;3.4720;359.9839;0.1953;0.4603;0.0037;0.0002;0.4795;4.7958;-7.5880;193085;71.67508;Infinity;2665.18;35.9906;-12.4768;1.2865;1.1733;4.1523;-37.8661;352.3051;352.5987;273.8761;350.6159;359.9874;1.8620;LeftFalse_RightFalse;LeftFalse_RightFalse;HandLeft_(0.3, -0.8, -0.3)_(0.5, 0.5, -0.7, 0.1)_1.046027_System.String[];HandLeft_(-0.6, -0.3, -0.2)_(0.8, 0.4, -0.4, -0.3)_1.005502_System.String[];HandRight_(0.5, -0.7, -0.3)_(0.1, -0.6, -0.3, 0.7)_1.046027_System.String[];HandRight_(-0.5, -0.4, -0.1)_(-0.3, -0.6, -0.6, 0.4)_1.005502_System.String[];25.7048;-0.0267;0.1289;36.0050;-13.0859;0.8537;1.1749;4.5999;-37.9932;0.2598;343.7382;260.5200;19.0129;3.1866;357.3611
0.7625;0.6198;False;False;35.7476;-12.7202;-0.0139;-0.0136;4.5572;-37.9767;359.8053;359.8732;273.7458;3.9187;359.9721;0.1961;0.4955;0.0052;0.0001;0.4680;4.8334;-7.6350;193088;71.50107;Infinity;2665.22;35.6741;-12.4547;1.2868;1.1733;4.1723;-37.6679;352.3056;352.5999;273.7843;351.0616;359.9755;1.8626;LeftFalse_RightFalse;LeftFalse_RightFalse;HandLeft_(0.3, -0.8, -0.3)_(0.5, 0.5, -0.7, 0.1)_1.046027_System.String[];HandLeft_(-0.6, -0.3, -0.2)_(0.8, 0.4, -0.4, -0.3)_1.005502_System.String[];HandRight_(0.5, -0.7, -0.3)_(0.1, -0.6, -0.3, 0.7)_1.046027_System.String[];HandRight_(-0.5, -0.4, -0.1)_(-0.3, -0.6, -0.6, 0.4)_1.005502_System.String[];25.7468;-0.0278;0.1264;35.6878;-13.0649;0.8538;1.1749;4.6196;-37.7903;0.1964;343.7843;260.3014;19.3313;3.0654;357.3721
0.7623;0.6191;False;False;35.4244;-12.6987;-0.0136;-0.0136;4.5768;-37.7720;359.8032;359.8743;273.6290;4.3631;359.9618;0.1969;0.5310;0.0059;0.0001;0.4563;4.8705;-7.6817;193091;71.25049;Infinity;2665.27;35.3520;-12.4308;1.2871;1.1733;4.1919;-37.4656;352.3040;352.6011;273.6739;351.5082;359.9648;1.8632;LeftFalse_RightFalse;LeftFalse_RightFalse;HandLeft_(0.3, -0.8, -0.3)_(0.5, 0.4, -0.7, 0.1)_1.046027_System.String[];HandLeft_(-0.6, -0.3, -0.2)_(0.8, 0.4, -0.4, -0.3)_1.005502_System.String[];HandRight_(0.5, -0.7, -0.3)_(0.1, -0.6, -0.3, 0.7)_1.046027_System.String[];HandRight_(-0.5, -0.4, -0.1)_(-0.3, -0.6, -0.6, 0.4)_1.005502_System.String[];25.7891;-0.0279;0.1241;35.3647;-13.0421;0.8540;1.1749;4.6391;-37.5832;0.1720;343.8265;260.1168;19.6573;2.9398;357.3863
0.7621;0.6182;False;False;35.1011;-12.6758;-0.0134;-0.0136;4.5957;-37.5669;359.7996;359.8753;273.5014;4.8003;359.9528;0.1975;0.5666;0.0060;0.0000;0.4444;4.9071;-7.7282;193094;71.34722;Infinity;2665.31;35.0299;-12.4055;1.2874;1.1733;4.2108;-37.2629;352.3009;352.6023;273.5508;351.9473;359.9554;1.8636;LeftFalse_RightFalse;LeftFalse_RightFalse;HandLeft_(0.3, -0.8, -0.3)_(0.5, 0.4, -0.7, 0.1)_1.046027_System.String[];HandLeft_(-0.6, -0.3, -0.2)_(0.8, 0.4, -0.4, -0.3)_1.005502_System.String[];HandRight_(0.5, -0.7, -0.3)_(0.1, -0.6, -0.3, 0.7)_1.046027_System.String[];HandRight_(-0.5, -0.4, -0.1)_(-0.3, -0.6, -0.6, 0.4)_1.005502_System.String[];25.8311;-0.0278;0.1219;35.0417;-13.0182;0.8543;1.1749;4.6579;-37.3759;0.1777;343.8778;259.9025;20.0012;2.8966;357.3980
0.7620;0.6168;False;False;34.7775;-12.6515;-0.0131;-0.0136;4.6139;-37.3613;359.7949;359.8763;273.3663;5.2310;359.9449;0.1980;0.6030;0.0059;-0.0001;0.4319;4.9430;-7.7744;193097;71.60138;Infinity;2665.35;34.7071;-12.3789;1.2877;1.1733;4.2291;-37.0594;352.2965;352.6034;273.4189;352.3805;359.9469;1.8639;LeftFalse_RightFalse;LeftFalse_RightFalse;HandLeft_(0.3, -0.8, -0.3)_(0.5, 0.5, -0.7, 0.1)_1.046027_System.String[];HandLeft_(-0.6, -0.3, -0.2)_(0.8, 0.4, -0.4, -0.3)_1.005502_System.String[];HandRight_(0.5, -0.7, -0.3)_(0.1, -0.6, -0.3, 0.7)_1.046027_System.String[];HandRight_(-0.5, -0.4, -0.1)_(-0.3, -0.6, -0.6, 0.4)_1.005502_System.String[];25.8728;-0.0278;0.1203;34.7177;-12.9926;0.8546;1.1748;4.6758;-37.1678;0.1343;343.9326;259.6883;20.3557;2.9192;357.4188
0.7619;0.6155;False;False;34.4519;-12.6255;-0.0129;-0.0136;4.6317;-37.1543;359.7898;359.8773;273.2255;5.6582;359.9381;0.1986;0.6400;0.0059;-0.0001;0.4185;4.9782;-7.8204;193100;71.73447;Infinity;2665.39;34.3835;-12.3507;1.2880;1.1733;4.2467;-36.8551;352.2916;352.6045;273.2809;352.8083;359.9397;1.8642;LeftFalse_RightFalse;LeftFalse_RightFalse;HandLeft_(0.3, -0.8, -0.3)_(0.5, 0.4, -0.7, 0.1)_1.046027_System.String[];HandLeft_(-0.6, -0.3, -0.2)_(0.8, 0.4, -0.4, -0.3)_1.005502_System.String[];HandRight_(0.5, -0.7, -0.3)_(0.1, -0.6, -0.3, 0.7)_1.046027_System.String[];HandRight_(-0.5, -0.4, -0.1)_(-0.3, -0.6, -0.6, 0.4)_1.005502_System.String[];25.9146;-0.0278;0.1193;34.3931;-12.9654;0.8548;1.1746;4.6931;-36.9589;0.1021;343.9793;259.5343;20.7098;2.9468;357.4391
0.7637;0.6138;False;False;34.1218;-12.5977;-0.0127;-0.0136;4.6489;-36.9441;359.7845;359.8780;273.0793;6.0860;359.9316;0.1999;0.6804;0.0057;0.0014;0.4043;5.0124;-7.8662;193103;71.54415;Infinity;2665.43;34.0558;-12.3208;1.2883;1.1733;4.2638;-36.6479;352.2863;352.6054;273.1371;353.2362;359.9331;1.8649;LeftFalse_RightFalse;LeftFalse_RightFalse;HandLeft_(0.3, -0.8, -0.3)_(0.5, 0.5, -0.7, 0.1)_1.046027_System.String[];HandLeft_(-0.6, -0.3, -0.2)_(0.8, 0.4, -0.4, -0.3)_1.005502_System.String[];HandRight_(0.5, -0.7, -0.3)_(0.1, -0.6, -0.3, 0.7)_1.046027_System.String[];HandRight_(-0.5, -0.4, -0.1)_(-0.3, -0.6, -0.6, 0.4)_1.005502_System.String[];25.9565;-0.0278;0.1184;34.0645;-12.9366;0.8550;1.1744;4.7099;-36.7471;0.0725;344.0241;259.4084;21.0665;2.9633;357.4665
0.7653;0.6126;False;False;33.7879;-12.5679;-0.0124;-0.0136;4.6656;-36.7312;359.7787;359.8789;272.9291;6.5146;359.9254;0.2014;0.7204;0.0060;0.0005;0.3892;5.0459;-7.9119;193106;71.26611;Infinity;2665.48;33.7244;-12.2890;1.2886;1.1734;4.2803;-36.4381;352.2808;352.6066;272.9891;353.6639;359.9267;1.8663;LeftFalse_RightFalse;LeftFalse_RightFalse;HandLeft_(0.3, -0.8, -0.3)_(0.5, 0.5, -0.7, 0.1)_1.046027_System.String[];HandLeft_(-0.6, -0.3, -0.2)_(0.8, 0.4, -0.4, -0.3)_1.005502_System.String[];HandRight_(0.5, -0.7, -0.3)_(0.1, -0.6, -0.3, 0.7)_1.046027_System.String[];HandRight_(-0.5, -0.4, -0.1)_(-0.3, -0.6, -0.6, 0.4)_1.005502_System.String[];25.9988;-0.0278;0.1174;33.7321;-12.9059;0.8552;1.1742;4.7260;-36.5328;0.0432;344.0732;259.2676;21.4213;2.9755;357.5011
0.7664;0.6117;False;False;33.4543;-12.5365;-0.0121;-0.0136;4.6815;-36.5183;359.7721;359.8801;272.7775;6.9391;359.9198;0.2026;0.7601;0.0062;-0.0001;0.3734;5.0789;-7.9576;193109;71.35142;Infinity;2665.52;33.3915;-12.2554;1.2889;1.1734;4.2962;-36.2272;352.2744;352.6079;272.8384;354.0899;359.9209;1.8673;LeftFalse_RightFalse;LeftFalse_RightFalse;HandLeft_(0.3, -0.8, -0.3)_(0.5, 0.4, -0.7, 0.1)_1.046027_System.String[];HandLeft_(-0.6, -0.3, -0.2)_(0.8, 0.4, -0.4, -0.3)_1.005502_System.String[];HandRight_(0.5, -0.7, -0.3)_(0.1, -0.6, -0.3, 0.7)_1.046027_System.String[];HandRight_(-0.5, -0.4, -0.1)_(-0.3, -0.6, -0.6, 0.4)_1.005502_System.String[];26.0408;-0.0278;0.1163;33.3982;-12.8732;0.8555;1.1741;4.7413;-36.3173;0.0204;344.1202;259.0871;21.7726;3.0156;357.5501
0.7673;0.6111;False;False;33.1193;-12.5035;-0.0119;-0.0136;4.6966;-36.3045;359.7650;359.8816;272.6242;7.3619;359.9146;0.2038;0.7998;0.0063;-0.0005;0.3569;5.1114;-8.0031;193112;71.47588;Infinity;2665.56;33.0577;-12.2202;1.2892;1.1734;4.3112;-36.0155;352.2674;352.6096;272.6862;354.5138;359.9155;1.8682;LeftFalse_RightFalse;LeftFalse_RightFalse;HandLeft_(0.3, -0.8, -0.3)_(0.5, 0.4, -0.7, 0.1)_1.046027_System.String[];HandLeft_(-0.6, -0.3, -0.2)_(0.8, 0.4, -0.4, -0.3)_1.005502_System.String[];HandRight_(0.5, -0.7, -0.3)_(0.1, -0.6, -0.3, 0.7)_1.046027_System.String[];HandRight_(-0.5, -0.4, -0.1)_(-0.3, -0.6, -0.6, 0.4)_1.005502_System.String[];26.0828;-0.0277;0.1151;33.0632;-12.8390;0.8557;1.1740;4.7558;-36.1010;359.9854;344.1345;258.8914;22.1286;3.0876;357.6074
0.7679;0.6106;False;False;32.7825;-12.4687;-0.0116;-0.0136;4.7110;-36.0893;359.7606;359.8833;272.4696;7.7835;359.9095;0.2050;0.8597;0.0086;-0.0009;0.3311;5.1590;-8.0709;193115;71.51689;Infinity;2665.60;32.7236;-12.1835;1.2896;1.1734;4.3255;-35.8035;352.2619;352.6115;272.5331;354.9344;359.9102;1.8690;LeftFalse_RightFalse;LeftFalse_RightFalse;HandLeft_(0.3, -0.8, -0.3)_(0.5, 0.5, -0.7, 0.1)_1.046027_System.String[];HandLeft_(-0.6, -0.3, -0.2)_(0.8, 0.4, -0.4, -0.3)_1.005502_System.String[];HandRight_(0.5, -0.7, -0.3)_(0.1, -0.6, -0.3, 0.7)_1.046027_System.String[];HandRight_(-0.5, -0.4, -0.1)_(-0.3, -0.6, -0.6, 0.4)_1.005502_System.String[];26.1248;-0.0273;0.1141;32.7278;-12.8033;0.8561;1.1739;4.7694;-35.8845;359.9567;344.1234;258.6882;22.4852;3.1778;357.6676
0.7683;0.6103;False;False;32.4431;-12.4321;-0.0112;-0.0136;4.7247;-35.8724;359.7579;359.8851;272.3141;8.2052;359.9059;0.2062;0.9001;0.0092;-0.0010;0.3137;5.1901;-8.1159;193118;71.48907;Infinity;2665.64;32.3861;-12.1449;1.2900;1.1733;4.3390;-35.5893;352.2587;352.6135;272.3782;355.3561;359.9061;1.8698;LeftFalse_RightFalse;LeftFalse_RightFalse;HandLeft_(0.3, -0.8, -0.3)_(0.5, 0.5, -0.7, 0.1)_1.046027_System.String[];HandLeft_(-0.6, -0.3, -0.2)_(0.8, 0.4, -0.4, -0.3)_1.005502_System.String[];HandRight_(0.5, -0.7, -0.3)_(0.1, -0.6, -0.3, 0.7)_1.046027_System.String[];HandRight_(-0.5, -0.4, -0.1)_(-0.3, -0.6, -0.6, 0.4)_1.005502_System.String[];26.1667;-0.0265;0.1133;32.3891;-12.7656;0.8564;1.1738;4.7822;-35.6657;359.9530;344.1100;258.4857;22.8309;3.2540;357.7169
0.7686;0.6100;False;False;32.1014;-12.3937;-0.0108;-0.0137;4.7376;-35.6539;359.7566;359.8869;272.1592;8.6267;359.9030;0.2073;0.9409;0.0092;-0.0012;0.2968;5.2206;-8.1606;193121;71.46418;Infinity;2665.69;32.0455;-12.1044;1.2904;1.1733;4.3518;-35.3730;352.2569;352.6155;272.2229;355.7786;359.9031;1.8705;LeftFalse_RightFalse;LeftFalse_RightFalse;HandLeft_(0.3, -0.8, -0.3)_(0.5, 0.5, -0.7, 0.1)_1.046027_System.String[];HandLeft_(-0.6, -0.3, -0.2)_(0.8, 0.4, -0.4, -0.3)_1.005502_System.String[];HandRight_(0.5, -0.7, -0.3)_(0.1, -0.6, -0.3, 0.7)_1.046027_System.String[];HandRight_(-0.5, -0.4, -0.1)_(-0.3, -0.6, -0.6, 0.4)_1.005502_System.String[];26.2087;-0.0248;0.1127;32.0473;-12.7258;0.8568;1.1737;4.7944;-35.4449;359.9604;344.0979;258.2885;23.1655;3.3137;357.7563
0.7689;0.6102;False;False;31.7577;-12.3534;-0.0104;-0.0137;4.7498;-35.4340;359.7562;359.8884;272.0074;9.0486;359.9012;0.2084;0.9825;0.0094;-0.0013;0.2810;5.2505;-8.2051;193124;71.42095;Infinity;2665.73;31.7041;-12.0623;1.2908;1.1732;4.3638;-35.1562;352.2563;352.6173;272.0704;356.1993;359.9008;1.8712;LeftFalse_RightFalse;LeftFalse_RightFalse;HandLeft_(0.3, -0.8, -0.3)_(0.5, 0.5, -0.7, 0.1)_1.046027_System.String[];HandLeft_(-0.6, -0.3, -0.2)_(0.8, 0.4, -0.4, -0.3)_1.005502_System.String[];HandRight_(0.5, -0.7, -0.3)_(0.1, -0.6, -0.3, 0.7)_1.046027_System.String[];HandRight_(-0.5, -0.4, -0.1)_(-0.3, -0.6, -0.6, 0.4)_1.005502_System.String[];26.2507;-0.0223;0.1127;31.7048;-12.6843;0.8572;1.1736;4.8058;-35.2235;359.9658;344.0619;258.1023;23.4857;3.3591;357.7786
0.7690;0.6107;False;False;31.4122;-12.3113;-0.0100;-0.0138;4.7613;-35.2129;359.7560;359.8895;271.8614;9.4712;359.9004;0.2097;1.0250;0.0093;-0.0013;0.2662;5.2798;-8.2493;193127;71.4201;Infinity;2665.77;31.3603;-12.0183;1.2912;1.1731;4.3751;-34.9377;352.2560;352.6188;271.9223;356.6213;359.8997;1.8721;LeftFalse_RightFalse;LeftFalse_RightFalse;HandLeft_(0.3, -0.8, -0.3)_(0.5, 0.5, -0.7, 0.1)_1.046027_System.String[];HandLeft_(-0.6, -0.3, -0.2)_(0.8, 0.4, -0.4, -0.3)_1.005502_System.String[];HandRight_(0.5, -0.7, -0.3)_(0.1, -0.6, -0.3, 0.7)_1.046027_System.String[];HandRight_(-0.5, -0.4, -0.1)_(-0.3, -0.6, -0.6, 0.4)_1.005502_System.String[];26.2927;-0.0190;0.1127;31.3597;-12.6408;0.8576;1.1735;4.8167;-35.0005;359.9626;344.0116;257.9455;23.7916;3.4089;357.7950
0.7692;0.6103;False;False;31.0666;-12.2676;-0.0096;-0.0138;4.7721;-34.9917;359.7559;359.8902;271.7255;9.8934;359.9009;0.2113;1.0683;0.0096;-0.0014;0.2533;5.3085;-8.2932;193130;71.62705;Infinity;2665.81;31.0154;-11.9725;1.2916;1.1731;4.3858;-34.7187;352.2559;352.6198;271.7824;357.0437;359.8997;1.8736;LeftFalse_RightFalse;LeftFalse_RightFalse;HandLeft_(0.3, -0.8, -0.3)_(0.5, 0.5, -0.7, 0.1)_1.046027_System.String[];HandLeft_(-0.6, -0.3, -0.2)_(0.8, 0.4, -0.4, -0.3)_1.005502_System.String[];HandRight_(0.5, -0.7, -0.3)_(0.0, -0.7, -0.3, 0.7)_1.046027_System.String[];HandRight_(-0.5, -0.4, -0.1)_(-0.3, -0.6, -0.6, 0.4)_1.005502_System.String[];26.3345;-0.0154;0.1127;31.0138;-12.5956;0.8580;1.1734;4.8269;-34.7773;359.9578;343.9483;257.8268;24.0838;3.4741;357.8132
0.7693;0.6097;False;False;30.7201;-12.2221;-0.0092;-0.0139;4.7824;-34.7699;359.7565;359.8911;271.6026;10.3167;359.9029;0.2122;1.1122;0.0100;-0.0015;0.2422;5.3365;-8.3368;193133;71.81078;Infinity;2665.85;30.6703;-11.9251;1.2920;1.1730;4.3959;-34.4995;352.2563;352.6210;271.6545;357.4662;359.9011;1.8744;LeftFalse_RightFalse;LeftFalse_RightFalse;HandLeft_(0.3, -0.8, -0.3)_(0.5, 0.5, -0.7, 0.1)_1.046027_System.String[];HandLeft_(-0.6, -0.3, -0.2)_(0.8, 0.4, -0.4, -0.3)_1.005502_System.String[];HandRight_(0.5, -0.7, -0.3)_(0.0, -0.7, -0.3, 0.7)_1.046027_System.String[];HandRight_(-0.5, -0.4, -0.1)_(-0.3, -0.6, -0.6, 0.4)_1.005502_System.String[];26.3762;-0.0116;0.1127;30.6677;-12.5486;0.8584;1.1733;4.8365;-34.5538;359.9415;343.8794;257.7057;24.3580;3.5647;357.8207
0.7693;0.6085;False;False;30.3654;-12.1738;-0.0088;-0.0140;4.7925;-34.5429;359.7581;359.8925;271.4930;10.7502;359.9075;0.2139;1.1567;0.0098;-0.0018;0.2323;5.3639;-8.3801;193136;71.24457;Infinity;2665.90;30.3205;-11.8754;1.2924;1.1730;4.4055;-34.2775;352.2575;352.6224;271.5403;357.8944;359.9048;1.8754;LeftFalse_RightFalse;LeftFalse_RightFalse;HandLeft_(0.3, -0.8, -0.3)_(0.5, 0.5, -0.7, 0.1)_1.046027_System.String[];HandLeft_(-0.6, -0.3, -0.2)_(0.8, 0.4, -0.4, -0.3)_1.005502_System.String[];HandRight_(0.5, -0.7, -0.3)_(0.0, -0.7, -0.3, 0.7)_1.046027_System.String[];HandRight_(-0.5, -0.4, -0.1)_(-0.3, -0.6, -0.6, 0.4)_1.005502_System.String[];26.4187;-0.0080;0.1129;30.3171;-12.4993;0.8588;1.1731;4.8459;-34.3277;359.9410;343.7894;257.5740;24.6214;3.6555;357.8316
0.7694;0.6069;False;False;30.0123;-12.1240;-0.0084;-0.0141;4.8020;-34.3169;359.7606;359.8943;271.4012;11.1824;359.9136;0.2161;1.2019;0.0095;-0.0019;0.2241;5.3905;-8.4232;193139;71.33498;Infinity;2665.94;29.9661;-11.8234;1.2927;1.1729;4.4149;-34.0526;352.2596;352.6245;271.4415;358.3286;359.9108;1.8771;LeftFalse_RightFalse;LeftFalse_RightFalse;HandLeft_(0.3, -0.8, -0.3)_(0.5, 0.5, -0.7, 0.1)_1.046027_System.String[];HandLeft_(-0.6, -0.3, -0.2)_(0.8, 0.4, -0.4, -0.3)_1.005502_System.String[];HandRight_(0.5, -0.7, -0.3)_(0.0, -0.7, -0.3, 0.7)_1.046027_System.String[];HandRight_(-0.5, -0.4, -0.1)_(-0.3, -0.6, -0.6, 0.4)_1.005502_System.String[];26.4607;-0.0050;0.1131;29.9619;-12.4476;0.8592;1.1729;4.8551;-34.0990;359.9369;343.6854;257.4811;24.8855;3.6937;357.8475
0.7694;0.6015;False;False;29.6571;-12.0722;-0.0080;-0.0141;4.8113;-34.0896;359.7636;359.8963;271.3264;11.6181;359.9207;0.2186;1.2478;0.0090;-0.0020;0.2171;5.4161;-8.4660;193142;71.34915;Infinity;2665.98;29.6121;-11.7697;1.2931;1.1728;4.4239;-33.8282;352.2626;352.6269;271.3604;358.7627;359.9175;1.8790;LeftFalse_RightFalse;LeftFalse_RightFalse;HandLeft_(0.3, -0.7, -0.3)_(0.5, 0.4, -0.7, 0.1)_1.046027_System.String[];HandLeft_(-0.6, -0.3, -0.2)_(0.8, 0.4, -0.4, -0.3)_1.005502_System.String[];HandRight_(0.5, -0.7, -0.3)_(0.0, -0.7, -0.4, 0.6)_1.046027_System.String[];HandRight_(-0.5, -0.4, -0.1)_(-0.3, -0.6, -0.6, 0.4)_1.005502_System.String[];26.5027;-0.0032;0.1135;29.6073;-12.3942;0.8596;1.1731;4.8640;-33.8703;-0.0006;343.5195;257.4339;25.1670;3.7495;357.8135
0.7684;0.5930;False;False;29.3011;-12.0184;-0.0077;-0.0142;4.8203;-33.8620;359.7670;359.8985;271.2676;12.0561;359.9281;0.2211;1.3180;0.0081;-0.0023;0.2076;5.4518;-8.5297;193145;71.49809;Infinity;2666.02;29.2559;-11.7139;1.2934;1.1727;4.4326;-33.6026;352.2659;352.6296;271.2955;359.2006;359.9251;1.8811;LeftFalse_RightFalse;LeftFalse_RightFalse;HandLeft_(0.3, -0.7, -0.3)_(0.5, 0.4, -0.7, 0.1)_1.046027_System.String[];HandLeft_(-0.6, -0.3, -0.2)_(0.8, 0.4, -0.4, -0.3)_1.005502_System.String[];HandRight_(0.5, -0.7, -0.3)_(0.0, -0.7, -0.4, 0.6)_1.046027_System.String[];HandRight_(-0.5, -0.4, -0.1)_(-0.3, -0.6, -0.6, 0.4)_1.005502_System.String[];26.5444;-0.0021;0.1143;29.2507;-12.3388;0.8599;1.1732;4.8727;-33.6402;0.0638;343.3497;257.3817;25.4581;3.7849;357.7790
0.7669;0.5821;False;False;28.9452;-11.9629;-0.0073;-0.0143;4.8289;-33.6346;359.7702;359.9003;271.2220;12.4960;359.9348;0.2240;1.3656;0.0079;-0.0024;0.2015;5.4733;-8.5717;193148;71.74554;Infinity;2666.06;28.9009;-11.6566;1.2937;1.1726;4.4410;-33.3779;352.2692;352.6321;271.2450;359.6388;359.9320;1.8834;LeftFalse_RightFalse;LeftFalse_RightFalse;HandLeft_(0.3, -0.7, -0.3)_(0.5, 0.4, -0.7, 0.1)_1.046027_System.String[];HandLeft_(-0.6, -0.3, -0.2)_(0.8, 0.4, -0.4, -0.3)_1.005502_System.String[];HandRight_(0.5, -0.7, -0.3)_(0.0, -0.7, -0.4, 0.6)_1.046027_System.String[];HandRight_(-0.5, -0.4, -0.1)_(-0.3, -0.6, -0.6, 0.4)_1.005502_System.String[];26.5862;-0.0020;0.1148;28.8953;-12.2817;0.8603;1.1735;4.8814;-33.4114;0.0865;343.1577;257.2934;25.7208;3.7687;357.7587
0.7655;0.5707;False;False;28.5874;-11.9053;-0.0070;-0.0144;4.8372;-33.4063;359.7737;359.9018;271.1859;12.9402;359.9411;0.2271;1.4133;0.0075;-0.0023;0.1955;5.4927;-8.6132;193151;71.86444;Infinity;2666.10;28.5439;-11.5972;1.2939;1.1725;4.4492;-33.1523;352.2725;352.6343;271.2052;0.0812;359.9384;1.8859;LeftFalse_RightFalse;LeftFalse_RightFalse;HandLeft_(0.3, -0.7, -0.3)_(0.5, 0.4, -0.7, 0.1)_1.046027_System.String[];HandLeft_(-0.6, -0.3, -0.2)_(0.8, 0.4, -0.4, -0.3)_1.005502_System.String[];HandRight_(0.5, -0.7, -0.3)_(0.0, -0.7, -0.4, 0.6)_1.046027_System.String[];HandRight_(-0.5, -0.4, -0.1)_(-0.3, -0.6, -0.6, 0.4)_1.005502_System.String[];26.6279;-0.0020;0.1151;28.5380;-12.2228;0.8606;1.1736;4.8899;-33.1814;0.0989;342.9812;257.1616;25.9325;3.7018;357.7725
0.7645;0.5611;False;False;28.2278;-11.8456;-0.0067;-0.0145;4.8453;-33.1771;359.7779;359.9030;271.1565;13.3883;359.9485;0.2303;1.4611;0.0072;-0.0024;0.1898;5.5099;-8.6543;193154;71.91449;Infinity;2666.15;28.1852;-11.5357;1.2942;1.1724;4.4571;-32.9260;352.2764;352.6363;271.1729;0.5275;359.9455;1.8889;LeftFalse_RightFalse;LeftFalse_RightFalse;HandLeft_(0.3, -0.7, -0.3)_(0.5, 0.4, -0.7, 0.1)_1.046027_System.String[];HandLeft_(-0.6, -0.3, -0.2)_(0.8, 0.4, -0.4, -0.3)_1.005502_System.String[];HandRight_(0.5, -0.7, -0.3)_(0.0, -0.7, -0.4, 0.6)_1.046027_System.String[];HandRight_(-0.5, -0.4, -0.1)_(-0.3, -0.6, -0.6, 0.4)_1.005502_System.String[];26.6694;-0.0020;0.1153;28.1791;-12.1619;0.8609;1.1737;4.8984;-32.9506;0.1028;342.8112;257.0394;26.1128;3.6200;357.8016
0.7637;0.5552;False;False;27.8665;-11.7839;-0.0064;-0.0146;4.8532;-32.9473;359.7830;359.9048;271.1321;13.8396;359.9553;0.2325;1.5091;0.0062;-0.0025;0.1848;5.5254;-8.6950;193157;71.95514;Infinity;2666.19;27.8244;-11.4721;1.2944;1.1723;4.4648;-32.6989;352.2812;352.6384;271.1460;0.9777;359.9528;1.8910;LeftFalse_RightFalse;LeftFalse_RightFalse;HandLeft_(0.3, -0.7, -0.3)_(0.5, 0.4, -0.7, 0.1)_1.046027_System.String[];HandLeft_(-0.6, -0.3, -0.2)_(0.8, 0.4, -0.4, -0.3)_1.005502_System.String[];HandRight_(0.5, -0.7, -0.3)_(0.0, -0.7, -0.4, 0.6)_1.046027_System.String[];HandRight_(-0.5, -0.4, -0.1)_(-0.3, -0.6, -0.6, 0.4)_1.005502_System.String[];26.7112;-0.0020;0.1153;27.8182;-12.0987;0.8612;1.1737;4.9065;-32.7187;0.0873;342.6515;256.9657;26.2569;3.5415;357.8387
0.7632;0.5519;False;False;27.5020;-11.7198;-0.0062;-0.0147;4.8609;-32.7159;359.7886;359.9071;271.1111;14.2955;359.9620;0.2348;1.5575;0.0056;-0.0029;0.1803;5.5398;-8.7355;193160;71.84157;Infinity;2666.23;27.4603;-11.4062;1.2946;1.1722;4.4723;-32.4702;352.2867;352.6409;271.1230;1.4327;359.9594;1.8927;LeftFalse_RightFalse;LeftFalse_RightFalse;HandLeft_(0.3, -0.7, -0.3)_(0.5, 0.4, -0.7, 0.1)_1.046027_System.String[];HandLeft_(-0.6, -0.3, -0.2)_(0.8, 0.4, -0.4, -0.3)_1.005502_System.String[];HandRight_(0.5, -0.7, -0.3)_(0.0, -0.7, -0.4, 0.6)_1.046027_System.String[];HandRight_(-0.5, -0.4, -0.1)_(-0.3, -0.6, -0.6, 0.4)_1.005502_System.String[];26.7529;-0.0020;0.1154;27.4540;-12.0333;0.8614;1.1736;4.9147;-32.4851;0.0861;342.5289;256.9456;26.3739;3.5121;357.8853
0.7624;0.5502;False;False;27.1372;-11.6539;-0.0059;-0.0149;4.8683;-32.4847;359.7940;359.9101;271.0925;14.7524;359.9679;0.2374;1.6062;0.0049;-0.0029;0.1764;5.5531;-8.7756;193163;71.91154;Infinity;2666.27;27.0963;-11.3385;1.2948;1.1721;4.4797;-32.2420;352.2923;352.6441;271.1029;1.8882;359.9658;1.8946;LeftFalse_RightFalse;LeftFalse_RightFalse;HandLeft_(0.3, -0.7, -0.3)_(0.5, 0.4, -0.7, 0.1)_1.046027_System.String[];HandLeft_(-0.6, -0.3, -0.2)_(0.8, 0.4, -0.4, -0.3)_1.005502_System.String[];HandRight_(0.5, -0.7, -0.3)_(0.0, -0.7, -0.4, 0.6)_1.046027_System.String[];HandRight_(-0.5, -0.4, -0.1)_(-0.3, -0.6, -0.6, 0.4)_1.005502_System.String[];26.7947;-0.0020;0.1154;27.0898;-11.9661;0.8617;1.1735;4.9225;-32.2520;0.0762;342.4872;256.9442;26.4161;3.4974;357.9232
0.7604;0.5493;False;False;26.7707;-11.5859;-0.0057;-0.0150;4.8756;-32.2531;359.7991;359.9135;271.0757;15.2117;359.9729;0.2401;1.6552;0.0045;-0.0031;0.1730;5.5656;-8.8153;193166;71.95713;Infinity;2666.31;26.7303;-11.2687;1.2949;1.1719;4.4869;-32.0132;352.2975;352.6480;271.0849;2.3464;359.9710;1.8966;LeftFalse_RightFalse;LeftFalse_RightFalse;HandLeft_(0.3, -0.7, -0.3)_(0.5, 0.4, -0.7, 0.1)_1.046027_System.String[];HandLeft_(-0.6, -0.3, -0.2)_(0.8, 0.4, -0.4, -0.3)_1.005502_System.String[];HandRight_(0.5, -0.7, -0.3)_(0.0, -0.7, -0.4, 0.6)_1.046027_System.String[];HandRight_(-0.5, -0.4, -0.1)_(-0.3, -0.6, -0.6, 0.4)_1.005502_System.String[];26.8364;-0.0020;0.1153;26.7238;-11.8971;0.8619;1.1734;4.9300;-32.0182;0.0795;342.5371;256.9412;26.3978;3.4543;357.9702
0.7564;0.5486;False;False;26.4004;-11.5153;-0.0056;-0.0151;4.8828;-32.0197;359.8038;359.9166;271.0599;15.6756;359.9778;0.2424;1.7045;0.0036;-0.0034;0.1700;5.5775;-8.8544;193169;71.75402;Infinity;2666.35;26.3619;-11.1966;1.2951;1.1718;4.4939;-31.7834;352.3021;352.6517;271.0683;2.8079;359.9756;1.8981;LeftFalse_RightFalse;LeftFalse_RightFalse;HandLeft_(0.3, -0.7, -0.3)_(0.5, 0.4, -0.7, 0.1)_1.046027_System.String[];HandLeft_(-0.6, -0.3, -0.2)_(0.8, 0.4, -0.4, -0.3)_1.005502_System.String[];HandRight_(0.5, -0.7, -0.3)_(0.0, -0.7, -0.4, 0.6)_1.046027_System.String[];HandRight_(-0.5, -0.4, -0.1)_(-0.3, -0.6, -0.6, 0.4)_1.005502_System.String[];26.8782;-0.0020;0.1141;26.3553;-11.8259;0.8620;1.1732;4.9373;-31.7833;0.1055;342.6301;256.9081;26.3018;3.3943;358.0431
0.7508;0.5471;False;False;26.0272;-11.4424;-0.0054;-0.0153;4.8899;-31.7849;359.8092;359.9193;271.0450;16.1416;359.9841;0.2447;1.7531;0.0030;-0.0037;0.1673;5.5890;-8.8929;193172;71.56481;Infinity;2666.40;25.9891;-11.1218;1.2952;1.1716;4.5009;-31.5515;352.3074;352.6549;271.0522;3.2740;359.9818;1.8998;LeftFalse_RightFalse;LeftFalse_RightFalse;HandLeft_(0.3, -0.7, -0.3)_(0.5, 0.4, -0.7, 0.1)_1.046027_System.String[];HandLeft_(-0.6, -0.3, -0.2)_(0.8, 0.4, -0.4, -0.3)_1.005502_System.String[];HandRight_(0.5, -0.7, -0.3)_(0.0, -0.7, -0.4, 0.6)_1.046027_System.String[];HandRight_(-0.5, -0.4, -0.1)_(-0.3, -0.6, -0.6, 0.4)_1.005502_System.String[];26.9204;-0.0020;0.1117;25.9824;-11.7520;0.8622;1.1731;4.9444;-31.5459;0.1117;342.7575;256.8274;26.1103;3.3516;358.1542
0.7463;0.5449;False;False;25.6547;-11.3678;-0.0054;-0.0154;4.8969;-31.5512;359.8158;359.9210;271.0308;16.6021;359.9890;0.2460;1.8006;0.0017;-0.0035;0.1649;5.6003;-8.9303;193175;71.71056;Infinity;2666.44;25.6159;-11.0451;1.2952;1.1715;4.5078;-31.3199;352.3136;352.6573;271.0371;3.7370;359.9872;1.9009;LeftFalse_RightFalse;LeftFalse_RightFalse;HandLeft_(0.3, -0.7, -0.3)_(0.5, 0.4, -0.7, 0.1)_1.046027_System.String[];HandLeft_(-0.6, -0.3, -0.2)_(0.8, 0.4, -0.4, -0.3)_1.005502_System.String[];HandRight_(0.5, -0.7, -0.3)_(0.0, -0.7, -0.3, 0.6)_1.046027_System.String[];HandRight_(-0.5, -0.4, -0.1)_(-0.3, -0.6, -0.6, 0.4)_1.005502_System.String[];26.9622;-0.0020;0.1088;25.6092;-11.6763;0.8623;1.1729;4.9514;-31.3089;0.1215;342.8708;256.7000;25.7973;3.3444;358.3072
0.7431;0.5429;False;False;25.2789;-11.2908;-0.0053;-0.0156;4.9038;-31.3159;359.8218;359.9219;271.0170;17.0592;359.9939;0.2465;1.8700;0.0013;-0.0036;0.1618;5.6166;-8.9849;193178;71.5883;Infinity;2666.48;25.2417;-10.9666;1.2952;1.1713;4.5145;-31.0882;352.3199;352.6586;271.0226;4.1947;359.9920;1.9015;LeftFalse_RightFalse;LeftFalse_RightFalse;HandLeft_(0.3, -0.7, -0.3)_(0.5, 0.4, -0.7, 0.1)_1.046027_System.String[];HandLeft_(-0.6, -0.3, -0.2)_(0.8, 0.4, -0.4, -0.3)_1.005502_System.String[];HandRight_(0.5, -0.7, -0.3)_(0.0, -0.7, -0.4, 0.6)_1.046027_System.String[];HandRight_(-0.5, -0.4, -0.1)_(-0.3, -0.6, -0.6, 0.4)_1.005502_System.String[];27.0042;-0.0016;0.1057;25.2349;-11.5987;0.8623;1.1727;4.9582;-31.0719;0.1268;342.9621;256.5716;25.4051;3.3431;358.4437
0.7411;0.5408;False;False;24.9041;-11.2124;-0.0052;-0.0157;4.9105;-31.0817;359.8261;359.9228;271.0041;17.5057;-0.0023;0.2452;1.9148;0.0009;-0.0037;0.1606;5.6272;-9.0205;193181;71.78767;Infinity;2666.52;24.8664;-10.8862;1.2953;1.1712;4.5212;-30.8563;352.3248;352.6593;271.0087;4.6453;-0.0035;1.9007;LeftFalse_RightFalse;LeftFalse_RightFalse;HandLeft_(0.3, -0.7, -0.3)_(0.5, 0.4, -0.7, 0.1)_1.046027_System.String[];HandLeft_(-0.6, -0.3, -0.2)_(0.8, 0.4, -0.4, -0.3)_1.005502_System.String[];HandRight_(0.5, -0.7, -0.3)_(0.0, -0.7, -0.4, 0.6)_1.046027_System.String[];HandRight_(-0.5, -0.4, -0.1)_(-0.3, -0.7, -0.6, 0.4)_1.005502_System.String[];27.0457;-0.0005;0.1011;24.8591;-11.5191;0.8624;1.1726;4.9649;-30.8348;0.1218;343.0638;256.4774;24.9595;3.3476;358.5603
0.7393;0.5385;False;False;24.5278;-11.1320;-0.0052;-0.0159;4.9172;-30.8471;359.8294;359.9240;270.9933;17.9418;0.0010;0.2425;1.9578;0.0007;-0.0040;0.1607;5.6378;-9.0554;193184;71.88819;Infinity;2666.56;24.4906;-10.8041;1.2953;1.1710;4.5278;-30.6246;352.3284;352.6598;270.9966;5.0855;-0.0001;1.8982;LeftFalse_RightFalse;LeftFalse_RightFalse;HandLeft_(0.3, -0.7, -0.3)_(0.6, 0.4, -0.7, 0.1)_1.046027_System.String[];HandLeft_(-0.6, -0.3, -0.2)_(0.8, 0.4, -0.4, -0.3)_1.005502_System.String[];HandRight_(0.5, -0.7, -0.3)_(0.0, -0.7, -0.4, 0.6)_1.046027_System.String[];HandRight_(-0.5, -0.4, -0.1)_(-0.3, -0.7, -0.6, 0.4)_1.005502_System.String[];27.0874;0.0013;0.0973;24.4830;-11.4375;0.8625;1.1724;4.9716;-30.5981;0.1143;343.1648;256.4371;24.5390;3.3273;358.6369
0.7376;0.5366;False;False;24.1490;-11.0496;-0.0052;-0.0160;4.9240;-30.6114;359.8329;359.9261;270.9873;18.3664;0.0062;0.2392;2.0003;-0.0003;-0.0040;0.1624;5.6479;-9.0899;193187;71.85023;Infinity;2666.61;24.1121;-10.7200;1.2952;1.1708;4.5344;-30.3916;352.3316;352.6609;270.9880;5.5150;0.0041;1.8947;LeftFalse_RightFalse;LeftFalse_RightFalse;HandLeft_(0.3, -0.7, -0.3)_(0.6, 0.4, -0.7, 0.1)_1.046027_System.String[];HandLeft_(-0.7, -0.3, -0.2)_(0.8, 0.4, -0.4, -0.3)_1.005502_System.String[];HandRight_(0.5, -0.7, -0.3)_(0.0, -0.7, -0.4, 0.6)_1.046027_System.String[];HandRight_(-0.5, -0.4, -0.1)_(-0.3, -0.7, -0.6, 0.4)_1.005502_System.String[];27.1292;0.0042;0.0947;24.1043;-11.3539;0.8625;1.1721;4.9779;-30.3603;0.1251;343.2969;256.4260;24.2328;3.3042;358.6439
0.7349;0.5355;False;False;23.7697;-10.9656;-0.0052;-0.0162;4.9309;-30.3760;359.8375;359.9286;270.9898;18.7784;0.0128;0.2359;2.0428;-0.0014;-0.0042;0.1666;5.6573;-9.1239;193190;71.92134;Infinity;2666.65;23.7333;-10.6343;1.2952;1.1706;4.5411;-30.1589;352.3358;352.6626;270.9863;5.9311;0.0108;1.8910;LeftFalse_RightFalse;LeftFalse_RightFalse;HandLeft_(0.3, -0.7, -0.3)_(0.6, 0.4, -0.7, 0.0)_1.046027_System.String[];HandLeft_(-0.7, -0.3, -0.2)_(0.8, 0.4, -0.4, -0.3)_1.005502_System.String[];HandRight_(0.5, -0.7, -0.3)_(0.0, -0.7, -0.4, 0.6)_1.046027_System.String[];HandRight_(-0.5, -0.4, -0.1)_(-0.3, -0.7, -0.6, 0.4)_1.005502_System.String[];27.1709;0.0079;0.0927;23.7250;-11.2685;0.8625;1.1716;4.9843;-30.1229;0.1338;343.4409;256.3914;24.0730;3.3177;358.5978
0.7322;0.5365;False;False;23.3862;-10.8791;-0.0053;-0.0164;4.9380;-30.1384;359.8424;359.9310;271.0043;19.1836;0.0206;0.2319;2.0856;-0.0017;-0.0047;0.1727;5.6662;-9.1575;193193;71.69989;Infinity;2666.69;23.3512;-10.5465;1.2950;1.1704;4.5480;-29.9247;352.3411;352.6641;270.9955;6.3388;0.0178;1.8864;LeftFalse_RightFalse;LeftFalse_RightFalse;HandLeft_(0.3, -0.7, -0.3)_(0.6, 0.4, -0.7, 0.0)_1.046027_System.String[];HandLeft_(-0.7, -0.3, -0.2)_(0.8, 0.4, -0.4, -0.2)_1.005502_System.String[];HandRight_(0.5, -0.7, -0.3)_(0.0, -0.7, -0.4, 0.6)_1.046027_System.String[];HandRight_(-0.5, -0.4, -0.1)_(-0.3, -0.7, -0.6, 0.4)_1.005502_System.String[];27.2129;0.0118;0.0911;23.3427;-11.1808;0.8625;1.1712;4.9906;-29.8845;0.1466;343.6453;256.3358;24.1000;3.3502;358.5081
0.7296;0.5372;False;False;23.0034;-10.7912;-0.0054;-0.0166;4.9455;-29.9019;359.8448;359.9327;271.0343;19.5786;0.0297;0.2291;2.1285;-0.0022;-0.0050;0.1811;5.6747;-9.1901;193196;71.80969;Infinity;2666.73;22.9676;-10.4569;1.2949;1.1702;4.5552;-29.6900;352.3444;352.6653;271.0187;6.7378;0.0271;1.8830;LeftFalse_RightFalse;LeftFalse_RightFalse;HandLeft_(0.3, -0.7, -0.3)_(0.6, 0.4, -0.7, 0.0)_1.046027_System.String[];HandLeft_(-0.7, -0.3, -0.2)_(0.8, 0.4, -0.4, -0.2)_1.005502_System.String[];HandRight_(0.5, -0.7, -0.3)_(-0.1, -0.7, -0.4, 0.6)_1.046027_System.String[];HandRight_(-0.5, -0.4, -0.1)_(-0.3, -0.7, -0.6, 0.4)_1.005502_System.String[];27.2546;0.0151;0.0903;22.9589;-11.0911;0.8625;1.1708;4.9974;-29.6457;0.1969;343.8778;256.2851;24.3533;3.4336;358.3995
0.7270;0.5362;False;False;22.6151;-10.7004;-0.0055;-0.0168;4.9534;-29.6623;359.8454;359.9336;271.0823;19.9723;0.0380;0.2264;2.1720;-0.0019;-0.0047;0.1911;5.6826;-9.2221;193199;71.50431;Infinity;2666.77;22.5805;-10.3650;1.2947;1.1700;4.5629;-29.4538;352.3452;352.6659;271.0594;7.1324;0.0356;1.8799;LeftFalse_RightFalse;LeftFalse_RightFalse;HandLeft_(0.3, -0.7, -0.3)_(0.6, 0.4, -0.7, 0.0)_1.046027_System.String[];HandLeft_(-0.7, -0.3, -0.2)_(0.8, 0.4, -0.4, -0.2)_1.005502_System.String[];HandRight_(0.5, -0.7, -0.3)_(-0.1, -0.7, -0.4, 0.6)_1.046027_System.String[];HandRight_(-0.5, -0.4, -0.1)_(-0.3, -0.7, -0.6, 0.4)_1.005502_System.String[];27.2966;0.0169;0.0902;22.5717;-10.9991;0.8625;1.1703;5.0049;-29.4056;0.3064;344.0988;256.2876;24.7836;3.5339;358.2680
0.7244;0.5345;False;False;22.2246;-10.6076;-0.0056;-0.0170;4.9618;-29.4220;359.8463;359.9337;271.1472;20.3634;0.0471;0.2247;2.2158;-0.0021;-0.0046;0.2013;5.6897;-9.2535;193202;71.20302;Infinity;2666.82;22.1923;-10.2713;1.2946;1.1698;4.5710;-29.2175;352.3458;352.6657;271.1176;7.5223;0.0440;1.8779;LeftFalse_RightFalse;LeftFalse_RightFalse;HandLeft_(0.3, -0.7, -0.3)_(0.6, 0.4, -0.7, 0.0)_1.046027_System.String[];HandLeft_(-0.7, -0.3, -0.2)_(0.8, 0.4, -0.4, -0.2)_1.005502_System.String[];HandRight_(0.5, -0.7, -0.3)_(-0.1, -0.7, -0.4, 0.6)_1.046027_System.String[];HandRight_(-0.5, -0.4, -0.1)_(-0.3, -0.7, -0.6, 0.4)_1.005502_System.String[];27.3389;0.0171;0.0902;22.1837;-10.9052;0.8622;1.1697;5.0130;-29.1653;0.4591;344.2876;256.3307;25.2853;3.6218;358.1122
0.7218;0.5325;False;False;21.8349;-10.5132;-0.0057;-0.0172;4.9706;-29.1827;359.8484;359.9332;271.2244;20.7509;0.0581;0.2239;2.2599;-0.0024;-0.0044;0.2113;5.6961;-9.2844;193205;71.28744;Infinity;2666.86;21.8006;-10.1752;1.2944;1.1696;4.5797;-28.9797;352.3477;352.6652;271.1902;7.9121;0.0548;1.8769;LeftFalse_RightFalse;LeftFalse_RightFalse;HandLeft_(0.3, -0.7, -0.3)_(0.6, 0.4, -0.7, 0.0)_1.046027_System.String[];HandLeft_(-0.7, -0.3, -0.2)_(0.8, 0.3, -0.4, -0.2)_1.005502_System.String[];HandRight_(0.5, -0.7, -0.3)_(-0.1, -0.7, -0.4, 0.6)_1.046027_System.String[];HandRight_(-0.5, -0.4, -0.1)_(-0.3, -0.7, -0.6, 0.4)_1.005502_System.String[];27.3811;0.0161;0.0902;21.7923;-10.8084;0.8618;1.1692;5.0216;-28.9238;0.5829;344.4535;256.4316;25.7815;3.6568;357.9415
0.7195;0.5311;False;False;21.4444;-10.4171;-0.0058;-0.0174;4.9798;-28.9435;359.8524;359.9325;271.3098;21.1373;0.0673;0.2233;2.3041;-0.0040;-0.0040;0.2207;5.7016;-9.3147;193208;71.375;Infinity;2666.90;21.4097;-10.0778;1.2942;1.1694;4.5888;-28.7429;352.3511;352.6644;271.2722;8.2989;0.0647;1.8766;LeftFalse_RightFalse;LeftFalse_RightFalse;HandLeft_(0.3, -0.7, -0.3)_(0.6, 0.4, -0.7, 0.0)_1.046027_System.String[];HandLeft_(-0.7, -0.3, -0.2)_(0.8, 0.3, -0.4, -0.2)_1.005502_System.String[];HandRight_(0.5, -0.7, -0.3)_(-0.1, -0.7, -0.4, 0.6)_1.046027_System.String[];HandRight_(-0.5, -0.4, -0.1)_(-0.3, -0.7, -0.6, 0.4)_1.005502_System.String[];27.4229;0.0140;0.0902;21.4020;-10.7103;0.8614;1.1688;5.0307;-28.6832;0.6649;344.5652;256.5514;26.2158;3.6793;357.7932
0.7172;0.5301;False;False;21.0523;-10.3190;-0.0059;-0.0175;4.9893;-28.7039;359.8540;359.9319;271.3974;21.5243;0.0761;0.2231;2.3703;-0.0036;-0.0034;0.2331;5.7087;-9.3594;193211;71.40128;Infinity;2666.94;21.0170;-9.9783;1.2940;1.1692;4.5983;-28.5057;352.3537;352.6637;271.3586;8.6861;0.0739;1.8763;LeftFalse_RightFalse;LeftFalse_RightFalse;HandLeft_(0.3, -0.7, -0.3)_(0.6, 0.4, -0.7, 0.0)_1.046027_System.String[];HandLeft_(-0.7, -0.3, -0.2)_(0.8, 0.3, -0.4, -0.2)_1.005502_System.String[];HandRight_(0.5, -0.7, -0.3)_(-0.1, -0.7, -0.4, 0.6)_1.046027_System.String[];HandRight_(-0.5, -0.4, -0.1)_(-0.3, -0.7, -0.6, 0.4)_1.005502_System.String[];27.4648;0.0110;0.0899;21.0099;-10.6103;0.8612;1.1685;5.0403;-28.4422;0.7252;344.6483;256.6722;26.5663;3.6478;357.6733
0.7155;0.5286;False;False;20.6588;-10.2188;-0.0061;-0.0176;4.9993;-28.4641;359.8529;359.9313;271.4822;21.9115;0.0813;0.2226;2.4141;-0.0030;-0.0035;0.2403;5.7130;-9.3885;193214;71.41386;Infinity;2666.98;20.6235;-9.8770;1.2938;1.1691;4.6082;-28.2686;352.3534;352.6631;271.4440;9.0732;0.0805;1.8761;LeftFalse_RightFalse;LeftFalse_RightFalse;HandLeft_(0.3, -0.7, -0.3)_(0.6, 0.4, -0.7, 0.0)_1.046027_System.String[];HandLeft_(-0.7, -0.3, -0.2)_(0.8, 0.3, -0.4, -0.2)_1.005502_System.String[];HandRight_(0.5, -0.7, -0.3)_(-0.1, -0.7, -0.4, 0.6)_1.046027_System.String[];HandRight_(-0.5, -0.4, -0.1)_(-0.3, -0.7, -0.6, 0.4)_1.005502_System.String[];27.5068;0.0081;0.0889;20.6170;-10.5085;0.8609;1.1683;5.0505;-28.2013;0.7260;344.6992;256.7760;26.7946;3.6024;357.5716
0.7142;0.5261;False;False;20.2636;-10.1167;-0.0062;-0.0178;5.0095;-28.2239;359.8519;359.9300;271.5593;22.2981;0.0843;0.2217;2.4570;-0.0028;-0.0040;0.2468;5.7171;-9.4171;193217;71.39421;Infinity;2667.03;20.2281;-9.7736;1.2937;1.1689;4.6185;-28.0309;352.3521;352.6619;271.5237;9.4606;0.0840;1.8755;LeftFalse_RightFalse;LeftFalse_RightFalse;HandLeft_(0.3, -0.7, -0.3)_(0.6, 0.4, -0.7, 0.0)_1.046027_System.String[];HandLeft_(-0.7, -0.3, -0.2)_(0.8, 0.3, -0.4, -0.2)_1.005502_System.String[];HandRight_(0.5, -0.7, -0.3)_(-0.1, -0.7, -0.4, 0.6)_1.046027_System.String[];HandRight_(-0.5, -0.4, -0.1)_(-0.3, -0.7, -0.6, 0.4)_1.005502_System.String[];27.5491;0.0056;0.0861;20.2222;-10.4043;0.8608;1.1680;5.0611;-27.9597;0.6950;344.6969;256.8521;26.8837;3.5440;357.5152
0.7133;0.5232;False;False;19.8678;-10.0129;-0.0063;-0.0180;5.0200;-27.9838;359.8524;359.9281;271.6261;22.6798;0.0883;0.2205;2.4973;-0.0028;-0.0040;0.2531;5.7217;-9.4454;193220;71.41525;Infinity;2667.07;19.8331;-9.6688;1.2935;1.1688;4.6290;-27.7940;352.3521;352.6601;271.5934;9.8436;0.0876;1.8750;LeftFalse_RightFalse;LeftFalse_RightFalse;HandLeft_(0.3, -0.7, -0.3)_(0.6, 0.4, -0.7, 0.0)_1.046027_System.String[];HandLeft_(-0.7, -0.3, -0.2)_(0.8, 0.3, -0.4, -0.2)_1.005502_System.String[];HandRight_(0.5, -0.7, -0.3)_(0.0, -0.7, -0.4, 0.6)_1.046027_System.String[];HandRight_(-0.5, -0.4, -0.1)_(-0.3, -0.7, -0.6, 0.4)_1.005502_System.String[];27.5911;0.0042;0.0816;19.8277;-10.2988;0.8606;1.1678;5.0718;-27.7188;0.6230;344.6331;256.8971;26.8463;3.4799;357.5060
0.7127;0.5201;False;False;19.4726;-9.9078;-0.0065;-0.0181;5.0307;-27.7446;359.8547;359.9254;271.6828;23.0508;0.0916;0.2179;2.5356;-0.0043;-0.0039;0.2603;5.7266;-9.4735;193223;71.62603;Infinity;2667.11;19.4361;-9.5620;1.2934;1.1686;4.6398;-27.5563;352.3537;352.6572;271.6531;10.2200;0.0913;1.8734;LeftFalse_RightFalse;LeftFalse_RightFalse;HandLeft_(0.3, -0.7, -0.3)_(0.6, 0.4, -0.7, 0.1)_1.046027_System.String[];HandLeft_(-0.7, -0.3, -0.2)_(0.8, 0.3, -0.4, -0.2)_1.005502_System.String[];HandRight_(0.5, -0.7, -0.3)_(0.0, -0.7, -0.4, 0.6)_1.046027_System.String[];HandRight_(-0.5, -0.4, -0.1)_(-0.3, -0.7, -0.6, 0.4)_1.005502_System.String[];27.6328;0.0042;0.0759;19.4313;-10.1914;0.8604;1.1677;5.0831;-27.4772;0.5627;344.4706;256.9076;26.7358;3.4059;357.4849
0.7122;0.5178;False;False;19.0773;-9.8014;-0.0066;-0.0183;5.0417;-27.5059;359.8562;359.9221;271.7320;23.4070;0.0945;0.2139;2.5712;-0.0033;-0.0038;0.2685;5.7320;-9.5015;193226;71.80934;Infinity;2667.15;19.0408;-9.4544;1.2932;1.1685;4.6508;-27.3202;352.3562;352.6534;271.7040;10.5818;0.0940;1.8706;LeftFalse_RightFalse;LeftFalse_RightFalse;HandLeft_(0.3, -0.7, -0.3)_(0.6, 0.4, -0.7, 0.1)_1.046027_System.String[];HandLeft_(-0.7, -0.3, -0.2)_(0.8, 0.3, -0.4, -0.1)_1.005502_System.String[];HandRight_(0.5, -0.7, -0.3)_(0.0, -0.7, -0.4, 0.6)_1.046027_System.String[];HandRight_(-0.5, -0.4, -0.1)_(-0.3, -0.7, -0.6, 0.4)_1.005502_System.String[];27.6743;0.0052;0.0703;19.0367;-10.0832;0.8602;1.1675;5.0944;-27.2372;0.4955;344.2358;256.9209;26.5669;3.3169;357.4509
0.7119;0.5162;False;False;18.6772;-9.6926;-0.0068;-0.0185;5.0532;-27.2647;359.8539;359.9185;271.7775;23.7485;0.0975;0.2082;2.6048;-0.0038;-0.0036;0.2779;5.7378;-9.5288;193229;71.51638;Infinity;2667.19;18.6444;-9.3454;1.2930;1.1683;4.6621;-27.0837;352.3551;352.6489;271.7495;10.9272;0.0976;1.8665;LeftFalse_RightFalse;LeftFalse_RightFalse;HandLeft_(0.3, -0.7, -0.3)_(0.6, 0.4, -0.7, 0.1)_1.046027_System.String[];HandLeft_(-0.7, -0.3, -0.2)_(0.8, 0.4, -0.4, -0.1)_1.005502_System.String[];HandRight_(0.5, -0.7, -0.3)_(0.0, -0.7, -0.4, 0.6)_1.046027_System.String[];HandRight_(-0.5, -0.4, -0.1)_(-0.3, -0.7, -0.6, 0.4)_1.005502_System.String[];27.7166;0.0066;0.0649;18.6409;-9.9736;0.8600;1.1678;5.1060;-26.9971;0.4380;343.9628;256.9495;26.3081;3.2574;357.4362
0.7116;0.5150;False;False;18.2736;-9.5816;-0.0069;-0.0186;5.0653;-27.0219;359.8508;359.9150;271.8224;24.0722;0.0990;0.2011;2.6374;-0.0022;-0.0032;0.2880;5.7436;-9.5558;193232;71.13138;Infinity;2667.24;18.2426;-9.2338;1.2929;1.1682;4.6740;-26.8443;352.3518;352.6438;271.7940;11.2569;0.0994;1.8605;LeftFalse_RightFalse;LeftFalse_RightFalse;HandLeft_(0.3, -0.7, -0.3)_(0.6, 0.4, -0.7, 0.0)_1.046027_System.String[];HandLeft_(-0.7, -0.3, -0.2)_(0.8, 0.4, -0.5, -0.1)_1.005502_System.String[];HandRight_(0.5, -0.7, -0.3)_(0.0, -0.7, -0.4, 0.6)_1.046027_System.String[];HandRight_(-0.5, -0.4, -0.1)_(-0.3, -0.7, -0.5, 0.4)_1.005502_System.String[];27.7588;0.0076;0.0597;18.2395;-9.8615;0.8599;1.1680;5.1181;-26.7541;0.3898;343.7638;256.9685;26.0677;3.2752;357.4507
0.7114;0.5149;False;False;17.8735;-9.4706;-0.0070;-0.0187;5.0776;-26.7817;359.8491;359.9118;271.8678;24.3721;0.1016;0.1935;2.6679;-0.0023;-0.0028;0.2984;5.7499;-9.5825;193235;71.47063;Infinity;2667.28;17.8375;-9.1203;1.2928;1.1680;4.6864;-26.6033;352.3493;352.6390;271.8394;11.5682;0.1010;1.8539;LeftFalse_RightFalse;LeftFalse_RightFalse;HandLeft_(0.3, -0.7, -0.3)_(0.6, 0.4, -0.7, 0.0)_1.046027_System.String[];HandLeft_(-0.7, -0.3, -0.2)_(0.8, 0.4, -0.5, -0.1)_1.005502_System.String[];HandRight_(0.5, -0.7, -0.3)_(0.0, -0.7, -0.4, 0.6)_1.046027_System.String[];HandRight_(-0.5, -0.4, -0.1)_(-0.3, -0.7, -0.6, 0.4)_1.005502_System.String[];27.8005;0.0079;0.0539;17.8349;-9.7479;0.8598;1.1680;5.1306;-26.5097;0.3786;343.6948;257.0122;25.9237;3.2814;357.4952
0.7113;0.5157;False;False;17.4735;-9.3587;-0.0071;-0.0188;5.0903;-26.5419;359.8498;359.9089;271.9149;24.6496;0.1059;0.1852;2.6962;-0.0028;-0.0025;0.3083;5.7571;-9.6092;193238;71.72699;Infinity;2667.32;17.4375;-9.0074;1.2927;1.1679;4.6991;-26.3656;352.3492;352.6342;271.8852;11.8537;0.1058;1.8466;LeftFalse_RightFalse;LeftFalse_RightFalse;HandLeft_(0.3, -0.7, -0.3)_(0.6, 0.4, -0.7, 0.0)_1.046027_System.String[];HandLeft_(-0.7, -0.3, -0.2)_(0.8, 0.4, -0.5, -0.1)_1.005502_System.String[];HandRight_(0.5, -0.7, -0.3)_(0.0, -0.7, -0.4, 0.6)_1.046027_System.String[];HandRight_(-0.5, -0.4, -0.1)_(-0.3, -0.7, -0.6, 0.4)_1.005502_System.String[];27.8423;0.0079;0.0475;17.4353;-9.6347;0.8597;1.1681;5.1433;-26.2689;0.3917;343.7017;257.1357;25.9302;3.2715;357.5578
0.7112;0.5142;False;False;17.0723;-9.2456;-0.0072;-0.0189;5.1035;-26.3017;359.8505;359.9065;271.9635;24.9034;0.1103;0.1758;2.7345;-0.0024;-0.0021;0.3224;5.7696;-9.6491;193241;71.86024;Infinity;2667.36;17.0362;-8.8933;1.2925;1.1678;4.7122;-26.1274;352.3506;352.6298;271.9328;12.1164;0.1099;1.8384;LeftFalse_RightFalse;LeftFalse_RightFalse;HandLeft_(0.3, -0.7, -0.3)_(0.6, 0.4, -0.7, 0.0)_1.046027_System.String[];HandLeft_(-0.7, -0.3, -0.2)_(0.8, 0.4, -0.5, 0.0)_1.005502_System.String[];HandRight_(0.5, -0.7, -0.3)_(0.0, -0.7, -0.4, 0.6)_1.046027_System.String[];HandRight_(-0.5, -0.4, -0.1)_(-0.3, -0.7, -0.5, 0.4)_1.005502_System.String[];27.8838;0.0077;0.0408;17.0345;-9.5203;0.8595;1.1681;5.1565;-26.0278;0.3955;343.6931;257.2809;26.0697;3.2661;357.6155
0.7111;0.5084;False;False;16.6694;-9.1313;-0.0073;-0.0190;5.1171;-26.0608;359.8476;359.9042;272.0132;25.1330;0.1137;0.1653;2.7566;-0.0029;-0.0018;0.3312;5.7790;-9.6753;193244;71.8735;Infinity;2667.40;16.6340;-8.7783;1.2924;1.1676;4.7256;-25.8888;352.3489;352.6253;271.9817;12.3553;0.1140;1.8290;LeftFalse_RightFalse;LeftFalse_RightFalse;HandLeft_(0.3, -0.7, -0.3)_(0.6, 0.4, -0.7, 0.0)_1.046027_System.String[];HandLeft_(-0.7, -0.3, -0.2)_(0.8, 0.4, -0.5, 0.0)_1.005502_System.String[];HandRight_(0.5, -0.7, -0.3)_(0.0, -0.7, -0.4, 0.6)_1.046027_System.String[];HandRight_(-0.5, -0.4, -0.1)_(-0.2, -0.7, -0.5, 0.4)_1.005502_System.String[];27.9255;0.0073;0.0335;16.6327;-9.4052;0.8594;1.1681;5.1700;-25.7865;0.3436;343.6867;257.3977;26.2800;3.2463;357.6144
0.7111;0.4925;False;False;16.2659;-9.0163;-0.0074;-0.0191;5.1310;-25.8199;359.8430;359.9019;272.0626;25.3351;0.1144;0.1531;2.7745;-0.0009;-0.0014;0.3398;5.7888;-9.7011;193247;71.93668;Infinity;2667.44;16.2301;-8.6623;1.2923;1.1675;4.7396;-25.6493;352.3443;352.6205;272.0311;12.5687;0.1154;1.8180;LeftFalse_RightFalse;LeftFalse_RightFalse;HandLeft_(0.3, -0.7, -0.3)_(0.6, 0.4, -0.7, 0.0)_1.046027_System.String[];HandLeft_(-0.7, -0.3, -0.2)_(0.8, 0.4, -0.5, 0.0)_1.005502_System.String[];HandRight_(0.5, -0.7, -0.3)_(0.0, -0.7, -0.4, 0.6)_1.046027_System.String[];HandRight_(-0.5, -0.4, -0.1)_(-0.2, -0.7, -0.5, 0.4)_1.005502_System.String[];27.9673;0.0066;0.0237;16.2293;-9.2891;0.8593;1.1681;5.1840;-25.5446;0.2956;343.6804;257.4898;26.4876;3.2269;357.6154
0.7110;0.4684;False;False;15.8612;-8.9006;-0.0075;-0.0191;5.1453;-25.5784;359.8401;359.8994;272.1108;25.5053;0.1155;0.1393;2.7864;-0.0007;-0.0012;0.3476;5.7984;-9.7268;193250;71.96155;Infinity;2667.49;15.8255;-8.5457;1.2922;1.1674;4.7539;-25.4093;352.3408;352.6152;272.0798;12.7519;0.1159;1.8056;LeftFalse_RightFalse;LeftFalse_RightFalse;HandLeft_(0.3, -0.7, -0.3)_(0.6, 0.4, -0.7, 0.0)_1.046027_System.String[];HandLeft_(-0.7, -0.3, -0.2)_(0.8, 0.4, -0.5, 0.0)_1.005502_System.String[];HandRight_(0.5, -0.7, -0.3)_(0.0, -0.7, -0.4, 0.6)_1.046027_System.String[];HandRight_(-0.5, -0.4, -0.1)_(-0.2, -0.7, -0.5, 0.4)_1.005502_System.String[];28.0090;0.0056;0.0128;15.8253;-9.1725;0.8593;1.1682;5.1983;-25.3026;0.2702;343.6357;257.5575;26.6532;3.2640;357.6356
0.7099;0.4253;False;False;15.4556;-8.7845;-0.0075;-0.0192;5.1599;-25.3367;359.8393;359.8974;272.1563;25.6374;0.1177;0.1226;2.7915;-0.0011;-0.0011;0.3546;5.8065;-9.7524;193253;71.98433;Infinity;2667.53;15.4200;-8.4288;1.2922;1.1673;4.7684;-25.1689;352.3393;352.6096;272.1261;12.8994;0.1182;1.7909;LeftFalse_RightFalse;LeftFalse_RightFalse;HandLeft_(0.3, -0.7, -0.3)_(0.6, 0.4, -0.7, 0.1)_1.046027_System.String[];HandLeft_(-0.7, -0.3, -0.2)_(0.8, 0.4, -0.5, 0.0)_1.005502_System.String[];HandRight_(0.5, -0.7, -0.3)_(0.0, -0.7, -0.4, 0.6)_1.046027_System.String[];HandRight_(-0.5, -0.4, -0.1)_(-0.2, -0.7, -0.5, 0.4)_1.005502_System.String[];28.0505;0.0042;0.0009;15.4203;-9.0558;0.8592;1.1682;5.2129;-25.0605;0.2742;343.5571;257.5838;26.7543;3.3760;357.6639
0.7091;0.3476;False;False;15.0486;-8.6682;-0.0075;-0.0192;5.1748;-25.0945;359.8396;359.8971;272.1981;25.7282;0.1193;0.1033;2.7902;-0.0008;-0.0011;0.3609;5.8106;-9.7781;193256;71.98284;Infinity;2667.57;15.0132;-8.3118;1.2921;1.1672;4.7834;-24.9278;352.3399;352.6045;272.1691;13.0068;0.1197;1.7727;LeftFalse_RightFalse;LeftFalse_RightFalse;HandLeft_(0.3, -0.7, -0.3)_(0.6, 0.4, -0.7, 0.1)_1.046027_System.String[];HandLeft_(-0.7, -0.3, -0.2)_(0.7, 0.4, -0.5, 0.0)_1.005502_System.String[];HandRight_(0.5, -0.7, -0.3)_(0.0, -0.7, -0.4, 0.6)_1.046027_System.String[];HandRight_(-0.5, -0.4, -0.1)_(-0.2, -0.7, -0.5, 0.4)_1.005502_System.String[];28.0923;0.0027;-0.0106;15.0140;-8.9391;0.8591;1.1683;5.2276;-24.8181;0.2886;343.4385;257.5451;26.7588;3.4917;357.7005
0.7075;0.2559;False;False;14.6407;-8.5522;-0.0076;-0.0193;5.1900;-24.8524;359.8363;359.8993;272.2343;25.7744;0.1207;0.0829;2.7798;-0.0009;-0.0010;0.3661;5.8062;-9.8031;193259;71.98576;Infinity;2667.61;14.6055;-8.1950;1.2921;1.1671;4.7985;-24.6862;352.3379;352.6013;272.2071;13.0709;0.1217;1.7527;LeftFalse_RightFalse;LeftFalse_RightFalse;HandLeft_(0.3, -0.7, -0.3)_(0.6, 0.4, -0.7, 0.1)_1.046027_System.String[];HandLeft_(-0.7, -0.3, -0.2)_(0.7, 0.4, -0.6, 0.0)_1.005502_System.String[];HandRight_(0.5, -0.7, -0.3)_(0.0, -0.7, -0.4, 0.6)_1.046027_System.String[];HandRight_(-0.5, -0.4, -0.1)_(-0.2, -0.7, -0.6, 0.4)_1.005502_System.String[];28.1340;0.0013;-0.0201;14.6066;-8.8227;0.8591;1.1684;5.2424;-24.5757;0.3380;343.3318;257.4273;26.6820;3.5851;357.7151
0.7063;0.1866;False;False;14.2288;-8.4361;-0.0076;-0.0193;5.2054;-24.6091;359.8306;359.9041;272.2639;25.7762;0.1190;0.0617;2.7618;0.0007;-0.0009;0.3708;5.7916;-9.8276;193262;71.77443;Infinity;2667.65;14.1938;-8.0781;1.2920;1.1669;4.8140;-24.4429;352.3322;352.6006;272.2392;13.0903;0.1209;1.7311;LeftFalse_RightFalse;LeftFalse_RightFalse;HandLeft_(0.3, -0.7, -0.3)_(0.6, 0.4, -0.7, 0.1)_1.046027_System.String[];HandLeft_(-0.7, -0.3, -0.2)_(0.7, 0.4, -0.6, 0.1)_1.005502_System.String[];HandRight_(0.5, -0.7, -0.3)_(0.0, -0.7, -0.4, 0.6)_1.046027_System.String[];HandRight_(-0.5, -0.4, -0.1)_(-0.2, -0.7, -0.6, 0.4)_1.005502_System.String[];28.1758;0.0001;-0.0265;14.1952;-8.7061;0.8591;1.1685;5.2575;-24.3318;0.4077;343.2746;257.1518;26.5203;3.6973;357.7169
0.7054;0.1360;False;False;13.8188;-8.3217;-0.0075;-0.0193;5.2210;-24.3683;359.8270;359.9116;272.2861;25.7389;0.1168;0.0411;2.7397;0.0014;-0.0007;0.3750;5.7688;-9.8517;193265;71.88669;Infinity;2667.69;13.7840;-7.9631;1.2921;1.1667;4.8296;-24.2017;352.3279;352.6024;272.2642;13.0679;0.1181;1.7090;LeftFalse_RightFalse;LeftFalse_RightFalse;HandLeft_(0.3, -0.7, -0.3)_(0.6, 0.4, -0.7, 0.1)_1.046027_System.String[];HandLeft_(-0.7, -0.3, -0.2)_(0.7, 0.5, -0.6, 0.1)_1.005502_System.String[];HandRight_(0.5, -0.7, -0.3)_(0.0, -0.7, -0.4, 0.6)_1.046027_System.String[];HandRight_(-0.5, -0.4, -0.1)_(-0.2, -0.7, -0.6, 0.4)_1.005502_System.String[];28.2175;-0.0005;-0.0287;13.7858;-8.5912;0.8591;1.1686;5.2716;-24.0906;0.4870;343.3189;256.3783;26.2962;3.9633;357.7371
0.7048;0.0992;False;False;13.4051;-8.2076;-0.0075;-0.0194;5.2368;-24.1272;359.8256;359.9207;272.3019;25.6717;0.1169;0.0221;2.7159;0.0017;-0.0004;0.3790;5.7401;-9.8757;193268;71.71472;Infinity;2667.74;13.3717;-7.8487;1.2922;1.1666;4.8454;-23.9604;352.3259;352.6067;272.2820;13.0117;0.1177;1.6879;LeftFalse_RightFalse;LeftFalse_RightFalse;HandLeft_(0.3, -0.7, -0.3)_(0.5, 0.4, -0.7, 0.1)_1.046027_System.String[];HandLeft_(-0.7, -0.3, -0.2)_(0.6, 0.5, -0.6, 0.1)_1.005502_System.String[];HandRight_(0.5, -0.7, -0.3)_(0.0, -0.7, -0.4, 0.6)_1.046027_System.String[];HandRight_(-0.5, -0.4, -0.1)_(-0.2, -0.7, -0.6, 0.4)_1.005502_System.String[];28.2595;-0.0005;-0.0295;13.3742;-8.4772;0.8590;1.1687;5.2844;-23.8497;0.5336;343.4231;254.7224;26.0061;4.2508;357.7753
0.7044;0.0723;False;False;12.9916;-8.0949;-0.0074;-0.0194;5.2527;-23.8881;359.8246;359.9303;272.3130;25.5844;0.1123;0.0053;2.6907;0.0024;0.0000;0.3831;5.7070;-9.8998;193271;71.76292;Infinity;2667.78;12.9574;-7.7353;1.2923;1.1664;4.8614;-23.7196;352.3257;352.6121;272.2945;12.9323;0.1162;1.6682;LeftFalse_RightFalse;LeftFalse_RightFalse;HandLeft_(0.3, -0.7, -0.3)_(0.5, 0.4, -0.7, 0.1)_1.046027_System.String[];HandLeft_(-0.7, -0.4, -0.2)_(0.6, 0.5, -0.6, 0.0)_1.005502_System.String[];HandRight_(0.5, -0.7, -0.3)_(-0.1, -0.7, -0.4, 0.6)_1.046027_System.String[];HandRight_(-0.5, -0.4, -0.1)_(-0.2, -0.6, -0.6, 0.4)_1.005502_System.String[];28.3013;-0.0005;-0.0295;12.9612;-8.3643;0.8592;1.1687;5.2957;-23.6097;0.5326;343.5013;251.8600;25.6904;4.7138;357.8034
0.7040;0.0527;False;False;12.5778;-7.9835;-0.0071;-0.0194;5.2688;-23.6511;359.8110;359.9395;272.3201;25.4844;0.1130;359.9914;2.6639;0.0082;0.0002;0.3868;5.6707;-9.9230;193274;71.84462;Infinity;2667.82;12.5441;-7.6236;1.2925;1.1663;4.8775;-23.4814;352.3165;352.6180;272.3032;12.8379;0.1139;1.6517;LeftFalse_RightFalse;LeftFalse_RightFalse;HandLeft_(0.3, -0.7, -0.3)_(0.5, 0.4, -0.7, 0.1)_1.046027_System.String[];HandLeft_(-0.7, -0.4, -0.2)_(0.6, 0.5, -0.6, 0.1)_1.005502_System.String[];HandRight_(0.5, -0.7, -0.3)_(-0.1, -0.6, -0.4, 0.7)_1.046027_System.String[];HandRight_(-0.5, -0.4, -0.1)_(-0.2, -0.7, -0.6, 0.4)_1.005502_System.String[];28.3430;-0.0005;-0.0295;12.5501;-8.2531;0.8593;1.1688;5.3048;-23.3724;0.5572;343.5055;247.2882;25.3611;5.2160;357.8171
0.7038;0.0384;False;False;12.1634;-7.8734;-0.0067;-0.0194;5.2850;-23.4160;359.7903;359.9485;272.3245;25.3765;0.1109;359.9792;2.6213;0.0129;0.0004;0.3918;5.6130;-9.9570;193277;71.91211;Infinity;2667.86;12.1305;-7.5133;1.2930;1.1662;4.8937;-23.2450;352.2975;352.6241;272.3085;12.7341;0.1132;1.6374;LeftFalse_RightFalse;LeftFalse_RightFalse;HandLeft_(0.3, -0.7, -0.3)_(0.5, 0.4, -0.7, 0.1)_1.046027_System.String[];HandLeft_(-0.7, -0.4, -0.2)_(0.6, 0.5, -0.6, 0.3)_1.005502_System.String[];HandRight_(0.5, -0.8, -0.4)_(-0.1, -0.5, -0.4, 0.7)_1.046027_System.String[];HandRight_(-0.5, -0.4, -0.1)_(-0.2, -0.7, -0.6, 0.4)_1.005502_System.String[];28.3848;-0.0005;-0.0294;12.1408;-8.1431;0.8597;1.1688;5.3110;-23.1370;0.5828;343.4738;240.3084;24.9952;5.8475;357.8499
0.7036;0.0280;False;False;11.7468;-7.7643;-0.0060;-0.0193;5.3014;-23.1819;359.7650;359.9580;272.3272;25.2638;0.1007;359.9673;2.5922;0.0210;0.0001;0.3952;5.5730;-9.9794;193280;71.86502;Infinity;2667.90;11.7146;-7.4039;1.2936;1.1661;4.9101;-23.0094;352.2747;352.6305;272.3123;12.6243;0.1077;1.6233;LeftFalse_RightFalse;LeftFalse_RightFalse;HandLeft_(0.3, -0.7, -0.3)_(0.5, 0.4, -0.7, 0.1)_1.046027_System.String[];HandLeft_(-0.7, -0.4, -0.2)_(0.6, 0.5, -0.6, 0.4)_1.005502_System.String[];HandRight_(0.5, -0.7, -0.3)_(-0.2, -0.4, -0.4, 0.8)_1.046027_System.String[];HandRight_(-0.5, -0.4, -0.1)_(-0.2, -0.7, -0.6, 0.4)_1.005502_System.String[];28.4265;-0.0005;-0.0280;11.7311;-8.0341;0.8598;1.1689;5.3167;-22.9026;0.8217;343.4520;231.7781;24.6253;6.3375;357.8803
0.7035;0.0204;False;False;11.3305;-7.6568;-0.0051;-0.0193;5.3178;-22.9503;359.7291;359.9681;272.3283;25.1509;0.0757;359.9584;2.5635;0.0310;-0.0001;0.3984;5.5319;-10.0015;193283;71.93493;Infinity;2667.94;11.2994;-7.2962;1.2947;1.1660;4.9270;-22.7763;352.2424;352.6379;272.3171;12.5127;0.0842;1.6113;LeftFalse_RightFalse;LeftFalse_RightFalse;HandLeft_(0.3, -0.7, -0.3)_(0.5, 0.4, -0.7, 0.1)_1.046027_System.String[];HandLeft_(-0.7, -0.3, -0.2)_(0.6, 0.4, -0.6, 0.4)_1.005502_System.String[];HandRight_(0.5, -0.7, -0.3)_(-0.2, -0.4, -0.4, 0.8)_1.046027_System.String[];HandRight_(-0.5, -0.4, -0.1)_(-0.2, -0.7, -0.6, 0.4)_1.005502_System.String[];28.4683;-0.0005;-0.0249;11.3223;-7.9266;0.8600;1.1689;5.3244;-22.6708;1.3311;343.4397;223.8620;24.2229;6.6576;357.9270
0.7034;0.0149;False;False;10.9130;-7.5505;-0.0039;-0.0194;5.3344;-22.7205;359.6857;359.9777;272.3277;25.0421;0.0784;359.9516;2.5364;0.0174;-0.0005;0.4004;5.4895;-10.0211;193286;71.95557;Infinity;2667.99;10.8834;-7.1897;1.2961;1.1659;4.9437;-22.5450;352.1978;352.6459;272.3179;12.4032;0.0771;1.6018;LeftFalse_RightFalse;LeftFalse_RightFalse;HandLeft_(0.3, -0.7, -0.2)_(0.5, 0.4, -0.7, 0.1)_1.046027_System.String[];HandLeft_(-0.8, -0.3, -0.2)_(0.6, 0.4, -0.6, 0.4)_1.005502_System.String[];HandRight_(0.5, -0.7, -0.3)_(-0.2, -0.4, -0.4, 0.8)_1.046027_System.String[];HandRight_(-0.5, -0.4, -0.1)_(-0.2, -0.7, -0.6, 0.4)_1.005502_System.String[];28.5098;-0.0005;-0.0207;10.9119;-7.8204;0.8607;1.1689;5.3337;-22.4407;1.8275;343.4189;217.3280;23.7715;6.8627;357.9262
0.7033;0.0108;False;False;10.4939;-7.4450;-0.0033;-0.0194;5.3511;-22.4920;359.6657;359.9863;272.3276;24.9421;0.0731;359.9472;2.5105;0.0094;-0.0009;0.4024;5.4463;-10.0447;193289;71.90945;Infinity;2668.03;10.4651;-7.0842;1.2969;1.1658;4.9604;-22.3150;352.1711;352.6536;272.3179;12.3006;0.0753;1.5946;LeftFalse_RightFalse;LeftFalse_RightFalse;HandLeft_(0.3, -0.7, -0.2)_(0.6, 0.3, -0.7, 0.1)_1.046027_System.String[];HandLeft_(-0.8, -0.3, -0.2)_(0.6, 0.4, -0.6, 0.4)_1.005502_System.String[];HandRight_(0.5, -0.7, -0.3)_(-0.2, -0.4, -0.4, 0.8)_1.046027_System.String[];HandRight_(-0.5, -0.4, -0.1)_(-0.2, -0.6, -0.6, 0.4)_1.005502_System.String[];28.5515;-0.0005;-0.0173;10.4986;-7.7151;0.8608;1.1689;5.3447;-22.2119;2.3970;343.3730;212.1776;23.3453;6.9742;357.9014
0.7018;0.0079;False;False;10.0749;-7.3409;-0.0029;-0.0194;5.3679;-22.2659;359.6589;359.9937;272.3268;24.8530;0.0656;359.9449;2.4848;0.0107;-0.0010;0.4041;5.4029;-10.0671;193292;71.9529;Infinity;2668.07;10.0466;-6.9800;1.2974;1.1657;4.9773;-22.0876;352.1588;352.6606;272.3183;12.2085;0.0681;1.5901;LeftFalse_RightFalse;LeftFalse_RightFalse;HandLeft_(0.3, -0.7, -0.2)_(0.6, 0.3, -0.7, 0.1)_1.046027_System.String[];HandLeft_(-0.8, -0.3, -0.2)_(0.6, 0.4, -0.5, 0.4)_1.005502_System.String[];HandRight_(0.5, -0.7, -0.3)_(-0.2, -0.4, -0.4, 0.8)_1.046027_System.String[];HandRight_(-0.5, -0.4, -0.1)_(-0.2, -0.6, -0.6, 0.4)_1.005502_System.String[];28.5933;-0.0005;-0.0150;10.0838;-7.6112;0.8604;1.1688;5.3574;-21.9858;2.8657;343.2635;208.7381;22.9371;7.0685;357.8581
0.7000;0.0058;False;False;9.6549;-7.2380;-0.0025;-0.0195;5.3848;-22.0417;359.6688;-0.0004;272.3258;24.7744;0.0634;359.9435;2.4593;0.0117;-0.0009;0.4055;5.3595;-10.0890;193295;71.96745;Infinity;2668.11;9.6270;-6.8769;1.2979;1.1656;4.9942;-21.8621;352.1641;352.6664;272.3177;12.1268;0.0647;1.5869;LeftFalse_RightFalse;LeftFalse_RightFalse;HandLeft_(0.3, -0.7, -0.2)_(0.6, 0.4, -0.7, 0.1)_1.046027_System.String[];HandLeft_(-0.8, -0.3, -0.2)_(0.6, 0.4, -0.5, 0.4)_1.005502_System.String[];HandRight_(0.5, -0.7, -0.3)_(-0.2, -0.4, -0.4, 0.8)_1.046027_System.String[];HandRight_(-0.5, -0.4, -0.1)_(-0.3, -0.6, -0.7, 0.4)_1.005502_System.String[];28.6350;-0.0005;-0.0139;9.6670;-7.5083;0.8602;1.1687;5.3708;-21.7614;3.2016;343.0911;206.3345;22.5458;7.0750;357.8153
0.6977;0.0042;False;False;9.2342;-7.1361;-0.0020;-0.0195;5.4017;-21.8194;359.6883;0.0041;272.3246;24.7046;0.0617;359.9433;2.4335;0.0125;-0.0009;0.4066;5.3164;-10.1103;193298;71.98474;Infinity;2668.15;9.2061;-6.7750;1.2983;1.1655;5.0111;-21.6385;352.1809;352.6711;272.3169;12.0545;0.0628;1.5854;LeftFalse_RightFalse;LeftFalse_RightFalse;HandLeft_(0.3, -0.7, -0.2)_(0.6, 0.4, -0.7, 0.1)_1.046027_System.String[];HandLeft_(-0.8, -0.3, -0.2)_(0.6, 0.4, -0.5, 0.4)_1.005502_System.String[];HandRight_(0.5, -0.7, -0.3)_(-0.2, -0.4, -0.4, 0.8)_1.046027_System.String[];HandRight_(-0.5, -0.4, -0.1)_(-0.2, -0.6, -0.6, 0.4)_1.005502_System.String[];28.6765;-0.0005;-0.0134;9.2485;-7.4065;0.8602;1.1689;5.3855;-21.5389;3.5195;342.8976;204.6639;22.1734;6.9823;357.7699
0.6960;0.0031;False;False;8.8077;-7.0341;-0.0013;-0.0195;5.4187;-21.5963;359.7201;0.0076;272.3227;24.6407;0.0463;359.9433;2.4076;0.0190;-0.0007;0.4081;5.2736;-10.1305;193301;71.61884;Infinity;2668.20;8.7799;-6.6731;1.2989;1.1654;5.0284;-21.4147;352.2079;352.6749;272.3164;11.9889;0.0541;1.5846;LeftFalse_RightFalse;LeftFalse_RightFalse;HandLeft_(0.3, -0.7, -0.2)_(0.6, 0.4, -0.7, 0.1)_1.046027_System.String[];HandLeft_(-0.8, -0.3, -0.2)_(0.6, 0.4, -0.5, 0.4)_1.005502_System.String[];HandRight_(0.5, -0.7, -0.3)_(-0.2, -0.4, -0.4, 0.8)_1.046027_System.String[];HandRight_(-0.5, -0.4, -0.1)_(-0.2, -0.6, -0.7, 0.4)_1.005502_System.String[];28.7188;-0.0004;-0.0134;8.8239;-7.3048;0.8604;1.1691;5.4013;-21.3159;3.6731;342.7853;203.6986;21.8310;6.9197;357.6778
0.6947;0.0022;False;False;8.3811;-6.9335;-0.0002;-0.0196;5.4358;-21.3756;359.7660;0.0110;272.3199;24.5815;0.0267;359.9426;2.3818;0.0286;-0.0008;0.4097;5.2310;-10.1500;193304;71.46378;Infinity;2668.24;8.3533;-6.5725;1.2998;1.1654;5.0460;-21.1932;352.2480;352.6779;272.3169;11.9287;0.0302;1.5836;LeftFalse_RightFalse;LeftFalse_RightFalse;HandLeft_(0.3, -0.7, -0.2)_(0.6, 0.4, -0.7, 0.1)_1.046027_System.String[];HandLeft_(-0.8, -0.3, -0.2)_(0.6, 0.4, -0.5, 0.4)_1.005502_System.String[];HandRight_(0.5, -0.7, -0.3)_(-0.2, -0.4, -0.4, 0.8)_1.046027_System.String[];HandRight_(-0.5, -0.4, -0.1)_(-0.2, -0.6, -0.7, 0.4)_1.005502_System.String[];28.7607;-0.0004;-0.0134;8.3985;-7.2044;0.8610;1.1692;5.4177;-21.0955;3.6667;342.7300;203.3326;21.5233;6.8861;357.5416
0.6938;0.0016;False;False;7.9564;-6.8347;0.0007;-0.0196;5.4530;-21.1581;359.8096;0.0152;272.3177;24.5257;0.0285;359.9417;2.3562;0.0165;-0.0011;0.4106;5.1887;-10.1702;193307;71.62822;Infinity;2668.28;7.9266;-6.4732;1.3008;1.1653;5.0632;-20.9740;352.2983;352.6815;272.3143;11.8722;0.0317;1.5815;LeftFalse_RightFalse;LeftFalse_RightFalse;HandLeft_(0.3, -0.7, -0.2)_(0.6, 0.4, -0.7, 0.1)_1.046027_System.String[];HandLeft_(-0.8, -0.3, -0.2)_(0.7, 0.4, -0.5, 0.4)_1.005502_System.String[];HandRight_(0.5, -0.7, -0.3)_(-0.2, -0.4, -0.4, 0.8)_1.046027_System.String[];HandRight_(-0.5, -0.4, -0.1)_(-0.2, -0.6, -0.7, 0.4)_1.005502_System.String[];28.8027;-0.0004;-0.0134;7.9727;-7.1053;0.8621;1.1692;5.4343;-20.8773;3.5371;342.6778;203.3757;21.2504;6.8148;357.4635
0.6921;0.0012;False;False;7.5307;-6.7370;0.0011;-0.0197;5.4701;-20.9425;359.8345;0.0200;272.3152;24.4722;0.0226;359.9417;2.3184;0.0064;-0.0014;0.4118;5.1257;-10.2003;193310;71.68313;Infinity;2668.32;7.5013;-6.3755;1.3013;1.1652;5.0805;-20.7577;352.3272;352.6860;272.3128;11.8182;0.0245;1.5803;LeftFalse_RightFalse;LeftFalse_RightFalse;HandLeft_(0.3, -0.7, -0.2)_(0.6, 0.4, -0.7, 0.1)_1.046027_System.String[];HandLeft_(-0.8, -0.3, -0.2)_(0.6, 0.4, -0.5, 0.4)_1.005502_System.String[];HandRight_(0.5, -0.7, -0.3)_(-0.2, -0.4, -0.4, 0.8)_1.046027_System.String[];HandRight_(-0.5, -0.4, -0.1)_(-0.2, -0.6, -0.7, 0.4)_1.005502_System.String[];28.8445;-0.0004;-0.0132;7.5479;-7.0077;0.8629;1.1692;5.4512;-20.6618;3.3926;342.6214;203.5538;21.0022;6.7121;357.4522
0.6909;0.0009;False;False;7.1056;-6.6407;0.0014;-0.0197;5.4873;-20.7295;359.8494;0.0248;272.3125;24.4205;0.0195;359.9414;2.2943;0.0023;-0.0020;0.4123;5.0838;-10.2200;193313;71.84327;Infinity;2668.36;7.0753;-6.2789;1.3016;1.1651;5.0977;-20.5433;352.3451;352.6908;272.3107;11.7660;0.0206;1.5792;LeftFalse_RightFalse;LeftFalse_RightFalse;HandLeft_(0.3, -0.7, -0.2)_(0.6, 0.4, -0.7, 0.1)_1.046027_System.String[];HandLeft_(-0.8, -0.3, -0.2)_(0.6, 0.4, -0.5, 0.4)_1.005502_System.String[];HandRight_(0.5, -0.7, -0.3)_(-0.2, -0.4, -0.4, 0.8)_1.046027_System.String[];HandRight_(-0.5, -0.4, -0.1)_(-0.2, -0.6, -0.6, 0.4)_1.005502_System.String[];28.8862;-0.0004;-0.0117;7.1219;-6.9112;0.8634;1.1692;5.4687;-20.4481;3.2625;342.5846;203.8029;20.7935;6.5608;357.4328
0.6899;0.0006;False;False;6.6796;-6.5454;0.0014;-0.0198;5.5045;-20.5183;359.8575;0.0287;272.3098;24.3717;0.0179;359.9413;2.2716;-0.0004;-0.0026;0.4128;5.0417;-10.2393;193316;71.91673;Infinity;2668.40;6.6494;-6.1834;1.3017;1.1650;5.1149;-20.3310;352.3553;352.6948;272.3083;11.7162;0.0185;1.5778;LeftFalse_RightFalse;LeftFalse_RightFalse;HandLeft_(0.3, -0.7, -0.2)_(0.6, 0.4, -0.7, 0.1)_1.046027_System.String[];HandLeft_(-0.8, -0.3, -0.2)_(0.7, 0.4, -0.5, 0.4)_1.005502_System.String[];HandRight_(0.5, -0.7, -0.3)_(-0.2, -0.4, -0.4, 0.8)_1.046027_System.String[];HandRight_(-0.5, -0.4, -0.1)_(-0.2, -0.6, -0.6, 0.4)_1.005502_System.String[];28.9277;-0.0004;-0.0093;6.6953;-6.8160;0.8637;1.1690;5.4864;-20.2369;3.1259;342.5794;204.1511;20.6314;6.3509;357.3954
0.6893;0.0017;False;False;6.2495;-6.4504;0.0014;-0.0199;5.5218;-20.3073;359.8613;0.0317;272.3069;24.3278;0.0170;359.9427;2.2505;-0.0020;-0.0028;0.4131;4.9994;-10.2584;193319;71.71378;Infinity;2668.45;6.2196;-6.0883;1.3017;1.1649;5.1323;-20.1191;352.3604;352.6983;272.3056;11.6703;0.0174;1.5780;LeftFalse_RightFalse;LeftFalse_RightFalse;HandLeft_(0.3, -0.7, -0.2)_(0.6, 0.4, -0.7, 0.1)_1.046027_System.String[];HandLeft_(-0.8, -0.3, -0.2)_(0.7, 0.4, -0.5, 0.4)_1.005502_System.String[];HandRight_(0.5, -0.7, -0.3)_(-0.2, -0.4, -0.4, 0.8)_1.046027_System.String[];HandRight_(-0.5, -0.4, -0.1)_(-0.2, -0.6, -0.6, 0.4)_1.005502_System.String[];28.9697;-0.0005;-0.0065;6.2639;-6.7208;0.8639;1.1689;5.5050;-20.0258;3.0186;342.6058;205.0437;20.5120;5.9026;357.3695
0.6888;0.0063;False;False;5.8218;-6.3570;0.0013;-0.0201;5.5390;-20.0998;359.8623;0.0339;272.3040;24.2914;0.0165;359.9450;2.2307;-0.0029;-0.0029;0.4135;4.9573;-10.2773;193322;71.85843;Infinity;2668.49;5.7920;-5.9948;1.3016;1.1648;5.1495;-19.9106;352.3622;352.7011;272.3028;11.6311;0.0168;1.5794;LeftFalse_RightFalse;LeftFalse_RightFalse;HandLeft_(0.3, -0.7, -0.2)_(0.6, 0.4, -0.7, 0.1)_1.046027_System.String[];HandLeft_(-0.8, -0.3, -0.2)_(0.7, 0.4, -0.5, 0.4)_1.005502_System.String[];HandRight_(0.5, -0.7, -0.3)_(-0.2, -0.4, -0.4, 0.8)_1.046027_System.String[];HandRight_(-0.5, -0.4, -0.1)_(-0.2, -0.6, -0.6, 0.4)_1.005502_System.String[];29.0115;-0.0005;-0.0041;5.8324;-6.6271;0.8644;1.1687;5.5253;-19.8183;2.8042;342.6274;207.6853;20.4505;5.2161;357.3451
0.6884;0.0110;False;False;5.3923;-6.2642;0.0011;-0.0202;5.5563;-19.8937;359.8616;0.0354;272.3009;24.2627;0.0162;359.9481;2.2115;-0.0034;-0.0029;0.4138;4.9159;-10.2960;193325;71.87074;Infinity;2668.53;5.3629;-5.9019;1.3014;1.1646;5.1668;-19.7036;352.3620;352.7034;272.2998;11.5995;0.0164;1.5819;LeftFalse_RightFalse;LeftFalse_RightFalse;HandLeft_(0.3, -0.7, -0.2)_(0.6, 0.4, -0.7, 0.1)_1.046027_System.String[];HandLeft_(-0.8, -0.3, -0.2)_(0.7, 0.4, -0.5, 0.4)_1.005502_System.String[];HandRight_(0.5, -0.7, -0.3)_(-0.2, -0.4, -0.4, 0.8)_1.046027_System.String[];HandRight_(-0.5, -0.4, -0.1)_(-0.2, -0.6, -0.6, 0.4)_1.005502_System.String[];29.0532;-0.0005;-0.0027;5.3977;-6.5342;0.8651;1.1685;5.5474;-19.6121;2.5427;342.6304;212.1387;20.4520;4.8191;357.3216
0.6882;0.0156;False;False;4.9630;-6.1725;0.0010;-0.0203;5.5735;-19.6897;359.8600;0.0365;272.2978;24.2409;0.0160;359.9512;2.1928;-0.0035;-0.0028;0.4140;4.8755;-10.3145;193328;71.93947;Infinity;2668.57;4.9338;-5.8100;1.3013;1.1645;5.1840;-19.4988;352.3606;352.7053;272.2968;11.5752;0.0162;1.5848;LeftFalse_RightFalse;LeftFalse_RightFalse;HandLeft_(0.3, -0.7, -0.3)_(0.6, 0.4, -0.7, 0.2)_1.046027_System.String[];HandLeft_(-0.8, -0.3, -0.2)_(0.7, 0.4, -0.5, 0.4)_1.005502_System.String[];HandRight_(0.5, -0.7, -0.3)_(-0.2, -0.4, -0.4, 0.8)_1.046027_System.String[];HandRight_(-0.5, -0.4, -0.1)_(-0.2, -0.6, -0.6, 0.4)_1.005502_System.String[];29.0947;-0.0005;-0.0026;4.9619;-6.4420;0.8659;1.1684;5.5720;-19.4079;2.2444;342.6187;218.5322;20.5013;5.0358;357.2915
0.6872;0.0193;False;False;4.5327;-6.0815;0.0008;-0.0204;5.5908;-19.4875;359.8580;0.0376;272.2947;24.2240;0.0159;359.9535;2.1740;-0.0034;-0.0026;0.4143;4.8361;-10.3328;193331;71.9667;Infinity;2668.61;4.5039;-5.7189;1.3012;1.1644;5.2012;-19.2958;352.3587;352.7068;272.2936;11.5566;0.0160;1.5871;LeftFalse_RightFalse;LeftFalse_RightFalse;HandLeft_(0.3, -0.7, -0.3)_(0.6, 0.4, -0.7, 0.1)_1.046027_System.String[];HandLeft_(-0.8, -0.3, -0.2)_(0.7, 0.4, -0.5, 0.4)_1.005502_System.String[];HandRight_(0.5, -0.7, -0.3)_(-0.2, -0.4, -0.4, 0.8)_1.046027_System.String[];HandRight_(-0.5, -0.4, -0.1)_(-0.2, -0.7, -0.6, 0.4)_1.005502_System.String[];29.1365;-0.0005;-0.0026;4.5257;-6.3505;0.8667;1.1682;5.5981;-19.2054;1.9003;342.6128;225.7522;20.5926;5.5705;357.2151
0.6863;0.0234;False;False;4.0992;-5.9909;0.0007;-0.0205;5.6081;-19.2857;359.8559;0.0393;272.2915;24.2100;0.0158;359.9551;2.1555;-0.0033;-0.0027;0.4145;4.7976;-10.3509;193334;71.7254;Infinity;2668.66;4.0733;-5.6286;1.3010;1.1643;5.2185;-19.0945;352.3566;352.7086;272.2905;11.5417;0.0159;1.5884;LeftFalse_RightFalse;LeftFalse_RightFalse;HandLeft_(0.3, -0.7, -0.3)_(0.6, 0.4, -0.7, 0.1)_1.046027_System.String[];HandLeft_(-0.8, -0.3, -0.2)_(0.7, 0.4, -0.5, 0.4)_1.005502_System.String[];HandRight_(0.5, -0.7, -0.3)_(-0.2, -0.4, -0.4, 0.8)_1.046027_System.String[];HandRight_(-0.5, -0.4, -0.1)_(-0.2, -0.7, -0.6, 0.4)_1.005502_System.String[];29.1785;-0.0005;-0.0026;4.0896;-6.2598;0.8674;1.1680;5.6251;-19.0049;1.4158;342.5820;233.0262;20.6752;5.8915;357.1316
0.6855;0.0267;False;False;3.6648;-5.9010;0.0006;-0.0206;5.6255;-19.0856;359.8540;0.0417;272.2882;24.1980;0.0157;359.9568;2.1372;-0.0030;-0.0028;0.4147;4.7600;-10.3687;193337;71.66956;Infinity;2668.70;3.6366;-5.5380;1.3009;1.1642;5.2360;-18.8926;352.3546;352.7112;272.2872;11.5290;0.0158;1.5897;LeftFalse_RightFalse;LeftFalse_RightFalse;HandLeft_(0.3, -0.7, -0.3)_(0.6, 0.4, -0.7, 0.1)_1.046027_System.String[];HandLeft_(-0.8, -0.3, -0.2)_(0.7, 0.4, -0.5, 0.3)_1.005502_System.String[];HandRight_(0.5, -0.7, -0.3)_(-0.2, -0.4, -0.4, 0.8)_1.046027_System.String[];HandRight_(-0.5, -0.4, -0.1)_(-0.2, -0.7, -0.6, 0.4)_1.005502_System.String[];29.2205;-0.0005;-0.0027;3.6487;-6.1688;0.8678;1.1679;5.6511;-18.8034;0.9213;342.5542;239.0118;20.6799;5.9648;357.0265
0.6843;0.0292;False;False;3.2310;-5.8122;0.0004;-0.0208;5.6428;-18.8878;359.8523;0.0444;272.2850;24.1871;0.0156;359.9583;2.1193;-0.0028;-0.0029;0.4149;4.7230;-10.3863;193340;71.75642;Infinity;2668.74;3.2032;-5.4490;1.3008;1.1640;5.2533;-18.6941;352.3528;352.7141;272.2840;11.5177;0.0158;1.5906;LeftFalse_RightFalse;LeftFalse_RightFalse;HandLeft_(0.3, -0.7, -0.3)_(0.6, 0.4, -0.7, 0.1)_1.046027_System.String[];HandLeft_(-0.8, -0.3, -0.2)_(0.7, 0.3, -0.6, 0.3)_1.005502_System.String[];HandRight_(0.5, -0.7, -0.3)_(-0.2, -0.4, -0.4, 0.8)_1.046027_System.String[];HandRight_(-0.5, -0.4, -0.1)_(-0.2, -0.7, -0.6, 0.4)_1.005502_System.String[];29.2622;-0.0005;-0.0027;3.2123;-6.0797;0.8682;1.1677;5.6757;-18.6055;0.5262;342.5833;243.7191;20.5756;5.8145;356.9069
0.6816;0.0317;False;False;2.7977;-5.7244;0.0003;-0.0209;5.6601;-18.6921;359.8509;0.0466;272.2817;24.1769;0.0156;359.9582;2.1019;-0.0025;-0.0034;0.4150;4.6867;-10.4035;193343;71.87183;Infinity;2668.78;2.7702;-5.3610;1.3007;1.1639;5.2706;-18.4978;352.3513;352.7165;272.2808;11.5073;0.0157;1.5906;LeftFalse_RightFalse;LeftFalse_RightFalse;HandLeft_(0.3, -0.7, -0.3)_(0.5, 0.4, -0.7, 0.1)_1.046027_System.String[];HandLeft_(-0.8, -0.3, -0.2)_(0.7, 0.3, -0.6, 0.3)_1.005502_System.String[];HandRight_(0.5, -0.7, -0.3)_(0.0, -0.7, -0.4, 0.6)_1.046027_System.String[];HandRight_(-0.5, -0.4, -0.1)_(-0.2, -0.7, -0.6, 0.4)_1.005502_System.String[];29.3037;-0.0005;-0.0027;2.7769;-5.9916;0.8684;1.1675;5.6995;-18.4097;0.2674;342.6506;247.6134;20.3865;5.4440;356.8120
0.6749;0.0339;False;False;2.3637;-5.6374;0.0002;-0.0211;5.6774;-18.4980;359.8498;0.0481;272.2784;24.1671;0.0155;359.9586;2.0764;-0.0022;-0.0041;0.4152;4.6334;-10.4283;193346;71.93614;Infinity;2668.82;2.3364;-5.2738;1.3006;1.1637;5.2879;-18.3030;352.3501;352.7183;272.2775;11.4974;0.0157;1.5903;LeftFalse_RightFalse;LeftFalse_RightFalse;HandLeft_(0.3, -0.7, -0.3)_(0.6, 0.4, -0.7, 0.1)_1.046027_System.String[];HandLeft_(-0.8, -0.3, -0.2)_(0.7, 0.3, -0.6, 0.3)_1.005502_System.String[];HandRight_(0.5, -0.7, -0.3)_(0.0, -0.7, -0.3, 0.6)_1.046027_System.String[];HandRight_(-0.5, -0.4, -0.1)_(-0.2, -0.7, -0.6, 0.5)_1.005502_System.String[];29.3455;-0.0005;-0.0027;2.3415;-5.9044;0.8682;1.1673;5.7224;-18.2154;0.1609;342.6905;250.7798;20.1676;5.0100;356.7422
0.6648;0.0321;False;False;1.9281;-5.5509;0.0002;-0.0212;5.6948;-18.3050;359.8490;0.0490;272.2751;24.1575;0.0154;359.9593;2.0597;-0.0021;-0.0043;0.4153;4.5983;-10.4434;193349;71.9097;Infinity;2668.86;1.9011;-5.1871;1.3005;1.1636;5.3052;-18.1094;352.3492;352.7195;272.2742;11.4877;0.0156;1.5907;LeftFalse_RightFalse;LeftFalse_RightFalse;HandLeft_(0.3, -0.7, -0.3)_(0.6, 0.4, -0.7, 0.1)_1.046027_System.String[];HandLeft_(-0.8, -0.3, -0.2)_(0.7, 0.3, -0.6, 0.3)_1.005502_System.String[];HandRight_(0.5, -0.7, -0.3)_(0.0, -0.7, -0.4, 0.6)_1.046027_System.String[];HandRight_(-0.5, -0.4, -0.1)_(-0.2, -0.7, -0.6, 0.5)_1.005502_System.String[];29.3872;-0.0005;-0.0028;1.9052;-5.8177;0.8678;1.1671;5.7444;-18.0221;0.1182;342.7151;253.2561;19.9381;4.5636;356.6766
0.6529;0.0247;False;False;1.4906;-5.4649;0.0001;-0.0214;5.7122;-18.1130;359.8487;0.0497;272.2719;24.1479;0.0154;359.9600;2.0426;-0.0019;-0.0044;0.4152;4.5633;-10.4567;193352;71.76497;Infinity;2668.91;1.4650;-5.1011;1.3004;1.1634;5.3225;-17.9173;352.3488;352.7203;272.2709;11.4781;0.0155;1.5913;LeftFalse_RightFalse;LeftFalse_RightFalse;HandLeft_(0.3, -0.7, -0.3)_(0.5, 0.4, -0.7, 0.1)_1.046027_System.String[];HandLeft_(-0.8, -0.3, -0.2)_(0.7, 0.3, -0.6, 0.3)_1.005502_System.String[];HandRight_(0.5, -0.7, -0.3)_(0.0, -0.7, -0.4, 0.6)_1.046027_System.String[];HandRight_(-0.5, -0.4, -0.1)_(-0.2, -0.6, -0.6, 0.5)_1.005502_System.String[];29.4292;-0.0005;-0.0040;1.4684;-5.7317;0.8676;1.1669;5.7657;-17.8302;0.0880;342.7414;255.1280;19.7603;4.1589;356.6461
0.6392;0.0180;False;False;1.0533;-5.3798;0.0000;-0.0216;5.7295;-17.9229;359.8488;0.0504;272.2685;24.1370;0.0153;359.9603;2.0246;-0.0018;-0.0060;0.4151;4.5279;-10.4681;193355;71.79324;Infinity;2668.95;1.0267;-5.0156;1.3003;1.1632;5.3399;-17.7261;352.3487;352.7211;272.2676;11.4678;0.0155;1.5916;LeftFalse_RightFalse;LeftFalse_RightFalse;HandLeft_(0.3, -0.7, -0.3)_(0.5, 0.4, -0.7, 0.1)_1.046027_System.String[];HandLeft_(-0.8, -0.3, -0.2)_(0.7, 0.4, -0.6, 0.3)_1.005502_System.String[];HandRight_(0.5, -0.7, -0.3)_(0.0, -0.7, -0.4, 0.6)_1.046027_System.String[];HandRight_(-0.5, -0.4, -0.1)_(-0.2, -0.6, -0.6, 0.5)_1.005502_System.String[];29.4709;-0.0005;-0.0060;1.0295;-5.6462;0.8674;1.1667;5.7864;-17.6392;0.0323;342.7340;256.4897;19.6338;3.8179;356.6395
0.6258;0.0131;False;False;0.6146;-5.2954;-0.0001;-0.0219;5.7469;-17.7339;359.8495;0.0514;272.2652;24.1233;0.0153;359.9600;2.0057;-0.0017;-0.0051;0.4149;4.4925;-10.4775;193358;71.69444;Infinity;2668.99;0.5890;-4.9311;1.3003;1.1629;5.3573;-17.5368;352.3492;352.7220;272.2643;11.4552;0.0155;1.5913;LeftFalse_RightFalse;LeftFalse_RightFalse;HandLeft_(0.3, -0.7, -0.3)_(0.5, 0.4, -0.7, 0.1)_1.046027_System.String[];HandLeft_(-0.8, -0.3, -0.2)_(0.7, 0.4, -0.6, 0.3)_1.005502_System.String[];HandRight_(0.5, -0.7, -0.3)_(0.0, -0.7, -0.4, 0.7)_1.046027_System.String[];HandRight_(-0.5, -0.4, -0.1)_(-0.2, -0.6, -0.6, 0.5)_1.005502_System.String[];29.5127;-0.0005;-0.0081;0.5913;-5.5617;0.8673;1.1664;5.8061;-17.4501;359.9445;342.6921;257.4294;19.5834;3.4937;356.6562
0.6128;0.0096;False;False;0.1741;-5.2115;-0.0001;-0.0221;5.7643;-17.5458;359.8506;0.0525;272.2619;24.1052;0.0153;359.9592;1.9861;-0.0016;-0.0044;0.4147;4.4571;-10.4848;193361;71.54959;Infinity;2669.03;0.1488;-4.8470;1.3002;1.1627;5.3747;-17.3481;352.3501;352.7229;272.2610;11.4389;0.0154;1.5903;LeftFalse_RightFalse;LeftFalse_RightFalse;HandLeft_(0.3, -0.7, -0.3)_(0.5, 0.4, -0.7, 0.1)_1.046027_System.String[];HandLeft_(-0.8, -0.3, -0.2)_(0.7, 0.4, -0.6, 0.3)_1.005502_System.String[];HandRight_(0.5, -0.7, -0.3)_(0.0, -0.7, -0.4, 0.6)_1.046027_System.String[];HandRight_(-0.5, -0.4, -0.1)_(-0.1, -0.7, -0.5, 0.5)_1.005502_System.String[];29.5549;-0.0005;-0.0098;0.1507;-5.4772;0.8672;1.1662;5.8252;-17.2617;359.9403;342.6138;258.0194;19.6191;3.2423;356.6760
0.6023;0.0070;False;False;-0.2643;-5.1289;-0.0002;-0.0223;5.7817;-17.3603;359.8521;0.0537;272.2585;24.0823;0.0152;359.9582;1.9662;-0.0015;-0.0038;0.4143;4.4216;-10.4900;193364;71.67796;Infinity;2669.07;-0.2904;-4.7640;1.3001;1.1625;5.3920;-17.1616;352.3515;352.7238;272.2576;11.4178;0.0154;1.5892;LeftFalse_RightFalse;LeftFalse_RightFalse;HandLeft_(0.3, -0.7, -0.3)_(0.5, 0.4, -0.7, 0.1)_1.046027_System.String[];HandLeft_(-0.8, -0.3, -0.2)_(0.6, 0.4, -0.6, 0.3)_1.005502_System.String[];HandRight_(0.5, -0.7, -0.3)_(0.0, -0.7, -0.4, 0.6)_1.046027_System.String[];HandRight_(-0.5, -0.4, -0.1)_(-0.1, -0.7, -0.5, 0.5)_1.005502_System.String[];29.5967;-0.0005;-0.0114;-0.2888;-5.3940;0.8671;1.1661;5.8437;-17.0752;0.0434;342.6033;258.3731;19.7135;3.0294;356.6684
0.5947;0.0051;False;False;-0.7014;-5.0475;-0.0003;-0.0224;5.7989;-17.1769;359.8539;0.0550;272.2551;24.0547;0.0152;359.9568;1.9462;-0.0014;-0.0035;0.4138;4.3863;-10.4938;193367;71.83556;Infinity;2669.11;-0.7276;-4.6824;1.3000;1.1623;5.4093;-16.9775;352.3533;352.7248;272.2543;11.3919;0.0153;1.5877;LeftFalse_RightFalse;LeftTrue_RightFalse;HandLeft_(0.3, -0.7, -0.3)_(0.5, 0.4, -0.7, 0.1)_1.046027_System.String[];HandLeft_(-0.8, -0.3, -0.2)_(0.6, 0.4, -0.6, 0.3)_1.005502_System.String[];HandRight_(0.5, -0.7, -0.3)_(0.0, -0.7, -0.4, 0.6)_1.046027_System.String[];HandRight_(-0.5, -0.4, -0.1)_(-0.1, -0.7, -0.5, 0.5)_1.005502_System.String[];29.6382;-0.0009;-0.0135;-0.7260;-5.3120;0.8670;1.1660;5.8620;-16.8912;0.1725;342.7196;258.5948;19.8240;2.8731;356.6686
0.5910;0.0037;False;False;-1.1426;-4.9663;-0.0003;-0.0225;5.8163;-16.9935;359.8559;0.0563;272.2511;24.0215;0.0150;359.9552;1.9255;-0.0014;-0.0032;0.4129;4.3514;-10.4963;193370;71.61204;Infinity;2669.16;-1.1688;-4.6010;1.3000;1.1622;5.4267;-16.7933;352.3553;352.7257;272.2506;11.3608;0.0152;1.5859;LeftFalse_RightFalse;LeftTrue_RightFalse;HandLeft_(0.3, -0.7, -0.3)_(0.5, 0.4, -0.7, 0.1)_1.046027_System.String[];HandLeft_(-0.8, -0.3, -0.2)_(0.6, 0.4, -0.6, 0.3)_1.005502_System.String[];HandRight_(0.5, -0.7, -0.3)_(0.0, -0.7, -0.4, 0.7)_1.046027_System.String[];HandRight_(-0.5, -0.4, -0.1)_(-0.1, -0.7, -0.5, 0.5)_1.005502_System.String[];29.6804;-0.0014;-0.0155;-1.1671;-5.2301;0.8666;1.1659;5.8800;-16.7072;0.3264;342.8587;258.7415;19.9123;2.7731;356.6068
0.5918;0.0027;False;False;-1.5800;-4.8866;-0.0004;-0.0227;5.8334;-16.8132;359.8580;0.0573;272.2458;23.9830;0.0146;359.9527;1.9047;-0.0013;-0.0033;0.4115;4.3167;-10.4983;193373;71.80167;Infinity;2669.20;-1.6061;-4.5212;1.2999;1.1620;5.4438;-16.6122;352.3573;352.7263;272.2458;11.3243;0.0149;1.5835;LeftFalse_RightFalse;LeftTrue_RightFalse;HandLeft_(0.3, -0.7, -0.3)_(0.5, 0.4, -0.7, 0.1)_1.046027_System.String[];HandLeft_(-0.8, -0.3, -0.2)_(0.6, 0.4, -0.6, 0.3)_1.005502_System.String[];HandRight_(0.5, -0.7, -0.3)_(0.0, -0.7, -0.4, 0.7)_1.046027_System.String[];HandRight_(-0.5, -0.4, -0.1)_(-0.1, -0.7, -0.5, 0.5)_1.005502_System.String[];29.7219;-0.0022;-0.0168;-1.6042;-5.1498;0.8662;1.1656;5.8976;-16.5262;0.4459;343.0088;258.8397;19.9868;2.7180;356.5060
0.5945;0.0020;False;False;-2.0195;-4.8075;-0.0004;-0.0228;5.8506;-16.6335;359.8600;0.0580;272.2380;23.9392;0.0139;359.9506;1.8839;-0.0013;-0.0037;0.4097;4.2823;-10.5003;193376;71.70927;Infinity;2669.24;-2.0442;-4.4422;1.2999;1.1619;5.4610;-16.4324;352.3593;352.7266;272.2390;11.2825;0.0143;1.5809;LeftFalse_RightFalse;LeftTrue_RightFalse;HandLeft_(0.3, -0.7, -0.3)_(0.5, 0.4, -0.7, 0.1)_1.046027_System.String[];HandLeft_(-0.8, -0.3, -0.2)_(0.6, 0.4, -0.6, 0.3)_1.005502_System.String[];HandRight_(0.5, -0.7, -0.3)_(0.0, -0.7, -0.4, 0.7)_1.046027_System.String[];HandRight_(-0.5, -0.4, -0.1)_(-0.1, -0.6, -0.5, 0.5)_1.005502_System.String[];29.7639;-0.0030;-0.0177;-2.0422;-5.0703;0.8660;1.1653;5.9150;-16.3466;0.5377;343.1816;258.9017;20.0264;2.6619;356.4190
0.5974;0.0014;False;False;-2.4612;-4.7290;-0.0005;-0.0230;5.8677;-16.4545;359.8617;0.0585;272.2269;23.8910;0.0128;359.9492;1.8535;-0.0013;-0.0041;0.4061;4.2309;-10.5040;193379;71.51921;Infinity;2669.28;-2.4860;-4.3635;1.2998;1.1617;5.4781;-16.2525;352.3611;352.7268;272.2292;11.2358;0.0133;1.5793;LeftFalse_RightFalse;LeftTrue_RightFalse;HandLeft_(0.3, -0.7, -0.3)_(0.5, 0.4, -0.7, 0.1)_1.046027_System.String[];HandLeft_(-0.8, -0.3, -0.2)_(0.6, 0.4, -0.6, 0.3)_1.005502_System.String[];HandRight_(0.5, -0.7, -0.3)_(0.0, -0.7, -0.4, 0.7)_1.046027_System.String[];HandRight_(-0.5, -0.4, -0.1)_(-0.1, -0.6, -0.5, 0.5)_1.005502_System.String[];29.8059;-0.0036;-0.0178;-2.4840;-4.9912;0.8658;1.1650;5.9323;-16.1671;0.5991;343.3371;258.9377;20.0327;2.6122;356.3386
0.5996;0.0010;False;False;-2.9027;-4.6514;-0.0005;-0.0232;5.8848;-16.2772;359.8630;0.0590;272.2123;23.8404;0.0115;359.9480;1.8338;-0.0013;-0.0043;0.4035;4.1968;-10.5070;193382;71.38773;Infinity;2669.32;-2.9249;-4.2862;1.2998;1.1615;5.4951;-16.0753;352.3626;352.7270;272.2160;11.1864;0.0120;1.5780;LeftFalse_RightFalse;LeftTrue_RightFalse;HandLeft_(0.3, -0.7, -0.3)_(0.5, 0.4, -0.7, 0.1)_1.046027_System.String[];HandLeft_(-0.8, -0.3, -0.2)_(0.7, 0.4, -0.6, 0.3)_1.005502_System.String[];HandRight_(0.5, -0.7, -0.3)_(0.0, -0.7, -0.4, 0.7)_1.046027_System.String[];HandRight_(-0.5, -0.4, -0.1)_(-0.1, -0.7, -0.5, 0.5)_1.005502_System.String[];29.8479;-0.0038;-0.0178;-2.9229;-4.9138;0.8657;1.1647;5.9494;-15.9904;0.6547;343.4600;258.9536;20.0024;2.5840;356.2612
0.6012;0.0008;False;False;-3.3443;-4.5746;-0.0006;-0.0234;5.9017;-16.1014;359.8641;0.0595;272.1944;23.7885;0.0100;359.9471;1.8144;-0.0013;-0.0045;0.4008;4.1629;-10.5102;193385;71.39692;Infinity;2669.37;-3.3692;-4.2089;1.2997;1.1613;5.5121;-15.8975;352.3638;352.7273;272.1993;11.1346;0.0106;1.5769;LeftFalse_RightFalse;LeftTrue_RightFalse;HandLeft_(0.3, -0.7, -0.3)_(0.5, 0.4, -0.7, 0.1)_1.046027_System.String[];HandLeft_(-0.8, -0.3, -0.2)_(0.7, 0.4, -0.6, 0.3)_1.005502_System.String[];HandRight_(0.5, -0.7, -0.3)_(0.0, -0.7, -0.4, 0.7)_1.046027_System.String[];HandRight_(-0.5, -0.4, -0.1)_(-0.1, -0.7, -0.5, 0.5)_1.005502_System.String[];29.8899;-0.0039;-0.0178;-3.3670;-4.8364;0.8655;1.1645;5.9662;-15.8131;0.7025;343.5229;258.9486;19.9465;2.5981;356.2029
0.6023;0.0006;False;False;-3.7873;-4.4985;-0.0007;-0.0235;5.9185;-15.9265;359.8648;0.0601;272.1738;23.7358;0.0086;359.9464;1.7952;-0.0013;-0.0045;0.3981;4.1292;-10.5137;193388;71.27373;Infinity;2669.41;-3.8112;-4.1328;1.2997;1.1611;5.5290;-15.7221;352.3646;352.7276;272.1797;11.0823;0.0091;1.5760;LeftFalse_RightFalse;LeftTrue_RightFalse;HandLeft_(0.3, -0.7, -0.3)_(0.5, 0.4, -0.7, 0.1)_1.046027_System.String[];HandLeft_(-0.8, -0.3, -0.2)_(0.7, 0.4, -0.6, 0.3)_1.005502_System.String[];HandRight_(0.5, -0.7, -0.3)_(0.0, -0.7, -0.4, 0.7)_1.046027_System.String[];HandRight_(-0.5, -0.4, -0.1)_(-0.1, -0.7, -0.5, 0.5)_1.005502_System.String[];29.9321;-0.0039;-0.0178;-3.8089;-4.7604;0.8654;1.1642;5.9825;-15.6382;0.7226;343.5336;258.9176;19.8729;2.6414;356.1648
0.6032;0.0004;False;False;-4.2265;-4.4239;-0.0007;-0.0237;5.9351;-15.7547;359.8653;0.0604;272.1514;23.6835;0.0072;359.9462;1.7762;-0.0013;-0.0043;0.3953;4.0958;-10.5173;193391;71.56174;Infinity;2669.45;-4.2520;-4.0579;1.2996;1.1609;5.5456;-15.5488;352.3652;352.7280;272.1580;11.0298;0.0077;1.5754;LeftFalse_RightFalse;LeftTrue_RightFalse;HandLeft_(0.3, -0.7, -0.3)_(0.5, 0.4, -0.7, 0.1)_1.046027_System.String[];HandLeft_(-0.8, -0.3, -0.2)_(0.7, 0.4, -0.6, 0.3)_1.005502_System.String[];HandRight_(0.5, -0.7, -0.3)_(0.0, -0.7, -0.4, 0.7)_1.046027_System.String[];HandRight_(-0.5, -0.4, -0.1)_(-0.2, -0.7, -0.5, 0.5)_1.005502_System.String[];29.9739;-0.0040;-0.0178;-4.2497;-4.6854;0.8653;1.1640;5.9986;-15.4654;0.7729;343.5051;258.8671;19.7762;2.7059;356.1647
0.6038;0.0003;False;False;-4.6691;-4.3496;-0.0008;-0.0239;5.9516;-15.5831;359.8656;0.0598;272.1272;23.6308;0.0058;359.9464;1.7574;-0.0013;-0.0037;0.3922;4.0625;-10.5209;193394;71.43988;Infinity;2669.49;-4.6929;-3.9838;1.2996;1.1607;5.5621;-15.3769;352.3655;352.7278;272.1346;10.9772;0.0063;1.5757;LeftFalse_RightFalse;LeftTrue_RightFalse;HandLeft_(0.3, -0.7, -0.3)_(0.5, 0.4, -0.7, 0.1)_1.046027_System.String[];HandLeft_(-0.8, -0.3, -0.2)_(0.7, 0.4, -0.5, 0.3)_1.005502_System.String[];HandRight_(0.5, -0.7, -0.3)_(0.0, -0.7, -0.4, 0.7)_1.046027_System.String[];HandRight_(-0.5, -0.4, -0.1)_(-0.2, -0.6, -0.5, 0.6)_1.005502_System.String[];30.0159;-0.0042;-0.0178;-4.6907;-4.6114;0.8652;1.1638;6.0145;-15.2941;0.8811;343.4778;258.7940;19.6234;2.7824;356.1949
0.6039;0.0002;False;False;-5.1076;-4.2768;-0.0008;-0.0240;5.9679;-15.4146;359.8658;0.0583;272.1017;23.5789;0.0043;359.9464;1.7388;-0.0013;-0.0033;0.3887;4.0294;-10.5247;193397;71.70876;Infinity;2669.53;-5.1325;-3.9107;1.2995;1.1606;5.5784;-15.2071;352.3658;352.7266;272.1098;10.9250;0.0049;1.5760;LeftFalse_RightFalse;LeftTrue_RightFalse;HandLeft_(0.3, -0.7, -0.3)_(0.5, 0.4, -0.7, 0.1)_1.046027_System.String[];HandLeft_(-0.8, -0.3, -0.2)_(0.7, 0.4, -0.5, 0.3)_1.005502_System.String[];HandRight_(0.5, -0.7, -0.3)_(0.0, -0.7, -0.4, 0.7)_1.046027_System.String[];HandRight_(-0.5, -0.4, -0.1)_(-0.2, -0.6, -0.5, 0.6)_1.005502_System.String[];30.0576;-0.0048;-0.0178;-5.1305;-4.5388;0.8648;1.1637;6.0302;-15.1248;1.1817;343.4026;258.7154;19.4349;2.8106;356.2535
0.6025;0.0002;False;False;-5.5461;-4.2048;-0.0009;-0.0242;5.9839;-15.2476;359.8658;0.0563;272.0743;23.5272;0.0027;359.9464;1.7204;-0.0013;-0.0031;0.3844;3.9966;-10.5285;193400;71.85636;Infinity;2669.58;-5.5709;-3.8388;1.2995;1.1605;5.5945;-15.0392;352.3658;352.7248;272.0833;10.8732;0.0033;1.5765;LeftFalse_RightFalse;LeftTrue_RightFalse;HandLeft_(0.3, -0.7, -0.3)_(0.5, 0.4, -0.7, 0.1)_1.046027_System.String[];HandLeft_(-0.8, -0.3, -0.2)_(0.7, 0.4, -0.5, 0.3)_1.005502_System.String[];HandRight_(0.5, -0.7, -0.3)_(0.0, -0.7, -0.4, 0.7)_1.046027_System.String[];HandRight_(-0.5, -0.3, -0.1)_(-0.1, -0.6, -0.5, 0.6)_1.005502_System.String[];30.0994;-0.0058;-0.0178;-5.5692;-4.4674;0.8633;1.1635;6.0458;-14.9574;1.8848;343.3220;258.6328;19.2167;2.7402;356.3484
0.6012;0.0001;False;False;-5.9872;-4.1333;-0.0009;-0.0243;5.9999;-15.0811;359.8658;0.0539;272.0434;23.4757;0.0007;359.9465;1.7022;-0.0013;-0.0029;0.3791;3.9641;-10.5321;193403;71.72961;Infinity;2669.62;-6.0108;-3.7673;1.2995;1.1604;5.6104;-14.8723;352.3658;352.7225;272.0540;10.8216;0.0014;1.5770;LeftFalse_RightFalse;LeftTrue_RightFalse;HandLeft_(0.3, -0.8, -0.3)_(0.5, 0.4, -0.7, 0.1)_1.046027_System.String[];HandLeft_(-0.8, -0.3, -0.2)_(0.7, 0.4, -0.5, 0.3)_1.005502_System.String[];HandRight_(0.5, -0.7, -0.3)_(0.0, -0.7, -0.4, 0.7)_1.046027_System.String[];HandRight_(-0.5, -0.3, -0.1)_(-0.1, -0.6, -0.5, 0.6)_1.005502_System.String[];30.1411;-0.0073;-0.0178;-6.0098;-4.3967;0.8601;1.1634;6.0611;-14.7909;3.4468;343.2488;258.5616;18.9306;2.5360;356.4766
0.6002;0.0001;False;False;-6.4270;-4.0627;-0.0013;-0.0244;6.0155;-14.9164;359.8801;0.0515;272.0080;23.4247;-0.0013;359.9468;1.6842;-0.0110;-0.0027;0.3727;3.9318;-10.5355;193406;71.79944;Infinity;2669.66;-6.4516;-3.6966;1.2992;1.1603;5.6261;-14.7065;352.3743;352.7202;272.0203;10.7703;-0.0006;1.5777;LeftFalse_RightFalse;LeftTrue_RightFalse;HandLeft_(0.3, -0.7, -0.3)_(0.5, 0.4, -0.7, 0.1)_1.046027_System.String[];HandLeft_(-0.8, -0.3, -0.2)_(0.7, 0.5, -0.5, 0.3)_1.005502_System.String[];HandRight_(0.5, -0.7, -0.3)_(0.0, -0.7, -0.3, 0.7)_1.046027_System.String[];HandRight_(-0.5, -0.3, -0.1)_(-0.1, -0.6, -0.5, 0.6)_1.005502_System.String[];30.1829;-0.0089;-0.0178;-6.4515;-4.3267;0.8565;1.1632;6.0764;-14.6256;5.3599;343.1998;258.5424;18.5803;2.3591;356.6532
0.5999;0.0001;False;False;-6.8672;-3.9929;-0.0019;-0.0245;6.0308;-14.7532;359.9030;0.0496;271.9658;23.3742;-0.0042;359.9478;1.6576;-0.0161;-0.0028;0.3608;3.8839;-10.5415;193409;71.78237;Infinity;2669.70;-6.8906;-3.6270;1.2986;1.1602;5.6415;-14.5430;352.3948;352.7184;271.9810;10.7196;-0.0032;1.5790;LeftFalse_RightFalse;LeftTrue_RightFalse;HandLeft_(0.3, -0.8, -0.3)_(0.5, 0.4, -0.7, 0.1)_1.046027_System.String[];HandLeft_(-0.7, -0.3, -0.2)_(0.7, 0.5, -0.5, 0.3)_1.005502_System.String[];HandRight_(0.5, -0.7, -0.3)_(0.0, -0.7, -0.3, 0.7)_1.046027_System.String[];HandRight_(-0.4, -0.3, -0.1)_(-0.1, -0.6, -0.5, 0.6)_1.005502_System.String[];30.2246;-0.0105;-0.0178;-6.8918;-4.2579;0.8538;1.1631;6.0915;-14.4624;6.5853;343.1571;258.5850;18.1678;2.2630;356.8571
0.5985;0.0000;False;False;-7.3103;-3.9234;-0.0026;-0.0246;6.0459;-14.5903;359.9313;0.0480;271.9154;23.3237;359.9930;359.9489;1.6399;-0.0215;-0.0027;0.3515;3.8523;-10.5448;193412;71.57738;Infinity;2669.74;-7.3338;-3.5575;1.2979;1.1601;5.6566;-14.3793;352.4212;352.7169;271.9339;10.6689;359.9933;1.5804;LeftFalse_RightFalse;LeftTrue_RightFalse;HandLeft_(0.3, -0.8, -0.3)_(0.5, 0.4, -0.7, 0.1)_1.046027_System.String[];HandLeft_(-0.7, -0.3, -0.2)_(0.7, 0.4, -0.5, 0.2)_1.005502_System.String[];HandRight_(0.5, -0.7, -0.3)_(0.0, -0.7, -0.3, 0.7)_1.046027_System.String[];HandRight_(-0.4, -0.3, -0.1)_(-0.1, -0.6, -0.5, 0.6)_1.005502_System.String[];30.2668;-0.0118;-0.0189;-7.3359;-4.1892;0.8512;1.1630;6.1064;-14.2992;7.5562;343.1086;258.6521;17.7217;2.2313;357.0425
0.5972;0.0000;False;False;-7.7530;-3.8548;-0.0036;-0.0248;6.0606;-14.4289;359.9713;0.0467;271.8562;23.2725;0.0081;359.9496;1.6213;-0.0264;-0.0029;0.3408;3.8215;-10.5489;193415;71.49745;Infinity;2669.79;-7.7773;-3.4889;1.2969;1.1600;5.6711;-14.2171;352.4570;352.7158;271.8765;10.6180;0.0018;1.5817;LeftFalse_RightFalse;LeftTrue_RightFalse;HandLeft_(0.3, -0.8, -0.3)_(0.5, 0.5, -0.7, 0.1)_1.046027_System.String[];HandLeft_(-0.7, -0.3, -0.2)_(0.7, 0.4, -0.5, 0.2)_1.005502_System.String[];HandRight_(0.5, -0.7, -0.3)_(0.0, -0.6, -0.4, 0.7)_1.046027_System.String[];HandRight_(-0.4, -0.3, -0.1)_(-0.1, -0.6, -0.5, 0.6)_1.005502_System.String[];30.3088;-0.0128;-0.0215;-7.7801;-4.1214;0.8485;1.1628;6.1209;-14.1373;8.5113;343.0675;258.7215;17.2248;2.2474;357.2196
0.5963;0.0000;False;False;-8.1960;-3.7870;-0.0048;-0.0249;6.0747;-14.2689;0.0226;0.0459;271.7893;23.2181;0.0174;359.9492;1.6020;-0.0253;-0.0030;0.3296;3.7912;-10.5539;193418;71.45464;Infinity;2669.83;-8.2206;-3.4211;1.2954;1.1599;5.6850;-14.0563;352.5056;352.7148;271.8103;10.5649;0.0170;1.5818;LeftFalse_RightFalse;LeftTrue_RightFalse;HandLeft_(0.3, -0.8, -0.3)_(0.5, 0.5, -0.7, 0.1)_1.046027_System.String[];HandLeft_(-0.7, -0.3, -0.2)_(0.7, 0.4, -0.5, 0.2)_1.005502_System.String[];HandRight_(0.5, -0.7, -0.3)_(0.0, -0.6, -0.4, 0.7)_1.046027_System.String[];HandRight_(-0.4, -0.3, -0.1)_(-0.1, -0.6, -0.5, 0.6)_1.005502_System.String[];30.3508;-0.0134;-0.0241;-8.2239;-4.0543;0.8461;1.1627;6.1348;-13.9770;9.1285;343.0823;258.7876;16.7637;2.2674;357.3592
0.5966;0.0000;False;False;-8.6395;-3.7200;-0.0058;-0.0250;6.0884;-14.1100;0.0595;0.0453;271.7138;23.1593;0.0162;359.9482;1.5825;-0.0185;-0.0031;0.3181;3.7614;-10.5562;193421;71.39568;Infinity;2669.87;-8.6642;-3.3541;1.2943;1.1597;5.6986;-13.8968;352.5487;352.7140;271.7377;10.5078;0.0171;1.5811;LeftFalse_RightFalse;LeftTrue_RightFalse;HandLeft_(0.3, -0.8, -0.3)_(0.5, 0.5, -0.7, 0.1)_1.046027_System.String[];HandLeft_(-0.7, -0.3, -0.2)_(0.7, 0.4, -0.5, 0.2)_1.005502_System.String[];HandRight_(0.5, -0.7, -0.3)_(0.0, -0.6, -0.3, 0.7)_1.046027_System.String[];HandRight_(-0.4, -0.3, -0.1)_(-0.1, -0.6, -0.5, 0.6)_1.005502_System.String[];30.3928;-0.0135;-0.0264;-8.6679;-3.9881;0.8442;1.1626;6.1481;-13.8180;9.4521;343.1439;258.8471;16.3194;2.2713;357.4766
0.5969;0.0035;False;False;-9.0824;-3.6540;-0.0066;-0.0252;6.1015;-13.9528;0.0779;0.0446;271.6316;23.0957;0.0131;359.9472;1.5629;-0.0222;-0.0032;0.3067;3.7320;-10.5593;193424;71.44939;Infinity;2669.91;-9.1079;-3.2880;1.2934;1.1596;5.7117;-13.7384;352.5745;352.7131;271.6578;10.4458;0.0144;1.5803;LeftFalse_RightFalse;LeftTrue_RightFalse;HandLeft_(0.3, -0.8, -0.3)_(0.5, 0.5, -0.7, 0.1)_1.046027_System.String[];HandLeft_(-0.7, -0.3, -0.2)_(0.7, 0.4, -0.6, 0.3)_1.005502_System.String[];HandRight_(0.5, -0.7, -0.3)_(0.0, -0.6, -0.4, 0.7)_1.046027_System.String[];HandRight_(-0.4, -0.3, -0.1)_(-0.1, -0.6, -0.5, 0.6)_1.005502_System.String[];30.4348;-0.0135;-0.0281;-9.1121;-3.9225;0.8428;1.1624;6.1609;-13.6603;9.6519;343.2189;258.8441;15.9628;2.3103;357.5364
0.5971;0.0134;False;False;-9.5263;-3.5888;-0.0076;-0.0253;6.1140;-13.7966;0.0786;0.0437;271.5439;23.0272;0.0087;359.9460;1.5439;-0.0237;-0.0034;0.2947;3.7035;-10.5625;193427;71.41117;Infinity;2669.95;-9.5512;-3.2228;1.2924;1.1595;5.7243;-13.5814;352.5802;352.7121;271.5723;10.3790;0.0105;1.5793;LeftFalse_RightFalse;LeftTrue_RightFalse;HandLeft_(0.3, -0.8, -0.3)_(0.5, 0.5, -0.7, 0.1)_1.046027_System.String[];HandLeft_(-0.7, -0.3, -0.2)_(0.6, 0.4, -0.6, 0.3)_1.005502_System.String[];HandRight_(0.5, -0.7, -0.3)_(0.0, -0.6, -0.4, 0.7)_1.046027_System.String[];HandRight_(-0.4, -0.3, -0.1)_(-0.1, -0.6, -0.5, 0.6)_1.005502_System.String[];30.4768;-0.0135;-0.0287;-9.5562;-3.8576;0.8418;1.1623;6.1733;-13.5039;9.6972;343.2850;258.7796;15.7397;2.3501;357.5496
0.5962;0.0226;False;False;-9.9680;-3.5247;-0.0086;-0.0254;6.1260;-13.6424;0.0679;0.0411;271.4530;22.9557;0.0031;359.9446;1.5259;-0.0245;-0.0024;0.2821;3.6758;-10.5657;193430;71.60868;Infinity;2670.00;-9.9930;-3.1586;1.2915;1.1593;5.7363;-13.4261;352.5727;352.7101;271.4830;10.3084;0.0050;1.5784;LeftFalse_RightFalse;LeftTrue_RightFalse;HandLeft_(0.3, -0.8, -0.3)_(0.5, 0.5, -0.7, 0.1)_1.046027_System.String[];HandLeft_(-0.7, -0.3, -0.2)_(0.7, 0.4, -0.6, 0.3)_1.005502_System.String[];HandRight_(0.5, -0.7, -0.3)_(0.0, -0.6, -0.4, 0.7)_1.046027_System.String[];HandRight_(-0.4, -0.3, -0.2)_(-0.2, -0.6, -0.5, 0.6)_1.005502_System.String[];30.5186;-0.0135;-0.0287;-9.9988;-3.7937;0.8409;1.1622;6.1848;-13.3493;9.6590;343.3457;258.6809;15.6255;2.4013;357.5256
0.5948;0.0294;False;False;-10.4104;-3.4613;-0.0097;-0.0255;6.1375;-13.4893;0.0466;0.0370;271.3594;22.8824;0.0060;359.9437;1.5089;-0.0304;-0.0019;0.2686;3.6492;-10.5689;193433;71.64386;Infinity;2670.04;-10.4338;-3.0954;1.2905;1.1593;5.7477;-13.2723;352.5559;352.7062;271.3907;10.2356;0.0009;1.5781;LeftFalse_RightFalse;LeftTrue_RightFalse;HandLeft_(0.3, -0.8, -0.3)_(0.5, 0.5, -0.7, 0.1)_1.046027_System.String[];HandLeft_(-0.7, -0.3, -0.2)_(0.7, 0.4, -0.6, 0.3)_1.005502_System.String[];HandRight_(0.5, -0.7, -0.3)_(0.0, -0.6, -0.3, 0.7)_1.046027_System.String[];HandRight_(-0.4, -0.3, -0.2)_(-0.2, -0.6, -0.5, 0.6)_1.005502_System.String[];30.5605;-0.0135;-0.0286;-10.4404;-3.7307;0.8400;1.1621;6.1958;-13.1964;9.5817;343.3973;258.5484;15.6064;2.4557;357.4708
0.5934;0.0317;False;False;-10.8524;-3.3987;-0.0112;-0.0256;6.1484;-13.3375;0.0089;0.0320;271.2643;22.8085;0.0198;359.9431;1.4927;-0.0391;-0.0017;0.2541;3.6235;-10.5725;193436;71.74144;Infinity;2670.08;-10.8748;-3.0328;1.2891;1.1592;5.7582;-13.1196;352.5237;352.7014;271.2938;10.1617;0.0178;1.5785;LeftFalse_RightFalse;LeftTrue_RightFalse;HandLeft_(0.3, -0.8, -0.3)_(0.5, 0.4, -0.7, 0.1)_1.046027_System.String[];HandLeft_(-0.7, -0.3, -0.2)_(0.6, 0.4, -0.6, 0.3)_1.005502_System.String[];HandRight_(0.5, -0.7, -0.3)_(0.0, -0.7, -0.3, 0.7)_1.046027_System.String[];HandRight_(-0.4, -0.3, -0.1)_(-0.2, -0.6, -0.4, 0.6)_1.005502_System.String[];30.6023;-0.0135;-0.0285;-10.8820;-3.6683;0.8388;1.1620;6.2062;-13.0445;9.4636;343.4346;258.4163;15.6258;2.5116;357.4421
0.5925;0.0265;False;False;-11.2939;-3.3369;-0.0127;-0.0256;6.1586;-13.1870;359.9688;0.0265;271.1682;22.7347;0.0227;359.9429;1.4690;-0.0259;-0.0013;0.2311;3.5854;-10.5766;193439;71.8046;Infinity;2670.12;-11.3140;-2.9713;1.2876;1.1592;5.7682;-12.9686;352.4785;352.6961;271.1974;10.0878;0.0222;1.5794;LeftFalse_RightFalse;LeftTrue_RightFalse;HandLeft_(0.3, -0.8, -0.3)_(0.5, 0.5, -0.7, 0.1)_1.046027_System.String[];HandLeft_(-0.7, -0.3, -0.2)_(0.6, 0.4, -0.6, 0.3)_1.005502_System.String[];HandRight_(0.5, -0.7, -0.3)_(0.0, -0.6, -0.3, 0.7)_1.046027_System.String[];HandRight_(-0.4, -0.3, -0.1)_(-0.2, -0.6, -0.4, 0.6)_1.005502_System.String[];30.6440;-0.0135;-0.0283;-11.3220;-3.6069;0.8377;1.1620;6.2160;-12.8943;9.2508;343.4684;258.2841;15.6231;2.5390;357.4305
0.5918;0.0193;False;False;-11.7347;-3.2758;-0.0137;-0.0257;6.1680;-13.0379;359.9472;0.0214;271.0720;22.6616;0.0215;359.9440;1.4531;-0.0205;-0.0008;0.2155;3.5593;-10.5787;193442;71.90138;Infinity;2670.16;-11.7542;-2.9103;1.2866;1.1592;5.7775;-12.8185;352.4537;352.6910;271.1011;10.0141;0.0225;1.5811;LeftFalse_RightFalse;LeftTrue_RightFalse;HandLeft_(0.3, -0.8, -0.3)_(0.5, 0.4, -0.7, 0.1)_1.046027_System.String[];HandLeft_(-0.7, -0.3, -0.2)_(0.6, 0.4, -0.6, 0.3)_1.005502_System.String[];HandRight_(0.5, -0.7, -0.3)_(0.0, -0.7, -0.3, 0.7)_1.046027_System.String[];HandRight_(-0.4, -0.3, -0.1)_(-0.2, -0.6, -0.5, 0.6)_1.005502_System.String[];30.6855;-0.0135;-0.0282;-11.7630;-3.5461;0.8369;1.1620;6.2253;-12.7450;9.0162;343.4735;258.1525;15.4622;2.5574;357.4494
0.5901;0.0141;False;False;-12.1756;-3.2155;-0.0145;-0.0257;6.1768;-12.8900;359.9321;0.0176;270.9754;22.5892;0.0183;359.9451;1.4371;-0.0168;-0.0005;0.1996;3.5326;-10.5806;193445;71.94924;Infinity;2670.20;-12.1941;-2.8501;1.2858;1.1592;5.7863;-12.6697;352.4366;352.6870;271.0051;9.9412;0.0195;1.5832;LeftFalse_RightFalse;LeftTrue_RightFalse;HandLeft_(0.3, -0.8, -0.3)_(0.5, 0.4, -0.7, 0.1)_1.046027_System.String[];HandLeft_(-0.7, -0.3, -0.2)_(0.6, 0.4, -0.6, 0.3)_1.005502_System.String[];HandRight_(0.5, -0.7, -0.3)_(0.0, -0.7, -0.3, 0.7)_1.046027_System.String[];HandRight_(-0.4, -0.3, -0.1)_(-0.2, -0.6, -0.4, 0.6)_1.005502_System.String[];30.7273;-0.0134;-0.0282;-12.2037;-3.4862;0.8366;1.1619;6.2340;-12.5970;8.7596;343.4592;258.0181;14.9890;2.5672;357.5324
0.5868;0.0103;False;False;-12.6186;-3.1555;-0.0152;-0.0257;6.1848;-12.7425;359.9224;0.0148;270.8783;22.5172;0.0143;359.9465;1.4211;-0.0141;-0.0004;0.1840;3.5056;-10.5822;193448;71.78197;Infinity;2670.25;-12.6346;-2.7906;1.2851;1.1592;5.7944;-12.5219;352.4251;352.6843;270.9087;9.8690;0.0160;1.5852;LeftFalse_RightFalse;LeftTrue_RightFalse;HandLeft_(0.3, -0.8, -0.3)_(0.5, 0.4, -0.7, 0.1)_1.046027_System.String[];HandLeft_(-0.7, -0.3, -0.2)_(0.6, 0.4, -0.6, 0.3)_1.005502_System.String[];HandRight_(0.5, -0.7, -0.3)_(0.0, -0.7, -0.3, 0.7)_1.046027_System.String[];HandRight_(-0.4, -0.3, -0.2)_(-0.2, -0.6, -0.4, 0.6)_1.005502_System.String[];30.7690;-0.0128;-0.0282;-12.6449;-3.4277;0.8364;1.1619;6.2420;-12.4498;8.5021;343.4403;257.8766;14.1705;2.5675;357.7078
0.5812;0.0075;False;False;-13.0681;-3.0954;-0.0157;-0.0257;6.1924;-12.5941;359.9169;0.0126;270.7808;22.4448;0.0106;359.9481;1.4051;-0.0123;-0.0003;0.1687;3.4784;-10.5831;193451;71.27175;Infinity;2670.29;-13.0831;-2.7306;1.2846;1.1592;5.8020;-12.3727;352.4183;352.6823;270.8113;9.7961;0.0117;1.5873;LeftFalse_RightFalse;LeftTrue_RightFalse;HandLeft_(0.3, -0.8, -0.3)_(0.5, 0.4, -0.7, 0.1)_1.046027_System.String[];HandLeft_(-0.7, -0.3, -0.2)_(0.7, 0.4, -0.6, 0.2)_1.005502_System.String[];HandRight_(0.5, -0.7, -0.3)_(0.0, -0.7, -0.3, 0.7)_1.046027_System.String[];HandRight_(-0.4, -0.3, -0.2)_(-0.2, -0.6, -0.4, 0.6)_1.005502_System.String[];30.8115;-0.0118;-0.0282;-13.0942;-3.3694;0.8361;1.1618;6.2495;-12.3011;8.2925;343.4164;257.7345;12.9596;2.5566;358.0130
0.5735;0.0055;False;False;-13.5124;-3.0368;-0.0162;-0.0258;6.1991;-12.4486;359.9142;0.0111;270.6866;22.3740;0.0077;359.9496;1.3892;-0.0112;-0.0004;0.1540;3.4511;-10.5832;193454;71.36474;Infinity;2670.33;-13.5272;-2.6720;1.2841;1.1592;5.8088;-12.2262;352.4149;352.6810;270.7165;9.7247;0.0088;1.5893;LeftFalse_RightFalse;LeftTrue_RightFalse;HandLeft_(0.3, -0.8, -0.3)_(0.5, 0.4, -0.7, 0.1)_1.046027_System.String[];HandLeft_(-0.7, -0.3, -0.2)_(0.7, 0.4, -0.6, 0.2)_1.005502_System.String[];HandRight_(0.5, -0.7, -0.3)_(0.0, -0.7, -0.3, 0.7)_1.046027_System.String[];HandRight_(-0.4, -0.3, -0.2)_(-0.2, -0.6, -0.4, 0.7)_1.005502_System.String[];30.8535;-0.0101;-0.0281;-13.5390;-3.3127;0.8357;1.1617;6.2560;-12.1551;8.1033;343.4454;257.6099;11.4812;2.5448;358.4139
0.5618;0.0040;False;False;-13.9544;-2.9791;-0.0167;-0.0258;6.2053;-12.3050;359.9125;0.0103;270.5975;22.3041;0.0052;359.9505;1.3735;-0.0102;-0.0005;0.1406;3.4239;-10.5820;193457;71.59608;Infinity;2670.37;-13.9697;-2.6143;1.2837;1.1592;5.8149;-12.0814;352.4131;352.6803;270.6256;9.6543;0.0059;1.5905;LeftFalse_RightFalse;LeftTrue_RightFalse;HandLeft_(0.3, -0.7, -0.3)_(0.5, 0.4, -0.7, 0.1)_1.046027_System.String[];HandLeft_(-0.7, -0.3, -0.2)_(0.7, 0.4, -0.6, 0.2)_1.005502_System.String[];HandRight_(0.5, -0.7, -0.3)_(0.0, -0.7, -0.3, 0.7)_1.046027_System.String[];HandRight_(-0.4, -0.3, -0.2)_(-0.2, -0.6, -0.4, 0.7)_1.005502_System.String[];30.8953;-0.0078;-0.0281;-13.9819;-3.2579;0.8357;1.1617;6.2618;-12.0106;7.9208;343.5637;257.5091;9.5150;2.5470;358.9279
0.5437;0.0029;False;False;-14.3972;-2.9220;-0.0171;-0.0258;6.2109;-12.1624;359.9113;0.0097;270.5158;22.2347;0.0044;359.9516;1.3579;-0.0097;-0.0008;0.1288;3.3967;-10.5788;193460;71.61079;Infinity;2670.41;-14.4106;-2.5575;1.2832;1.1592;5.8205;-11.9383;352.4115;352.6798;270.5413;9.5848;0.0046;1.5915;LeftFalse_RightFalse;LeftTrue_RightFalse;HandLeft_(0.3, -0.7, -0.3)_(0.5, 0.4, -0.7, 0.1)_1.046027_System.String[];HandLeft_(-0.7, -0.3, -0.2)_(0.7, 0.4, -0.5, 0.2)_1.005502_System.String[];HandRight_(0.5, -0.7, -0.3)_(0.0, -0.7, -0.3, 0.7)_1.046027_System.String[];HandRight_(-0.4, -0.3, -0.2)_(-0.2, -0.6, -0.4, 0.7)_1.005502_System.String[];30.9373;-0.0049;-0.0281;-14.4231;-3.2050;0.8358;1.1619;6.2670;-11.8681;7.7215;343.7379;257.4137;6.7897;2.5743;359.5052
0.5172;0.0021;False;False;-14.8379;-2.8658;-0.0175;-0.0258;6.2160;-12.0215;359.9116;0.0090;270.4452;22.1663;0.0046;359.9529;1.3424;-0.0091;-0.0010;0.1185;3.3696;-10.5730;193463;71.79993;Infinity;2670.46;-14.8521;-2.5013;1.2829;1.1591;5.8255;-11.7962;352.4113;352.6795;270.4667;9.5157;0.0042;1.5929;LeftFalse_RightFalse;LeftTrue_RightFalse;HandLeft_(0.3, -0.7, -0.3)_(0.5, 0.4, -0.7, 0.1)_1.046027_System.String[];HandLeft_(-0.7, -0.3, -0.2)_(0.7, 0.4, -0.6, 0.2)_1.005502_System.String[];HandRight_(0.5, -0.7, -0.3)_(0.0, -0.7, -0.4, 0.7)_1.046027_System.String[];HandRight_(-0.4, -0.3, -0.1)_(-0.3, -0.5, -0.4, 0.7)_1.005502_System.String[];30.9790;-0.0015;-0.0281;-14.8650;-3.1538;0.8359;1.1619;6.2716;-11.7269;7.4877;344.0523;257.3123;3.1344;2.6223;0.1435
0.4862;0.0015;False;False;-15.2820;-2.8097;-0.0179;-0.0259;6.2207;-11.8806;359.9132;0.0080;270.3876;22.0979;0.0072;359.9534;1.3272;-0.0091;-0.0007;0.1104;3.3426;-10.5634;193466;71.52567;Infinity;2670.50;-15.2922;-2.4459;1.2825;1.1591;5.8301;-11.6556;352.4127;352.6790;270.4046;9.4476;0.0062;1.5943;LeftFalse_RightFalse;LeftTrue_RightFalse;HandLeft_(0.3, -0.7, -0.3)_(0.5, 0.4, -0.7, 0.1)_1.046027_System.String[];HandLeft_(-0.7, -0.3, -0.2)_(0.7, 0.4, -0.6, 0.1)_1.005502_System.String[];HandRight_(0.5, -0.7, -0.3)_(0.0, -0.7, -0.4, 0.7)_1.046027_System.String[];HandRight_(-0.5, -0.3, -0.1)_(-0.3, -0.5, -0.4, 0.7)_1.005502_System.String[];31.0210;0.0019;-0.0272;-15.3054;-3.1041;0.8359;1.1617;6.2759;-11.5876;7.2152;344.4525;257.1994;358.8504;2.7010;0.8539
0.4565;0.0011;False;False;-15.7245;-2.7545;-0.0183;-0.0259;6.2252;-11.7412;359.9154;0.0056;270.3467;22.0311;0.0113;359.9527;1.3127;-0.0089;-0.0003;0.1044;3.3154;-10.5491;193469;71.56541;Infinity;2670.54;-15.7386;-2.3903;1.2820;1.1591;5.8345;-11.5142;352.4147;352.6769;270.3572;9.3797;0.0101;1.5939;LeftFalse_RightFalse;LeftTrue_RightFalse;HandLeft_(0.3, -0.7, -0.3)_(0.6, 0.4, -0.7, 0.1)_1.046027_System.String[];HandLeft_(-0.7, -0.3, -0.2)_(0.7, 0.5, -0.6, 0.1)_1.005502_System.String[];HandRight_(0.5, -0.7, -0.3)_(-0.1, -0.7, -0.4, 0.6)_1.046027_System.String[];HandRight_(-0.4, -0.3, -0.2)_(-0.3, -0.6, -0.4, 0.7)_1.005502_System.String[];31.0627;0.0050;-0.0262;-15.7519;-3.0554;0.8362;1.1613;6.2801;-11.4482;6.9353;344.8948;257.0751;353.6072;2.7610;1.8069
0.4328;0.0008;False;False;-16.1677;-2.6997;-0.0186;-0.0259;6.2295;-11.6026;359.9174;0.0019;270.3242;21.9665;0.0166;359.9530;1.2916;-0.0083;0.0002;0.0987;3.2747;-10.5192;193472;71.44797;Infinity;2670.58;-16.1818;-2.3356;1.2816;1.1591;5.8387;-11.3749;352.4168;352.6736;270.3280;9.3141;0.0147;1.5947;LeftFalse_RightFalse;LeftTrue_RightFalse;HandLeft_(0.3, -0.7, -0.3)_(0.6, 0.4, -0.7, 0.1)_1.046027_System.String[];HandLeft_(-0.7, -0.3, -0.2)_(0.7, 0.5, -0.6, 0.1)_1.005502_System.String[];HandRight_(0.5, -0.7, -0.3)_(-0.1, -0.7, -0.4, 0.6)_1.046027_System.String[];HandRight_(-0.4, -0.3, -0.2)_(-0.3, -0.6, -0.4, 0.7)_1.005502_System.String[];31.1050;0.0078;-0.0252;-16.1952;-3.0083;0.8363;1.1611;6.2842;-11.3115;6.6708;345.1841;256.9663;347.8342;2.8097;2.8615
0.4144;0.0006;False;False;-16.6076;-2.6458;-0.0190;-0.0259;6.2337;-11.4659;359.9197;-0.0026;270.3200;21.9046;0.0231;359.9537;1.2778;-0.0081;0.0004;0.0971;3.2478;-10.4931;193475;71.5403;Infinity;2670.62;-16.6209;-2.2820;1.2812;1.1592;5.8427;-11.2378;352.4188;352.6696;270.3169;9.2513;0.0212;1.5962;LeftFalse_RightFalse;LeftTrue_RightFalse;HandLeft_(0.3, -0.7, -0.3)_(0.6, 0.4, -0.7, 0.0)_1.046027_System.String[];HandLeft_(-0.7, -0.3, -0.2)_(0.7, 0.4, -0.6, 0.1)_1.005502_System.String[];HandRight_(0.5, -0.7, -0.3)_(-0.1, -0.7, -0.4, 0.6)_1.046027_System.String[];HandRight_(-0.4, -0.3, -0.2)_(-0.3, -0.5, -0.4, 0.7)_1.005502_System.String[];31.1467;0.0101;-0.0246;-16.6341;-2.9629;0.8365;1.1609;6.2882;-11.1780;6.3824;345.3519;256.8737;341.3438;2.8302;4.1475
0.4030;0.0004;False;False;-17.0478;-2.5924;-0.0193;-0.0259;6.2378;-11.3299;359.9237;359.9925;270.3338;21.8448;0.0306;359.9545;1.2642;-0.0077;0.0005;0.0971;3.2210;-10.4622;193478;71.50024;Infinity;2670.67;-17.0616;-2.2287;1.2808;1.1592;5.8467;-11.1010;352.4222;352.6652;270.3238;9.1905;0.0281;1.5980;LeftFalse_RightFalse;LeftTrue_RightFalse;HandLeft_(0.3, -0.7, -0.3)_(0.6, 0.4, -0.7, 0.0)_1.046027_System.String[];HandLeft_(-0.7, -0.3, -0.2)_(0.7, 0.4, -0.6, 0.1)_1.005502_System.String[];HandRight_(0.5, -0.7, -0.3)_(-0.1, -0.7, -0.4, 0.6)_1.046027_System.String[];HandRight_(-0.4, -0.3, -0.2)_(-0.3, -0.5, -0.4, 0.7)_1.005502_System.String[];31.1887;0.0120;-0.0240;-17.0743;-2.9174;0.8368;1.1604;6.2922;-11.0456;6.0712;345.5681;256.7883;335.2470;2.8287;5.4916
0.3970;0.0003;False;False;-17.4867;-2.5395;-0.0196;-0.0259;6.2419;-11.1950;359.9286;359.9873;270.3647;21.7871;0.0395;359.9554;1.2508;-0.0078;0.0005;0.0988;3.1945;-10.4276;193481;71.45719;Infinity;2670.71;-17.5014;-2.1759;1.2805;1.1593;5.8507;-10.9654;352.4269;352.6604;270.3478;9.1319;0.0367;1.6000;LeftFalse_RightFalse;LeftTrue_RightFalse;HandLeft_(0.3, -0.7, -0.3)_(0.6, 0.4, -0.7, 0.0)_1.046027_System.String[];HandLeft_(-0.7, -0.3, -0.2)_(0.7, 0.5, -0.6, 0.1)_1.005502_System.String[];HandRight_(0.5, -0.7, -0.3)_(-0.1, -0.7, -0.4, 0.6)_1.046027_System.String[];HandRight_(-0.4, -0.3, -0.2)_(-0.2, -0.5, -0.4, 0.7)_1.005502_System.String[];31.2307;0.0134;-0.0233;-17.5133;-2.8720;0.8371;1.1598;6.2962;-10.9147;5.7390;345.9587;256.7290;329.7601;2.8105;6.7298
0.3926;0.0002;False;False;-17.9238;-2.4872;-0.0199;-0.0258;6.2462;-11.0613;359.9332;359.9830;270.4110;21.7315;0.0485;359.9566;1.2375;-0.0074;0.0013;0.1019;3.1679;-10.3902;193484;71.45463;Infinity;2670.75;-17.9396;-2.1237;1.2801;1.1593;5.8548;-10.8310;352.4317;352.6559;270.3879;9.0753;0.0460;1.6020;LeftFalse_RightFalse;LeftTrue_RightFalse;HandLeft_(0.3, -0.7, -0.3)_(0.6, 0.4, -0.7, 0.0)_1.046027_System.String[];HandLeft_(-0.7, -0.3, -0.2)_(0.7, 0.5, -0.6, 0.1)_1.005502_System.String[];HandRight_(0.5, -0.7, -0.3)_(-0.1, -0.7, -0.4, 0.6)_1.046027_System.String[];HandRight_(-0.4, -0.3, -0.2)_(-0.2, -0.5, -0.5, 0.7)_1.005502_System.String[];31.2727;0.0147;-0.0226;-17.9506;-2.8265;0.8374;1.1591;6.3004;-10.7854;5.4058;346.5654;256.7010;324.8293;2.7956;7.8206
0.3895;0.0002;False;False;-18.3593;-2.4355;-0.0202;-0.0257;6.2506;-10.9288;359.9368;359.9801;270.4712;21.6781;0.0579;359.9584;1.2246;-0.0068;0.0017;0.1068;3.1415;-10.3500;193487;71.44444;Infinity;2670.79;-18.3760;-2.0721;1.2797;1.1594;5.8591;-10.6979;352.4357;352.6530;270.4423;9.0208;0.0551;1.6044;LeftFalse_RightFalse;LeftTrue_RightFalse;HandLeft_(0.3, -0.7, -0.3)_(0.6, 0.4, -0.7, 0.0)_1.046027_System.String[];HandLeft_(-0.7, -0.4, -0.2)_(0.7, 0.5, -0.5, 0.1)_1.005502_System.String[];HandRight_(0.5, -0.7, -0.3)_(-0.1, -0.7, -0.4, 0.6)_1.046027_System.String[];HandRight_(-0.4, -0.3, -0.2)_(-0.3, -0.5, -0.5, 0.7)_1.005502_System.String[];31.3147;0.0158;-0.0215;-18.3861;-2.7806;0.8377;1.1584;6.3052;-10.6572;5.1088;347.2962;256.7132;320.6831;2.7726;8.5818
0.3879;0.0001;False;False;-18.7897;-2.3847;-0.0205;-0.0257;6.2553;-10.7985;359.9405;359.9780;270.5432;21.6274;0.0669;359.9605;1.2121;-0.0066;0.0019;0.1134;3.1151;-10.3073;193490;71.70978;Infinity;2670.83;-18.8086;-2.0214;1.2793;1.1595;5.8637;-10.5665;352.4392;352.6512;270.5093;8.9689;0.0646;1.6069;LeftFalse_RightFalse;LeftTrue_RightFalse;HandLeft_(0.3, -0.7, -0.3)_(0.6, 0.4, -0.7, 0.0)_1.046027_System.String[];HandLeft_(-0.7, -0.4, -0.2)_(0.7, 0.5, -0.5, 0.0)_1.005502_System.String[];HandRight_(0.5, -0.7, -0.3)_(-0.1, -0.7, -0.4, 0.6)_1.046027_System.String[];HandRight_(-0.4, -0.3, -0.2)_(-0.3, -0.4, -0.5, 0.7)_1.005502_System.String[];31.3564;0.0167;-0.0204;-18.8177;-2.7343;0.8380;1.1574;6.3101;-10.5304;4.8356;348.1066;256.7711;317.3498;2.7209;9.0377
0.3882;0.0001;False;False;-19.2180;-2.3345;-0.0208;-0.0256;6.2603;-10.6693;359.9451;359.9765;270.6259;21.5794;0.0766;359.9627;1.1999;-0.0060;0.0020;0.1216;3.0890;-10.2624;193493;71.85747;Infinity;2670.87;-19.2383;-1.9712;1.2790;1.1596;5.8686;-10.4366;352.4435;352.6501;270.5874;8.9197;0.0740;1.6094;LeftFalse_RightFalse;LeftTrue_RightFalse;HandLeft_(0.3, -0.7, -0.3)_(0.6, 0.4, -0.7, 0.0)_1.046027_System.String[];HandLeft_(-0.7, -0.3, -0.2)_(0.7, 0.5, -0.6, 0.0)_1.005502_System.String[];HandRight_(0.5, -0.7, -0.3)_(-0.1, -0.7, -0.4, 0.6)_1.046027_System.String[];HandRight_(-0.5, -0.3, -0.2)_(-0.3, -0.3, -0.5, 0.7)_1.005502_System.String[];31.3982;0.0173;-0.0196;-19.2462;-2.6880;0.8381;1.1562;6.3156;-10.4050;4.5944;349.0080;256.8638;314.3015;2.6560;9.2199
0.3884;0.0001;False;False;-19.6444;-2.2848;-0.0210;-0.0255;6.2656;-10.5413;359.9496;359.9753;270.7176;21.5338;0.0869;359.9649;1.1878;-0.0062;0.0021;0.1313;3.0630;-10.2155;193496;71.92287;Infinity;2670.92;-19.6661;-1.9216;1.2786;1.1597;5.8738;-10.3079;352.4481;352.6493;270.6750;8.8730;0.0841;1.6119;LeftFalse_RightFalse;LeftTrue_RightFalse;HandLeft_(0.3, -0.7, -0.3)_(0.6, 0.4, -0.7, 0.0)_1.046027_System.String[];HandLeft_(-0.7, -0.3, -0.2)_(0.7, 0.4, -0.6, 0.1)_1.005502_System.String[];HandRight_(0.5, -0.7, -0.3)_(-0.1, -0.7, -0.4, 0.6)_1.046027_System.String[];HandRight_(-0.5, -0.3, -0.2)_(-0.3, -0.3, -0.5, 0.7)_1.005502_System.String[];31.4397;0.0181;-0.0191;-19.6729;-2.6413;0.8382;1.1551;6.3216;-10.2801;4.3944;349.7876;256.9780;311.6659;2.5838;9.2200
0.3885;0.0000;False;False;-20.0689;-2.2356;-0.0213;-0.0254;6.2715;-10.4143;359.9531;359.9742;270.8175;21.4902;0.0961;359.9670;1.1758;-0.0058;0.0021;0.1428;3.0373;-10.1666;193499;71.94657;Infinity;2670.96;-20.0920;-1.8726;1.2783;1.1598;5.8796;-10.1803;352.4521;352.6487;270.7711;8.8285;0.0939;1.6143;LeftFalse_RightFalse;LeftTrue_RightFalse;HandLeft_(0.3, -0.7, -0.3)_(0.6, 0.4, -0.7, 0.0)_1.046027_System.String[];HandLeft_(-0.7, -0.3, -0.2)_(0.7, 0.4, -0.6, 0.1)_1.005502_System.String[];HandRight_(0.5, -0.7, -0.3)_(-0.1, -0.7, -0.4, 0.6)_1.046027_System.String[];HandRight_(-0.5, -0.3, -0.2)_(-0.3, -0.3, -0.5, 0.7)_1.005502_System.String[];31.4814;0.0193;-0.0189;-20.0976;-2.5942;0.8384;1.1544;6.3281;-10.1560;4.2219;350.3665;257.1052;309.3600;2.4994;9.0950
0.3886;0.0000;False;False;-20.4963;-2.1863;-0.0215;-0.0253;6.2780;-10.2869;359.9553;359.9735;270.9266;21.4476;0.1061;359.9687;1.1639;-0.0052;0.0017;0.1562;3.0119;-10.1160;193502;71.52187;Infinity;2671.00;-20.5198;-1.8235;1.2780;1.1599;5.8859;-10.0526;352.4547;352.6483;270.8762;8.7854;0.1036;1.6161;LeftFalse_RightFalse;LeftTrue_RightFalse;HandLeft_(0.3, -0.7, -0.3)_(0.6, 0.4, -0.7, 0.0)_1.046027_System.String[];HandLeft_(-0.7, -0.3, -0.2)_(0.7, 0.4, -0.6, 0.1)_1.005502_System.String[];HandRight_(0.5, -0.7, -0.3)_(-0.1, -0.7, -0.4, 0.6)_1.046027_System.String[];HandRight_(-0.5, -0.3, -0.2)_(-0.3, -0.3, -0.5, 0.7)_1.005502_System.String[];31.5237;0.0208;-0.0187;-20.5244;-2.5464;0.8385;1.1539;6.3353;-10.0310;4.0172;350.6983;257.2449;307.6079;2.3896;8.9251
0.3887;0.0000;False;False;-20.9161;-2.1382;-0.0217;-0.0253;6.2850;-10.1622;359.9577;359.9725;271.0428;21.4067;0.1149;359.9702;1.1461;-0.0044;0.0031;0.1802;2.9738;-10.0399;193505;71.75819;Infinity;2671.04;-20.9422;-1.7753;1.2777;1.1600;5.8929;-9.9270;352.4569;352.6479;270.9886;8.7437;0.1129;1.6181;LeftFalse_RightFalse;LeftTrue_RightFalse;HandLeft_(0.3, -0.7, -0.3)_(0.6, 0.4, -0.7, 0.0)_1.046027_System.String[];HandLeft_(-0.7, -0.3, -0.2)_(0.7, 0.4, -0.5, 0.1)_1.005502_System.String[];HandRight_(0.5, -0.7, -0.3)_(-0.1, -0.7, -0.4, 0.6)_1.046027_System.String[];HandRight_(-0.5, -0.3, -0.2)_(-0.3, -0.3, -0.5, 0.7)_1.005502_System.String[];31.5654;0.0226;-0.0186;-20.9453;-2.4989;0.8386;1.1536;6.3429;-9.9072;3.8129;350.8307;257.3913;306.5795;2.2969;8.7458
0.3887;0.0000;False;False;-21.3386;-2.0901;-0.0219;-0.0251;6.2929;-10.0372;359.9607;359.9672;271.1693;21.3659;0.1250;359.9626;1.1348;-0.0045;0.0050;0.1985;2.9480;-9.9895;193508;71.41119;Infinity;2671.08;-21.3630;-1.7275;1.2775;1.1601;5.9006;-9.8024;352.4597;352.6435;271.1097;8.7035;0.1226;1.6149;LeftFalse_RightFalse;LeftTrue_RightFalse;HandLeft_(0.3, -0.7, -0.3)_(0.6, 0.4, -0.7, 0.0)_1.046027_System.String[];HandLeft_(-0.7, -0.3, -0.2)_(0.7, 0.4, -0.5, 0.1)_1.005502_System.String[];HandRight_(0.5, -0.7, -0.3)_(-0.1, -0.7, -0.4, 0.6)_1.046027_System.String[];HandRight_(-0.5, -0.3, -0.2)_(-0.3, -0.3, -0.5, 0.7)_1.005502_System.String[];31.6074;0.0241;-0.0181;-21.3648;-2.4509;0.8389;1.1536;6.3513;-9.7835;3.6233;350.8381;257.5493;306.1703;2.2275;8.4742
0.3888;0.0000;False;False;-21.7571;-2.0427;-0.0221;-0.0249;6.3016;-9.9138;359.9628;359.9586;271.3049;21.3261;0.1354;359.9500;1.1239;-0.0043;0.0062;0.2184;2.9223;-9.9393;193511;71.43768;Infinity;2671.13;-21.7855;-1.6797;1.2772;1.1603;5.9092;-9.6779;352.4622;352.6335;271.2413;8.6643;0.1332;1.6055;LeftFalse_RightFalse;LeftTrue_RightFalse;HandLeft_(0.3, -0.7, -0.3)_(0.6, 0.4, -0.7, 0.0)_1.046027_System.String[];HandLeft_(-0.7, -0.3, -0.2)_(0.7, 0.4, -0.5, 0.1)_1.005502_System.String[];HandRight_(0.5, -0.7, -0.3)_(-0.1, -0.7, -0.4, 0.6)_1.046027_System.String[];HandRight_(-0.5, -0.3, -0.2)_(-0.3, -0.3, -0.5, 0.7)_1.005502_System.String[];31.6494;0.0253;-0.0169;-21.7860;-2.4021;0.8390;1.1539;6.3606;-9.6592;3.4603;350.7680;257.7236;306.2668;2.2004;8.1396
0.3888;0.0000;False;False;-22.1739;-1.9957;-0.0222;-0.0246;6.3112;-9.7913;359.9638;359.9471;271.4496;21.2883;0.1446;359.9360;1.1134;-0.0041;0.0086;0.2391;2.8963;-9.8895;193514;71.41432;Infinity;2671.17;-22.2043;-1.6325;1.2770;1.1606;5.9187;-9.5551;352.4637;352.6205;271.3819;8.6272;0.1429;1.5934;LeftFalse_RightFalse;LeftTrue_RightFalse;HandLeft_(0.3, -0.7, -0.3)_(0.6, 0.4, -0.7, 0.0)_1.046027_System.String[];HandLeft_(-0.7, -0.3, -0.2)_(0.7, 0.4, -0.6, 0.1)_1.005502_System.String[];HandRight_(0.5, -0.7, -0.3)_(-0.1, -0.7, -0.4, 0.6)_1.046027_System.String[];HandRight_(-0.5, -0.3, -0.2)_(-0.3, -0.3, -0.5, 0.7)_1.005502_System.String[];31.6914;0.0255;-0.0150;-22.2035;-2.3535;0.8391;1.1545;6.3708;-9.5357;3.3320;350.6976;257.9092;306.6942;2.2023;7.7743
0.3888;0.0000;False;False;-22.5890;-1.9490;-0.0224;-0.0242;6.3218;-9.6699;359.9633;359.9296;271.6015;21.2542;0.1534;359.9298;1.1030;-0.0031;0.0108;0.2601;2.8702;-9.8399;193517;71.35381;Infinity;2671.21;-22.6203;-1.5860;1.2767;1.1610;5.9292;-9.4336;352.4637;352.6034;271.5302;8.5923;0.1518;1.5883;LeftFalse_RightFalse;LeftTrue_RightFalse;HandLeft_(0.3, -0.7, -0.3)_(0.6, 0.4, -0.7, 0.0)_1.046027_System.String[];HandLeft_(-0.7, -0.3, -0.2)_(0.7, 0.4, -0.6, 0.1)_1.005502_System.String[];HandRight_(0.5, -0.7, -0.3)_(-0.1, -0.7, -0.4, 0.6)_1.046027_System.String[];HandRight_(-0.5, -0.3, -0.2)_(-0.3, -0.3, -0.5, 0.7)_1.005502_System.String[];31.7336;0.0253;-0.0116;-22.6182;-2.3045;0.8390;1.1553;6.3818;-9.4125;3.2344;350.6804;258.0774;307.7921;2.2052;7.3865
0.3888;0.0000;False;False;-23.0013;-1.9029;-0.0225;-0.0237;6.3332;-9.5497;359.9630;359.9086;271.7577;21.2254;0.1608;359.9278;1.0939;-0.0030;0.0120;0.2812;2.8439;-9.7907;193520;71.39555;Infinity;2671.25;-23.0356;-1.5398;1.2765;1.1616;5.9406;-9.3129;352.4630;352.5831;271.6847;8.5612;0.1597;1.5896;LeftFalse_RightFalse;LeftTrue_RightFalse;HandLeft_(0.3, -0.7, -0.3)_(0.6, 0.4, -0.7, 0.0)_1.046027_System.String[];HandLeft_(-0.7, -0.3, -0.2)_(0.7, 0.5, -0.5, 0.1)_1.005502_System.String[];HandRight_(0.5, -0.7, -0.3)_(-0.1, -0.7, -0.4, 0.6)_1.046027_System.String[];HandRight_(-0.5, -0.3, -0.2)_(-0.3, -0.3, -0.5, 0.7)_1.005502_System.String[];31.7756;0.0243;-0.0062;-23.0322;-2.2541;0.8390;1.1565;6.3939;-9.2885;3.1674;350.6160;258.2403;310.4538;2.1778;6.9280
0.3888;0.0000;False;False;-23.4116;-1.8570;-0.0226;-0.0232;6.3455;-9.4307;359.9632;359.8856;271.9153;21.2047;0.1677;359.9286;1.0865;-0.0029;0.0127;0.3018;2.8172;-9.7418;193523;71.38705;Infinity;2671.29;-23.4468;-1.4942;1.2764;1.1623;5.9529;-9.1940;352.4632;352.5612;271.8409;8.5368;0.1670;1.5945;LeftFalse_RightFalse;LeftTrue_RightFalse;HandLeft_(0.3, -0.7, -0.3)_(0.6, 0.4, -0.7, 0.0)_1.046027_System.String[];HandLeft_(-0.7, -0.3, -0.2)_(0.7, 0.4, -0.5, 0.1)_1.005502_System.String[];HandRight_(0.5, -0.7, -0.3)_(-0.1, -0.7, -0.4, 0.6)_1.046027_System.String[];HandRight_(-0.5, -0.3, -0.2)_(-0.3, -0.3, -0.5, 0.7)_1.005502_System.String[];31.8176;0.0229;0.0001;-23.4421;-2.2023;0.8389;1.1578;6.4068;-9.1647;3.0750;350.3622;258.4242;315.1756;2.1016;6.4102
0.3888;0.0000;False;False;-23.8183;-1.8116;-0.0228;-0.0227;6.3587;-9.3133;359.9632;359.8618;272.0708;21.1945;0.1736;359.9312;1.0802;-0.0029;0.0130;0.3221;2.7903;-9.6945;193526;71.54026;Infinity;2671.34;-23.8568;-1.4489;1.2762;1.1630;5.9662;-9.0762;352.4633;352.5385;271.9970;8.5221;0.1732;1.6019;LeftFalse_RightFalse;LeftTrue_RightFalse;HandLeft_(0.3, -0.7, -0.3)_(0.6, 0.4, -0.7, 0.0)_1.046027_System.String[];HandLeft_(-0.7, -0.3, -0.2)_(0.7, 0.4, -0.5, 0.1)_1.005502_System.String[];HandRight_(0.5, -0.7, -0.3)_(-0.1, -0.7, -0.4, 0.6)_1.046027_System.String[];HandRight_(-0.5, -0.3, -0.2)_(-0.3, -0.3, -0.5, 0.7)_1.005502_System.String[];31.8594;0.0206;0.0083;-23.8508;-2.1490;0.8388;1.1590;6.4207;-9.0414;3.0099;350.0156;258.6479;321.2980;2.0333;5.7663
0.3889;0.0000;False;False;-24.2245;-1.7663;-0.0229;-0.0221;6.3728;-9.1967;359.9620;359.8381;272.2219;21.1971;0.1768;359.9341;1.0763;-0.0026;0.0135;0.3412;2.7625;-9.6496;193529;71.45126;Infinity;2671.38;-24.2629;-1.4039;1.2761;1.1637;5.9803;-8.9601;352.4626;352.5160;272.1489;8.5192;0.1776;1.6100;LeftFalse_RightFalse;LeftTrue_RightFalse;HandLeft_(0.3, -0.7, -0.3)_(0.6, 0.4, -0.7, 0.0)_1.046027_System.String[];HandLeft_(-0.7, -0.3, -0.2)_(0.8, 0.4, -0.5, 0.1)_1.005502_System.String[];HandRight_(0.5, -0.7, -0.3)_(-0.1, -0.7, -0.4, 0.6)_1.046027_System.String[];HandRight_(-0.5, -0.3, -0.2)_(-0.3, -0.3, -0.5, 0.7)_1.005502_System.String[];31.9014;0.0170;0.0187;-24.2556;-2.0936;0.8388;1.1601;6.4353;-8.9199;2.9858;349.6602;258.8724;329.0361;2.0179;4.8851
0.3889;0.0000;False;False;-24.6254;-1.7214;-0.0230;-0.0215;6.3875;-9.0823;359.9594;359.8143;272.3618;21.2165;0.1779;359.9355;1.0749;-0.0021;0.0155;0.3581;2.7336;-9.6075;193532;71.71575;Infinity;2671.42;-24.6668;-1.3590;1.2760;1.1645;5.9953;-8.8453;352.4605;352.4937;272.2929;8.5318;0.1791;1.6178;LeftFalse_RightFalse;LeftTrue_RightFalse;HandLeft_(0.3, -0.7, -0.3)_(0.6, 0.4, -0.7, 0.0)_1.046027_System.String[];HandLeft_(-0.7, -0.3, -0.2)_(0.8, 0.4, -0.5, 0.1)_1.005502_System.String[];HandRight_(0.5, -0.7, -0.3)_(-0.1, -0.7, -0.4, 0.6)_1.046027_System.String[];HandRight_(-0.5, -0.3, -0.2)_(-0.3, -0.3, -0.5, 0.7)_1.005502_System.String[];31.9431;0.0122;0.0299;-24.6584;-2.0362;0.8387;1.1613;6.4506;-8.8003;2.9583;349.2385;259.0700;338.1905;2.0148;3.7164
0.3889;0.0000;False;False;-25.0264;-1.6763;-0.0230;-0.0208;6.4030;-8.9686;359.9563;359.7887;272.4865;21.2559;0.1758;359.9337;1.0755;-0.0015;0.0170;0.3783;2.6891;-9.5494;193535;71.64579;Infinity;2671.46;-25.0675;-1.3141;1.2759;1.1653;6.0109;-8.7325;352.4573;352.4688;272.4230;8.5638;0.1783;1.6221;LeftFalse_RightFalse;LeftTrue_RightFalse;HandLeft_(0.3, -0.7, -0.3)_(0.6, 0.4, -0.7, 0.0)_1.046027_System.String[];HandLeft_(-0.7, -0.3, -0.2)_(0.8, 0.4, -0.5, 0.1)_1.005502_System.String[];HandRight_(0.5, -0.7, -0.3)_(-0.1, -0.7, -0.4, 0.6)_1.046027_System.String[];HandRight_(-0.5, -0.3, -0.2)_(-0.3, -0.3, -0.5, 0.7)_1.005502_System.String[];31.9851;0.0063;0.0409;-25.0580;-1.9786;0.8386;1.1626;6.4667;-8.6840;2.8991;348.8519;259.2369;347.5986;2.0083;2.4072
0.3874;0.0000;False;False;-25.4273;-1.6310;-0.0231;-0.0201;6.4190;-8.8558;359.9540;359.7628;272.5909;21.3149;0.1719;359.9307;1.0770;-0.0015;0.0173;0.3878;2.6591;-9.5141;193538;71.51354;Infinity;2671.50;-25.4702;-1.2687;1.2759;1.1662;6.0271;-8.6199;352.4548;352.4430;272.5356;8.6157;0.1750;1.6252;LeftFalse_RightFalse;LeftTrue_RightFalse;HandLeft_(0.3, -0.7, -0.3)_(0.6, 0.4, -0.7, 0.1)_1.046027_System.String[];HandLeft_(-0.7, -0.3, -0.2)_(0.8, 0.4, -0.5, 0.0)_1.005502_System.String[];HandRight_(0.5, -0.7, -0.3)_(0.0, -0.7, -0.4, 0.6)_1.046027_System.String[];HandRight_(-0.4, -0.4, -0.1)_(0.3, 0.6, 0.6, -0.5)_1.005502_System.String[];32.0271;0.0003;0.0516;-25.4598;-1.9206;0.8386;1.1639;6.4834;-8.5691;2.8881;348.4542;259.3646;356.7619;1.9637;1.0812
0.3848;0.0084;False;False;-25.8262;-1.5857;-0.0232;-0.0194;6.4353;-8.7445;359.9514;359.7371;272.6697;21.3940;0.1655;359.9271;1.0795;-0.0017;0.0174;0.3938;2.6290;-9.4815;193541;71.49965;Infinity;2671.55;-25.8707;-1.2231;1.2758;1.1671;6.0438;-8.5090;352.4523;352.4170;272.6243;8.6877;0.1694;1.6275;LeftFalse_RightFalse;LeftTrue_RightFalse;HandLeft_(0.3, -0.7, -0.3)_(0.5, 0.4, -0.7, 0.1)_1.046027_System.String[];HandLeft_(-0.7, -0.3, -0.2)_(0.8, 0.4, -0.5, 0.0)_1.005502_System.String[];HandRight_(0.5, -0.7, -0.3)_(0.0, -0.7, -0.4, 0.7)_1.046027_System.String[];HandRight_(-0.5, -0.3, -0.1)_(0.2, 0.6, 0.6, -0.5)_1.005502_System.String[];32.0691;-0.0053;0.0624;-25.8596;-1.8631;0.8385;1.1652;6.5002;-8.4569;3.0133;348.0174;259.4206;5.4415;1.8622;359.7368
0.3756;0.0304;False;False;-26.2209;-1.5407;-0.0232;-0.0186;6.4517;-8.6353;359.9480;359.7117;272.7194;21.4927;0.1560;359.9232;1.0837;-0.0014;0.0172;0.3969;2.6004;-9.4509;193544;71.73457;Infinity;2671.59;-26.2666;-1.1777;1.2758;1.1680;6.0605;-8.4003;352.4493;352.3913;272.6850;8.7794;0.1610;1.6294;LeftFalse_RightFalse;LeftTrue_RightFalse;HandLeft_(0.3, -0.7, -0.3)_(0.5, 0.4, -0.7, 0.1)_1.046027_System.String[];HandLeft_(-0.7, -0.3, -0.2)_(0.7, 0.4, -0.5, -0.1)_1.005502_System.String[];HandRight_(0.5, -0.7, -0.3)_(0.0, -0.6, -0.4, 0.7)_1.046027_System.String[];HandRight_(-0.5, -0.4, -0.1)_(0.2, 0.6, 0.6, -0.5)_1.005502_System.String[];32.1106;-0.0102;0.0733;-26.2552;-1.8071;0.8384;1.1664;6.5170;-8.3476;3.2023;347.5752;259.3810;13.1338;1.7407;358.4743
0.3477;0.0568;False;False;-26.6167;-1.4951;-0.0233;-0.0179;6.4683;-8.5266;359.9437;359.6862;272.7403;21.6115;0.1438;359.9188;1.0889;-0.0010;0.0170;0.3981;2.5741;-9.4215;193547;71.62395;Infinity;2671.63;-26.6620;-1.1319;1.2759;1.1688;6.0774;-8.2928;352.4453;352.3655;272.7172;8.8912;0.1493;1.6309;LeftFalse_RightFalse;LeftTrue_RightFalse;HandLeft_(0.3, -0.7, -0.3)_(0.5, 0.4, -0.7, 0.1)_1.046027_System.String[];HandLeft_(-0.7, -0.3, -0.2)_(0.7, 0.4, -0.5, -0.2)_1.005502_System.String[];HandRight_(0.5, -0.7, -0.3)_(0.0, -0.6, -0.4, 0.7)_1.046027_System.String[];HandRight_(-0.5, -0.4, -0.1)_(0.2, 0.6, 0.6, -0.5)_1.005502_System.String[];32.1526;-0.0137;0.0841;-26.6503;-1.7521;0.8381;1.1675;6.5339;-8.2400;3.4095;347.2691;259.2593;19.9089;1.6216;357.3247
0.2994;0.0843;False;False;-27.0108;-1.4493;-0.0233;-0.0172;6.4849;-8.4191;359.9392;359.6605;272.7338;21.7497;0.1303;359.9145;1.0962;-0.0007;0.0166;0.3972;2.5505;-9.3901;193550;71.65008;Infinity;2671.67;-27.0579;-1.0855;1.2759;1.1697;6.0944;-8.1859;352.4405;352.3396;272.7214;9.0230;0.1362;1.6322;LeftFalse_RightFalse;LeftTrue_RightFalse;HandLeft_(0.3, -0.8, -0.3)_(0.5, 0.4, -0.7, 0.1)_1.046027_System.String[];HandLeft_(-0.7, -0.3, -0.2)_(0.7, 0.4, -0.5, -0.2)_1.005502_System.String[];HandRight_(0.5, -0.7, -0.3)_(0.0, -0.6, -0.4, 0.7)_1.046027_System.String[];HandRight_(-0.5, -0.4, -0.1)_(0.2, 0.6, 0.6, -0.5)_1.005502_System.String[];32.1946;-0.0157;0.0945;-27.0464;-1.6981;0.8377;1.1684;6.5509;-8.1332;3.6036;347.1541;259.1093;25.6510;1.5358;356.3905
0.2448;0.1118;False;False;-27.4013;-1.4034;-0.0233;-0.0165;6.5013;-8.3131;359.9366;359.6346;272.7033;21.9069;0.1160;359.9105;1.1054;-0.0002;0.0162;0.3949;2.5297;-9.3535;193553;71.81688;Infinity;2671.71;-27.4483;-1.0392;1.2760;1.1706;6.1111;-8.0812;352.4372;352.3135;272.7004;9.1731;0.1216;1.6339;LeftFalse_RightFalse;LeftTrue_RightFalse;HandLeft_(0.3, -0.8, -0.3)_(0.5, 0.4, -0.7, 0.1)_1.046027_System.String[];HandLeft_(-0.6, -0.3, -0.2)_(0.7, 0.4, -0.5, -0.2)_1.005502_System.String[];HandRight_(0.5, -0.7, -0.3)_(0.0, -0.6, -0.4, 0.7)_1.046027_System.String[];HandRight_(-0.5, -0.4, -0.1)_(0.2, 0.6, 0.6, -0.5)_1.005502_System.String[];32.2361;-0.0161;0.1041;-27.4369;-1.6456;0.8374;1.1693;6.5673;-8.0284;3.7634;347.1703;258.9839;30.3524;1.4760;355.6548
0.1992;0.1427;False;False;-27.7901;-1.3570;-0.0234;-0.0160;6.5176;-8.2080;359.9363;359.6134;272.6544;22.0823;0.1030;359.9167;1.1145;-0.0004;0.0115;0.3915;2.5135;-9.3100;193556;71.90257;Infinity;2671.75;-27.8374;-0.9924;1.2761;1.1713;6.1276;-7.9774;352.4363;352.2907;272.6587;9.3420;0.1082;1.6404;LeftFalse_RightFalse;LeftTrue_RightFalse;HandLeft_(0.3, -0.8, -0.3)_(0.5, 0.5, -0.7, 0.1)_1.046027_System.String[];HandLeft_(-0.6, -0.3, -0.2)_(0.7, 0.4, -0.5, -0.2)_1.005502_System.String[];HandRight_(0.5, -0.7, -0.3)_(0.0, -0.6, -0.4, 0.7)_1.046027_System.String[];HandRight_(-0.5, -0.4, -0.1)_(0.2, 0.6, 0.6, -0.5)_1.005502_System.String[];32.2778;-0.0161;0.1129;-27.8259;-1.5938;0.8370;1.1701;6.5834;-7.9242;3.9977;347.2452;258.9226;34.2700;1.4358;355.0837
0.1657;0.1749;False;False;-28.1767;-1.3101;-0.0234;-0.0155;6.5337;-8.1035;359.9373;359.5952;272.5918;22.2750;0.0907;359.9354;1.1257;-0.0005;0.0106;0.3867;2.4997;-9.2606;193559;71.9476;Infinity;2671.80;-28.2244;-0.9453;1.2762;1.1720;6.1439;-7.8743;352.4368;352.2759;272.6016;9.5266;0.0955;1.6592;LeftFalse_RightFalse;LeftTrue_RightFalse;HandLeft_(0.3, -0.8, -0.3)_(0.5, 0.4, -0.7, 0.1)_1.046027_System.String[];HandLeft_(-0.6, -0.3, -0.2)_(0.7, 0.4, -0.5, -0.2)_1.005502_System.String[];HandRight_(0.5, -0.7, -0.3)_(0.0, -0.6, -0.3, 0.7)_1.046027_System.String[];HandRight_(-0.5, -0.4, -0.1)_(0.2, 0.6, 0.6, -0.5)_1.005502_System.String[];32.3196;-0.0161;0.1215;-28.2128;-1.5426;0.8358;1.1706;6.5993;-7.8202;4.5650;347.3095;258.9318;37.3892;1.4114;354.7253
0.1420;0.2031;False;False;-28.5654;-1.2621;-0.0234;-0.0151;6.5498;-7.9985;359.9390;359.5777;272.5186;22.4876;0.0775;359.9615;1.1388;-0.0001;0.0097;0.3803;2.4893;-9.2063;193562;71.59755;Infinity;2671.84;-28.6124;-0.8973;1.2762;1.1727;6.1600;-7.7708;352.4384;352.2641;272.5331;9.7296;0.0826;1.6871;LeftFalse_RightFalse;LeftTrue_RightFalse;HandLeft_(0.3, -0.8, -0.3)_(0.5, 0.4, -0.7, 0.1)_1.046027_System.String[];HandLeft_(-0.6, -0.3, -0.2)_(0.7, 0.4, -0.5, -0.2)_1.005502_System.String[];HandRight_(0.5, -0.7, -0.3)_(0.0, -0.6, -0.3, 0.7)_1.046027_System.String[];HandRight_(-0.5, -0.4, -0.1)_(0.3, 0.6, 0.6, -0.5)_1.005502_System.String[];32.3616;-0.0161;0.1289;-28.6010;-1.4915;0.8337;1.1710;6.6152;-7.7154;5.5835;347.3764;259.0004;39.8360;1.3730;354.5566
0.1250;0.2281;False;False;-28.9473;-1.2140;-0.0234;-0.0147;6.5653;-7.8950;359.9411;359.5609;272.4391;22.7142;0.0650;359.9905;1.1537;0.0006;0.0092;0.3722;2.4817;-9.1487;193565;71.78905;Infinity;2671.88;-28.9956;-0.8489;1.2763;1.1733;6.1758;-7.6685;352.4404;352.2538;272.4571;9.9476;0.0698;1.7188;LeftFalse_RightFalse;LeftTrue_RightFalse;HandLeft_(0.3, -0.8, -0.3)_(0.5, 0.4, -0.7, 0.1)_1.046027_System.String[];HandLeft_(-0.6, -0.3, -0.2)_(0.7, 0.4, -0.5, -0.3)_1.005502_System.String[];HandRight_(0.5, -0.7, -0.3)_(0.0, -0.6, -0.3, 0.7)_1.046027_System.String[];HandRight_(-0.5, -0.4, -0.1)_(0.3, 0.6, 0.5, -0.5)_1.005502_System.String[];32.4033;-0.0173;0.1342;-28.9845;-1.4410;0.8318;1.1713;6.6306;-7.6114;6.6598;347.4067;259.0804;41.6913;1.3790;354.5834
0.1086;0.2487;False;False;-29.3266;-1.1652;-0.0233;-0.0143;6.5804;-7.7917;359.9445;359.5443;272.3527;22.9543;0.0521;0.0206;1.1768;0.0010;0.0087;0.3547;2.4755;-9.0586;193568;71.89582;Infinity;2671.92;-29.3753;-0.8000;1.2764;1.1739;6.1911;-7.5668;352.4433;352.2440;272.3748;10.1794;0.0570;1.7519;LeftFalse_RightFalse;LeftTrue_RightFalse;HandLeft_(0.3, -0.8, -0.3)_(0.5, 0.4, -0.7, 0.1)_1.046027_System.String[];HandLeft_(-0.6, -0.3, -0.2)_(0.7, 0.4, -0.5, -0.3)_1.005502_System.String[];HandRight_(0.5, -0.7, -0.3)_(0.0, -0.6, -0.4, 0.7)_1.046027_System.String[];HandRight_(-0.5, -0.4, -0.1)_(0.3, 0.6, 0.6, -0.5)_1.005502_System.String[];32.4451;-0.0204;0.1373;-29.3648;-1.3902;0.8299;1.1716;6.6454;-7.5076;7.5658;347.3186;259.1248;43.1194;1.4197;354.7362
0.0864;0.2656;False;False;-29.7032;-1.1158;-0.0233;-0.0140;6.5949;-7.6886;359.9493;359.5275;272.2573;23.2041;0.0398;0.0497;1.1923;0.0009;0.0085;0.3384;2.4743;-8.9961;193571;71.94521;Infinity;2671.96;-29.7522;-0.7504;1.2765;1.1745;6.2058;-7.4654;352.4476;352.2342;272.2844;10.4220;0.0443;1.7847;LeftFalse_RightFalse;LeftTrue_RightFalse;HandLeft_(0.3, -0.8, -0.3)_(0.5, 0.5, -0.7, 0.1)_1.046027_System.String[];HandLeft_(-0.6, -0.3, -0.2)_(0.8, 0.4, -0.5, -0.2)_1.005502_System.String[];HandRight_(0.5, -0.7, -0.3)_(0.0, -0.6, -0.4, 0.7)_1.046027_System.String[];HandRight_(-0.5, -0.4, -0.1)_(0.3, 0.6, 0.5, -0.5)_1.005502_System.String[];32.4866;-0.0247;0.1387;-29.7420;-1.3393;0.8281;1.1719;6.6598;-7.4039;8.5483;347.1238;259.1326;44.3554;1.4863;354.9135
0.0630;0.2793;False;False;-30.0771;-1.0657;-0.0233;-0.0137;6.6086;-7.5854;359.9542;359.5142;272.1484;23.4599;0.0269;0.0701;1.2088;0.0007;0.0039;0.3180;2.4759;-8.9307;193574;71.97511;Infinity;2672.00;-30.1265;-0.6999;1.2766;1.1751;6.2198;-7.3641;352.4525;352.2247;272.1822;10.6726;0.0316;1.8130;LeftFalse_RightFalse;LeftTrue_RightFalse;HandLeft_(0.3, -0.8, -0.3)_(0.5, 0.5, -0.7, 0.1)_1.046027_System.String[];HandLeft_(-0.6, -0.3, -0.2)_(0.8, 0.4, -0.5, -0.2)_1.005502_System.String[];HandRight_(0.5, -0.7, -0.3)_(0.0, -0.6, -0.4, 0.7)_1.046027_System.String[];HandRight_(-0.5, -0.4, -0.1)_(0.3, 0.6, 0.5, -0.5)_1.005502_System.String[];32.5283;-0.0296;0.1394;-30.1168;-1.2880;0.8267;1.1724;6.6736;-7.3002;9.2157;346.8192;259.0621;45.5631;1.5215;355.1106
0.0459;0.2922;False;False;-30.4483;-1.0150;-0.0232;-0.0135;6.6214;-7.4822;359.9590;359.5095;272.0215;23.7186;0.0124;0.0728;1.2262;0.0009;0.0053;0.2937;2.4779;-8.8625;193577;71.9566;Infinity;2672.05;-30.4977;-0.6486;1.2768;1.1753;6.2328;-7.2627;352.4575;352.2191;272.0638;10.9290;0.0176;1.8230;LeftFalse_RightFalse;LeftTrue_RightFalse;HandLeft_(0.3, -0.8, -0.3)_(0.5, 0.5, -0.7, 0.1)_1.046027_System.String[];HandLeft_(-0.6, -0.3, -0.2)_(0.8, 0.4, -0.5, -0.2)_1.005502_System.String[];HandRight_(0.5, -0.7, -0.3)_(0.1, -0.6, -0.4, 0.7)_1.046027_System.String[];HandRight_(-0.5, -0.4, -0.1)_(0.3, 0.6, 0.5, -0.5)_1.005502_System.String[];32.5701;-0.0349;0.1395;-30.4889;-1.2362;0.8257;1.1728;6.6865;-7.1965;9.7631;346.5114;258.9606;46.7101;1.4494;355.2724
0.0335;0.3049;False;False;-30.8172;-0.9635;-0.0232;-0.0133;6.6331;-7.3786;359.9631;359.5118;271.8737;23.9791;-0.0037;0.0638;1.2435;0.0013;0.0055;0.2669;2.4812;-8.7927;193580;71.91262;Infinity;2672.09;-30.8669;-0.5960;1.2769;1.1755;6.2449;-7.1609;352.4619;352.2182;271.9252;11.1901;0.0017;1.8167;LeftFalse_RightFalse;LeftTrue_RightFalse;HandLeft_(0.3, -0.8, -0.3)_(0.5, 0.5, -0.7, 0.1)_1.046027_System.String[];HandLeft_(-0.6, -0.3, -0.2)_(0.8, 0.4, -0.5, -0.2)_1.005502_System.String[];HandRight_(0.5, -0.7, -0.3)_(0.1, -0.6, -0.3, 0.7)_1.046027_System.String[];HandRight_(-0.5, -0.4, -0.1)_(0.3, 0.6, 0.5, -0.5)_1.005502_System.String[];32.6118;-0.0399;0.1395;-30.8589;-1.1836;0.8247;1.1735;6.6986;-7.0924;10.2105;346.2352;258.8668;47.7816;1.3370;355.3909
0.0244;0.3173;False;False;-31.1821;-0.9115;-0.0231;-0.0130;6.6435;-7.2752;359.9667;359.5180;271.7035;24.2406;359.9794;0.0497;1.2609;0.0016;0.0058;0.2369;2.4859;-8.7215;193583;71.9567;Infinity;2672.13;-31.2319;-0.5428;1.2771;1.1757;6.2556;-7.0593;352.4655;352.2204;271.7651;11.4527;359.9851;1.8031;LeftFalse_RightFalse;LeftTrue_RightFalse;HandLeft_(0.3, -0.8, -0.3)_(0.5, 0.5, -0.7, 0.2)_1.046027_System.String[];HandLeft_(-0.6, -0.3, -0.2)_(0.8, 0.4, -0.5, -0.2)_1.005502_System.String[];HandRight_(0.5, -0.7, -0.3)_(0.1, -0.6, -0.3, 0.7)_1.046027_System.String[];HandRight_(-0.5, -0.4, -0.1)_(0.3, 0.6, 0.6, -0.5)_1.005502_System.String[];32.6536;-0.0444;0.1395;-31.2248;-1.1307;0.8241;1.1742;6.7095;-6.9882;10.4088;346.0171;258.7612;48.5757;1.2792;355.4961
0.0178;0.3278;False;False;-31.5445;-0.8586;-0.0231;-0.0128;6.6526;-7.1713;359.9708;359.5266;271.5092;24.5040;359.9618;0.0330;1.2787;0.0018;0.0061;0.2045;2.4919;-8.6495;193586;71.92851;Infinity;2672.17;-31.5945;-0.4886;1.2772;1.1758;6.2651;-6.9572;352.4694;352.2246;271.5811;11.7181;359.9673;1.7855;LeftFalse_RightFalse;LeftTrue_RightFalse;HandLeft_(0.3, -0.8, -0.3)_(0.5, 0.5, -0.7, 0.2)_1.046027_System.String[];HandLeft_(-0.6, -0.3, -0.2)_(0.8, 0.4, -0.5, -0.2)_1.005502_System.String[];HandRight_(0.5, -0.7, -0.3)_(0.1, -0.6, -0.3, 0.7)_1.046027_System.String[];HandRight_(-0.5, -0.4, -0.1)_(0.3, 0.6, 0.6, -0.5)_1.005502_System.String[];32.6953;-0.0478;0.1395;-31.5883;-1.0771;0.8237;1.1747;6.7190;-6.8834;10.4874;345.8615;258.6238;49.0279;1.2732;355.6189
0.0130;0.3357;False;False;-31.9033;-0.8050;-0.0230;-0.0124;6.6603;-7.0674;359.9754;359.5396;271.2926;24.7689;359.9450;0.0219;1.2962;0.0017;0.0093;0.1708;2.4984;-8.5770;193589;71.956;Infinity;2672.21;-31.9527;-0.4338;1.2774;1.1760;6.2730;-6.8551;352.4740;352.2323;271.3741;11.9842;359.9500;1.7691;LeftFalse_RightFalse;LeftTrue_RightFalse;HandLeft_(0.3, -0.8, -0.3)_(0.5, 0.5, -0.7, 0.2)_1.046027_System.String[];HandLeft_(-0.6, -0.3, -0.2)_(0.8, 0.4, -0.5, -0.2)_1.005502_System.String[];HandRight_(0.5, -0.7, -0.3)_(0.1, -0.6, -0.3, 0.7)_1.046027_System.String[];HandRight_(-0.5, -0.4, -0.1)_(0.3, 0.6, 0.6, -0.5)_1.005502_System.String[];32.7368;-0.0495;0.1395;-31.9476;-1.0232;0.8239;1.1752;6.7269;-6.7781;10.3668;345.7414;258.4384;49.0764;1.2333;355.8410
0.0095;0.3419;False;False;-32.2588;-0.7506;-0.0229;-0.0120;6.6665;-6.9632;359.9795;359.5564;271.0574;25.0355;359.9294;0.0156;1.3138;0.0015;0.0109;0.1369;2.5056;-8.5043;193592;71.97885;Infinity;2672.26;-32.3079;-0.3782;1.2776;1.1762;6.2793;-6.7526;352.4782;352.2461;271.1465;12.2516;359.9338;1.7584;LeftFalse_RightFalse;LeftTrue_RightFalse;HandLeft_(0.3, -0.8, -0.3)_(0.5, 0.5, -0.7, 0.2)_1.046027_System.String[];HandLeft_(-0.6, -0.3, -0.2)_(0.8, 0.4, -0.5, -0.2)_1.005502_System.String[];HandRight_(0.5, -0.7, -0.3)_(0.1, -0.6, -0.3, 0.7)_1.046027_System.String[];HandRight_(-0.5, -0.4, -0.1)_(0.3, 0.6, 0.5, -0.5)_1.005502_System.String[];32.7786;-0.0497;0.1395;-32.3041;-0.9688;0.8244;1.1758;6.7332;-6.6722;10.1694;345.6523;258.2281;48.8237;1.1701;356.1735
0.0069;0.3482;False;False;-32.6161;-0.6947;-0.0228;-0.0115;6.6712;-6.8572;359.9828;359.5755;270.8058;25.3076;359.9147;0.0114;1.3318;0.0016;0.0120;0.1031;2.5132;-8.4317;193595;71.54098;Infinity;2672.30;-32.6633;-0.3213;1.2777;1.1766;6.2842;-6.6486;352.4819;352.2632;270.9012;12.5234;359.9189;1.7497;LeftFalse_RightFalse;LeftTrue_RightFalse;HandLeft_(0.3, -0.8, -0.3)_(0.5, 0.5, -0.7, 0.2)_1.046027_System.String[];HandLeft_(-0.6, -0.3, -0.2)_(0.8, 0.4, -0.5, -0.2)_1.005502_System.String[];HandRight_(0.5, -0.7, -0.3)_(0.1, -0.6, -0.3, 0.7)_1.046027_System.String[];HandRight_(-0.5, -0.4, -0.1)_(0.3, 0.6, 0.5, -0.5)_1.005502_System.String[];32.8208;-0.0489;0.1395;-32.6612;-0.9132;0.8250;1.1763;6.7380;-6.5642;9.9371;345.5811;257.9920;48.3059;1.1275;356.5959
0.0050;0.3535;False;False;-32.9682;-0.6382;-0.0228;-0.0110;6.6745;-6.7515;359.9849;359.5957;270.5481;25.5800;359.9009;0.0087;1.3503;0.0017;0.0128;0.0700;2.5213;-8.3593;193598;71.46535;Infinity;2672.34;-33.0148;-0.2638;1.2779;1.1769;6.2875;-6.5446;352.4843;352.2819;270.6471;12.7961;359.9045;1.7422;LeftFalse_RightFalse;LeftTrue_RightFalse;HandLeft_(0.3, -0.8, -0.3)_(0.5, 0.5, -0.7, 0.2)_1.046027_System.String[];HandLeft_(-0.6, -0.3, -0.2)_(0.8, 0.4, -0.5, -0.2)_1.005502_System.String[];HandRight_(0.5, -0.7, -0.3)_(0.1, -0.6, -0.3, 0.7)_1.046027_System.String[];HandRight_(-0.5, -0.4, -0.1)_(0.3, 0.6, 0.6, -0.5)_1.005502_System.String[];32.8628;-0.0471;0.1401;-33.0140;-0.8570;0.8256;1.1769;6.7412;-6.4558;9.6728;345.5048;257.7328;47.6408;1.1340;357.0479
0.0037;0.3577;False;False;-33.3176;-0.5809;-0.0227;-0.0104;6.6764;-6.6453;359.9858;359.6165;270.2888;25.8552;359.8900;0.0070;1.3796;0.0021;0.0134;0.0220;2.5334;-8.2512;193601;71.38009;Infinity;2672.38;-33.3633;-0.2054;1.2780;1.1773;6.2894;-6.4401;352.4855;352.3016;270.3894;13.0712;359.8927;1.7356;LeftFalse_RightFalse;LeftTrue_RightFalse;HandLeft_(0.3, -0.8, -0.3)_(0.5, 0.5, -0.7, 0.2)_1.046027_System.String[];HandLeft_(-0.6, -0.3, -0.2)_(0.8, 0.4, -0.5, -0.2)_1.005502_System.String[];HandRight_(0.5, -0.7, -0.3)_(0.1, -0.6, -0.3, 0.7)_1.046027_System.String[];HandRight_(-0.5, -0.4, -0.1)_(0.3, 0.6, 0.6, -0.5)_1.005502_System.String[];32.9048;-0.0446;0.1417;-33.3641;-0.8000;0.8262;1.1776;6.7426;-6.3465;9.3737;345.3952;257.4349;46.8658;1.1645;357.5322
0.0027;0.3619;False;False;-33.6638;-0.5226;-0.0226;-0.0098;6.6769;-6.5388;359.9872;359.6389;270.0334;26.1336;359.8808;0.0031;1.4005;0.0024;0.0157;-0.0085;2.5404;-8.1796;193604;71.32971;Infinity;2672.42;-33.7089;-0.1460;1.2782;1.1777;6.2898;-6.3351;352.4867;352.3220;270.1335;13.3494;359.8826;1.7286;LeftFalse_RightFalse;LeftTrue_RightFalse;HandLeft_(0.3, -0.8, -0.3)_(0.5, 0.5, -0.7, 0.2)_1.046027_System.String[];HandLeft_(-0.6, -0.3, -0.2)_(0.8, 0.4, -0.5, -0.2)_1.005502_System.String[];HandRight_(0.5, -0.7, -0.3)_(0.1, -0.6, -0.3, 0.7)_1.046027_System.String[];HandRight_(-0.5, -0.4, -0.1)_(0.3, 0.6, 0.5, -0.5)_1.005502_System.String[];32.9470;-0.0417;0.1435;-33.7114;-0.7421;0.8268;1.1783;6.7426;-6.2364;9.0673;345.3214;257.1290;46.0328;1.1811;358.0383
0.0019;0.3656;False;False;-34.0043;-0.4639;-0.0225;-0.0092;6.6760;-6.4327;359.9892;359.6637;269.7880;26.4134;359.8750;-0.0047;1.4220;0.0021;0.0167;-0.0376;2.5476;-8.1085;193607;71.5959;Infinity;2672.47;-34.0502;-0.0859;1.2783;1.1782;6.2889;-6.2303;352.4886;352.3441;269.8849;13.6307;359.8756;1.7162;LeftFalse_RightFalse;LeftTrue_RightFalse;HandLeft_(0.3, -0.8, -0.3)_(0.5, 0.5, -0.7, 0.2)_1.046027_System.String[];HandLeft_(-0.6, -0.3, -0.2)_(0.8, 0.4, -0.4, -0.2)_1.005502_System.String[];HandRight_(0.5, -0.7, -0.3)_(0.1, -0.6, -0.3, 0.7)_1.046027_System.String[];HandRight_(-0.5, -0.4, -0.1)_(0.3, 0.7, 0.5, -0.5)_1.005502_System.String[];32.9888;-0.0390;0.1449;-34.0544;-0.6834;0.8273;1.1790;6.7410;-6.1263;8.7747;345.3091;256.8557;45.2510;1.1987;358.5403
0.0014;0.3687;False;False;-34.3444;-0.4038;-0.0224;-0.0085;6.6740;-6.3254;359.9906;359.6899;269.5518;26.6998;359.8716;359.9861;1.4436;0.0019;0.0173;-0.0656;2.5549;-8.0379;193610;71.41644;Infinity;2672.51;-34.3889;-0.0247;1.2785;1.1787;6.2867;-6.1250;352.4902;352.3674;269.6458;13.9167;359.8713;1.7018;LeftFalse_RightFalse;LeftTrue_RightFalse;HandLeft_(0.3, -0.8, -0.3)_(0.5, 0.5, -0.7, 0.2)_1.046027_System.String[];HandLeft_(-0.6, -0.3, -0.2)_(0.8, 0.4, -0.4, -0.2)_1.005502_System.String[];HandRight_(0.5, -0.7, -0.3)_(0.1, -0.6, -0.3, 0.7)_1.046027_System.String[];HandRight_(-0.5, -0.4, -0.1)_(0.3, 0.7, 0.5, -0.5)_1.005502_System.String[];33.0308;-0.0368;0.1455;-34.3948;-0.6235;0.8280;1.1799;6.7382;-6.0156;8.5411;345.3424;256.6159;44.4494;1.2731;359.0730
0.0010;0.3720;False;False;-34.6810;-0.3428;-0.0223;-0.0077;6.6707;-6.2180;359.9916;359.7167;269.3278;26.9895;359.8698;359.9760;1.4650;0.0020;0.0177;-0.0929;2.5626;-7.9678;193613;71.3813;Infinity;2672.55;-34.7248;0.0376;1.2785;1.1792;6.2832;-6.0194;352.4914;352.3912;269.4182;14.2071;359.8692;1.6863;LeftFalse_RightFalse;LeftTrue_RightFalse;HandLeft_(0.3, -0.8, -0.3)_(0.5, 0.5, -0.7, 0.2)_1.046027_System.String[];HandLeft_(-0.6, -0.3, -0.2)_(0.8, 0.4, -0.4, -0.2)_1.005502_System.String[];HandRight_(0.5, -0.7, -0.3)_(0.1, -0.6, -0.3, 0.7)_1.046027_System.String[];HandRight_(-0.5, -0.4, -0.1)_(0.3, 0.7, 0.5, -0.5)_1.005502_System.String[];33.0728;-0.0349;0.1455;-34.7323;-0.5625;0.8286;1.1806;6.7340;-5.9044;8.3453;345.3919;256.3786;43.6990;1.3917;359.5948
0.0008;0.3752;False;False;-35.0148;-0.2809;-0.0222;-0.0070;6.6662;-6.1101;359.9916;359.7440;269.1157;27.2823;359.8688;359.9652;1.4864;0.0022;0.0179;-0.1189;2.5705;-7.8982;193616;71.34373;Infinity;2672.59;-35.0581;0.1008;1.2786;1.1797;6.2786;-5.9133;352.4917;352.4154;269.2022;14.5011;359.8677;1.6698;LeftFalse_RightFalse;LeftTrue_RightFalse;HandLeft_(0.3, -0.8, -0.3)_(0.5, 0.5, -0.7, 0.2)_1.046027_System.String[];HandLeft_(-0.6, -0.3, -0.2)_(0.8, 0.4, -0.4, -0.2)_1.005502_System.String[];HandRight_(0.5, -0.7, -0.3)_(0.0, -0.6, -0.3, 0.7)_1.046027_System.String[];HandRight_(-0.5, -0.4, -0.1)_(0.3, 0.7, 0.5, -0.5)_1.005502_System.String[];33.1150;-0.0331;0.1455;-35.0673;-0.5003;0.8290;1.1811;6.7289;-5.7927;8.2116;345.4588;256.1298;42.9857;1.4610;0.1116
0.0005;0.3815;False;False;-35.3448;-0.2181;-0.0221;-0.0062;6.6606;-6.0021;359.9907;359.7712;268.9158;27.5768;359.8694;359.9541;1.5080;0.0026;0.0180;-0.1438;2.5786;-7.8290;193619;71.3814;Infinity;2672.63;-35.3879;0.1650;1.2787;1.1802;6.2728;-5.8071;352.4911;352.4395;268.9983;14.7971;359.8680;1.6530;LeftFalse_RightFalse;LeftTrue_RightFalse;HandLeft_(0.3, -0.8, -0.3)_(0.5, 0.5, -0.7, 0.2)_1.046027_System.String[];HandLeft_(-0.6, -0.3, -0.2)_(0.8, 0.4, -0.4, -0.2)_1.005502_System.String[];HandRight_(0.5, -0.7, -0.3)_(0.0, -0.6, -0.3, 0.7)_1.046027_System.String[];HandRight_(-0.5, -0.4, -0.1)_(0.3, 0.7, 0.5, -0.5)_1.005502_System.String[];33.1570;-0.0317;0.1455;-35.3986;-0.4372;0.8293;1.1818;6.7228;-5.6809;8.1026;345.5555;255.8983;42.3250;1.4885;0.5971
0.0004;0.3916;False;False;-35.6694;-0.1548;-0.0220;-0.0055;6.6541;-5.8946;359.9902;359.7982;268.7284;27.8712;359.8705;359.9430;1.5301;0.0024;0.0181;-0.1676;2.5872;-7.7605;193622;71.67912;Infinity;2672.68;-35.7131;0.2297;1.2788;1.1807;6.2661;-5.7010;352.4904;352.4635;268.8067;15.0939;359.8689;1.6360;LeftFalse_RightFalse;LeftTrue_RightFalse;HandLeft_(0.3, -0.8, -0.3)_(0.5, 0.5, -0.7, 0.1)_1.046027_System.String[];HandLeft_(-0.6, -0.3, -0.2)_(0.8, 0.4, -0.4, -0.2)_1.005502_System.String[];HandRight_(0.5, -0.7, -0.3)_(0.0, -0.6, -0.3, 0.7)_1.046027_System.String[];HandRight_(-0.5, -0.4, -0.1)_(0.3, 0.7, 0.5, -0.5)_1.005502_System.String[];33.1985;-0.0300;0.1455;-35.7253;-0.3733;0.8295;1.1826;6.7154;-5.5695;7.9312;345.6826;255.7156;41.7566;1.4945;1.0030
0.0003;0.4069;False;False;-35.9927;-0.0903;-0.0219;-0.0047;6.6465;-5.7861;359.9907;359.8251;268.5506;28.1694;359.8733;359.9317;1.5529;0.0027;0.0181;-0.1897;2.5965;-7.6925;193625;71.60145;Infinity;2672.72;-36.0344;0.2953;1.2789;1.1813;6.2583;-5.5949;352.4905;352.4873;268.6261;15.3920;359.8710;1.6190;LeftFalse_RightFalse;LeftTrue_RightFalse;HandLeft_(0.3, -0.8, -0.3)_(0.5, 0.5, -0.7, 0.1)_1.046027_System.String[];HandLeft_(-0.6, -0.3, -0.2)_(0.8, 0.4, -0.4, -0.2)_1.005502_System.String[];HandRight_(0.5, -0.7, -0.3)_(0.0, -0.6, -0.3, 0.7)_1.046027_System.String[];HandRight_(-0.5, -0.4, -0.1)_(0.3, 0.6, 0.5, -0.5)_1.005502_System.String[];33.2405;-0.0282;0.1455;-36.0478;-0.3086;0.8299;1.1833;6.7073;-5.4581;7.6591;345.7923;255.5799;41.2438;1.5331;1.3512
0.0002;0.4254;False;False;-36.3124;-0.0247;-0.0218;-0.0042;6.6380;-5.6773;359.9912;359.8434;268.3836;28.4712;359.8773;359.9380;1.5760;0.0024;0.0118;-0.2100;2.6091;-7.6251;193628;71.69903;Infinity;2672.76;-36.3557;0.3623;1.2790;1.1817;6.2495;-5.4874;352.4911;352.5086;268.4543;15.6946;359.8746;1.6134;LeftFalse_RightFalse;LeftTrue_RightFalse;HandLeft_(0.3, -0.8, -0.3)_(0.5, 0.5, -0.7, 0.1)_1.046027_System.String[];HandLeft_(-0.6, -0.3, -0.2)_(0.8, 0.4, -0.4, -0.2)_1.005502_System.String[];HandRight_(0.5, -0.7, -0.3)_(0.0, -0.6, -0.3, 0.7)_1.046027_System.String[];HandRight_(-0.5, -0.4, -0.1)_(0.3, 0.6, 0.5, -0.5)_1.005502_System.String[];33.2822;-0.0261;0.1455;-36.3700;-0.2422;0.8309;1.1838;6.6983;-5.3457;7.2669;345.8902;255.4733;40.8457;1.5918;1.6500
0.0002;0.4439;False;False;-36.6287;0.0419;-0.0217;-0.0037;6.6287;-5.5680;359.9915;359.8564;268.2281;28.7767;359.8827;359.9514;1.6139;0.0022;0.0087;-0.2367;2.6303;-7.5252;193631;71.76512;Infinity;2672.80;-36.6713;0.4295;1.2791;1.1822;6.2400;-5.3804;352.4914;352.5251;268.2948;15.9972;359.8798;1.6218;LeftFalse_RightFalse;LeftTrue_RightFalse;HandLeft_(0.3, -0.8, -0.3)_(0.5, 0.5, -0.7, 0.1)_1.046027_System.String[];HandLeft_(-0.6, -0.3, -0.2)_(0.8, 0.4, -0.4, -0.2)_1.005502_System.String[];HandRight_(0.5, -0.7, -0.3)_(0.0, -0.6, -0.3, 0.7)_1.046027_System.String[];HandRight_(-0.5, -0.4, -0.1)_(0.3, 0.6, 0.5, -0.5)_1.005502_System.String[];33.3240;-0.0232;0.1455;-36.6864;-0.1755;0.8318;1.1838;6.6886;-5.2338;6.8523;345.9634;255.3454;40.5379;1.6768;1.9277
0.0001;0.4591;False;False;-36.9415;0.1095;-0.0216;-0.0034;6.6187;-5.4584;359.9911;359.8669;268.0847;29.0854;359.8884;359.9703;1.6411;0.0023;0.0091;-0.2514;2.6454;-7.4594;193634;71.87981;Infinity;2672.84;-36.9846;0.4979;1.2791;1.1825;6.2297;-5.2726;352.4913;352.5394;268.1462;16.3034;359.8855;1.6357;LeftFalse_RightFalse;LeftTrue_RightFalse;HandLeft_(0.3, -0.8, -0.3)_(0.5, 0.5, -0.7, 0.1)_1.046027_System.String[];HandLeft_(-0.6, -0.3, -0.2)_(0.8, 0.4, -0.4, -0.2)_1.005502_System.String[];HandRight_(0.5, -0.7, -0.3)_(0.0, -0.6, -0.3, 0.7)_1.046027_System.String[];HandRight_(-0.5, -0.4, -0.1)_(0.3, 0.6, 0.5, -0.5)_1.005502_System.String[];33.3657;-0.0198;0.1455;-37.0006;-0.1077;0.8327;1.1838;6.6782;-5.1215;6.4971;346.0202;255.1842;40.3294;1.7636;2.1792
0.0001;0.4716;False;False;-37.2534;0.1788;-0.0215;-0.0030;6.6080;-5.3474;359.9901;359.8777;267.9543;29.3994;359.8953;-0.0041;1.6694;0.0025;0.0093;-0.2637;2.6615;-7.3942;193637;71.69424;Infinity;2672.88;-37.2955;0.5674;1.2792;1.1829;6.2187;-5.1640;352.4906;352.5552;268.0106;16.6125;359.8918;1.6568;LeftFalse_RightFalse;LeftTrue_RightFalse;HandLeft_(0.3, -0.8, -0.3)_(0.5, 0.5, -0.7, 0.1)_1.046027_System.String[];HandLeft_(-0.6, -0.3, -0.2)_(0.8, 0.4, -0.4, -0.2)_1.005502_System.String[];HandRight_(0.5, -0.7, -0.3)_(0.0, -0.6, -0.3, 0.7)_1.046027_System.String[];HandRight_(-0.5, -0.4, -0.1)_(0.3, 0.6, 0.5, -0.5)_1.005502_System.String[];33.4077;-0.0163;0.1455;-37.3123;-0.0383;0.8335;1.1839;6.6672;-5.0084;6.1590;346.0737;254.9685;40.2175;1.8422;2.4055
0.0001;0.4814;False;False;-37.5629;0.2495;-0.0214;-0.0026;6.5968;-5.2355;359.9887;359.8888;267.8392;29.7173;359.9033;0.0245;1.6988;0.0026;0.0096;-0.2731;2.6783;-7.3298;193640;71.55915;Infinity;2672.93;-37.6052;0.6385;1.2792;1.1834;6.2072;-5.0541;352.4892;352.5720;267.8889;16.9262;359.8997;1.6817;LeftFalse_RightFalse;LeftTrue_RightFalse;HandLeft_(0.3, -0.8, -0.3)_(0.5, 0.5, -0.7, 0.1)_1.046027_System.String[];HandLeft_(-0.6, -0.3, -0.2)_(0.8, 0.4, -0.4, -0.2)_1.005502_System.String[];HandRight_(0.5, -0.7, -0.3)_(0.0, -0.6, -0.3, 0.7)_1.046027_System.String[];HandRight_(-0.5, -0.4, -0.1)_(0.3, 0.6, 0.5, -0.5)_1.005502_System.String[];33.4497;-0.0120;0.1455;-37.6229;0.0327;0.8342;1.1840;6.6556;-4.8942;5.8911;346.1039;254.7437;40.1958;1.8844;2.6036
0.0000;0.4900;False;False;-37.8695;0.3215;-0.0213;-0.0022;6.5853;-5.1229;359.9882;359.9003;267.7416;30.0386;359.9119;0.0546;1.7291;0.0028;0.0099;-0.2799;2.6955;-7.2659;193643;71.50904;Infinity;2672.97;-37.9122;0.7109;1.2793;1.1838;6.1953;-4.9435;352.4883;352.5896;267.7841;17.2431;359.9081;1.7084;LeftFalse_RightFalse;LeftTrue_RightFalse;HandLeft_(0.3, -0.8, -0.3)_(0.5, 0.4, -0.7, 0.1)_1.046027_System.String[];HandLeft_(-0.6, -0.3, -0.2)_(0.8, 0.4, -0.4, -0.2)_1.005502_System.String[];HandRight_(0.5, -0.7, -0.3)_(0.0, -0.7, -0.4, 0.7)_1.046027_System.String[];HandRight_(-0.5, -0.4, -0.1)_(0.3, 0.6, 0.5, -0.5)_1.005502_System.String[];33.4917;-0.0083;0.1455;-37.9306;0.1051;0.8349;1.1841;6.6434;-4.7795;5.6767;346.1211;254.5348;40.2476;1.9024;2.7854
0.0000;0.4977;False;False;-38.1710;0.3943;-0.0212;-0.0018;6.5736;-5.0104;359.9884;359.9110;267.6624;30.3608;359.9219;0.0826;1.7605;0.0029;0.0072;-0.2852;2.7135;-7.2027;193646;71.75385;Infinity;2673.01;-38.2148;0.7842;1.2793;1.1843;6.1832;-4.8328;352.4883;352.6077;267.6975;17.5615;359.9178;1.7358;LeftFalse_RightFalse;LeftTrue_RightFalse;HandLeft_(0.3, -0.8, -0.3)_(0.6, 0.4, -0.7, 0.1)_1.046027_System.String[];HandLeft_(-0.6, -0.3, -0.2)_(0.8, 0.4, -0.4, -0.2)_1.005502_System.String[];HandRight_(0.5, -0.7, -0.3)_(0.0, -0.7, -0.4, 0.7)_1.046027_System.String[];HandRight_(-0.5, -0.4, -0.1)_(0.3, 0.6, 0.5, -0.5)_1.005502_System.String[];33.5332;-0.0051;0.1455;-38.2337;0.1787;0.8354;1.1843;6.6311;-4.6646;5.5011;346.1333;254.3901;40.3674;1.9030;2.9477
0.0000;0.5047;False;False;-38.4701;0.4684;-0.0211;-0.0016;6.5617;-4.8969;359.9887;359.9157;267.5997;30.6871;359.9324;0.0973;1.7935;0.0025;0.0042;-0.2888;2.7319;-7.1402;193649;71.83058;Infinity;2673.05;-38.5140;0.8587;1.2794;1.1846;6.1710;-4.7218;352.4886;352.6183;267.6280;17.8840;359.9282;1.7526;LeftFalse_RightFalse;LeftTrue_RightFalse;HandLeft_(0.3, -0.8, -0.3)_(0.6, 0.4, -0.7, 0.1)_1.046027_System.String[];HandLeft_(-0.6, -0.3, -0.2)_(0.8, 0.4, -0.4, -0.2)_1.005502_System.String[];HandRight_(0.5, -0.7, -0.3)_(0.0, -0.7, -0.4, 0.7)_1.046027_System.String[];HandRight_(-0.5, -0.4, -0.1)_(0.3, 0.6, 0.5, -0.5)_1.005502_System.String[];33.5750;-0.0027;0.1455;-38.5334;0.2536;0.8358;1.1844;6.6188;-4.5495;5.3739;346.1476;254.3205;40.5403;1.8825;3.0751
0.0000;0.5108;False;False;-38.7663;0.5440;-0.0210;-0.0014;6.5496;-4.7827;359.9887;359.9164;267.5525;31.0167;359.9430;0.1055;1.8275;0.0023;0.0022;-0.2913;2.7502;-7.0782;193652;71.90543;Infinity;2673.09;-38.8110;0.9349;1.2794;1.1848;6.1586;-4.6099;352.4887;352.6222;267.5743;18.2116;359.9389;1.7619;LeftFalse_RightFalse;LeftTrue_RightFalse;HandLeft_(0.3, -0.7, -0.3)_(0.6, 0.4, -0.7, 0.1)_1.046027_System.String[];HandLeft_(-0.6, -0.3, -0.2)_(0.8, 0.4, -0.4, -0.2)_1.005502_System.String[];HandRight_(0.5, -0.7, -0.3)_(0.0, -0.7, -0.4, 0.7)_1.046027_System.String[];HandRight_(-0.5, -0.4, -0.1)_(0.3, 0.6, 0.5, -0.5)_1.005502_System.String[];33.6167;-0.0013;0.1455;-38.8308;0.3303;0.8361;1.1846;6.6067;-4.4334;5.2733;346.1385;254.3365;40.7447;1.8638;3.1719
0.0000;0.5153;False;False;-39.0630;0.6219;-0.0209;-0.0014;6.5374;-4.6663;359.9883;359.9147;267.5179;31.3537;359.9526;0.1101;1.8622;0.0024;0.0009;-0.2932;2.7686;-7.0168;193655;71.59029;Infinity;2673.14;-39.1076;1.0133;1.2794;1.1849;6.1461;-4.4966;352.4885;352.6224;267.5345;18.5458;359.9492;1.7676;LeftFalse_RightFalse;LeftTrue_RightFalse;HandLeft_(0.3, -0.7, -0.3)_(0.6, 0.4, -0.7, 0.1)_1.046027_System.String[];HandLeft_(-0.6, -0.3, -0.2)_(0.8, 0.4, -0.4, -0.2)_1.005502_System.String[];HandRight_(0.5, -0.7, -0.3)_(-0.1, -0.7, -0.4, 0.6)_1.046027_System.String[];HandRight_(-0.5, -0.4, -0.1)_(0.3, 0.6, 0.5, -0.5)_1.005502_System.String[];33.6587;-0.0006;0.1461;-39.1278;0.4091;0.8363;1.1846;6.5946;-4.3159;5.1656;346.1223;254.4019;40.9799;1.8329;3.2583
0.0000;0.5196;False;False;-39.3553;0.7009;-0.0208;-0.0014;6.5251;-4.5499;359.9873;359.9116;267.4934;31.6930;359.9613;0.1130;1.8977;0.0027;0.0002;-0.2947;2.7867;-6.9559;193658;71.59814;Infinity;2673.18;-39.4005;1.0929;1.2795;1.1850;6.1336;-4.3828;352.4877;352.6204;267.5061;18.8831;359.9580;1.7714;LeftFalse_RightFalse;LeftTrue_RightFalse;HandLeft_(0.3, -0.7, -0.3)_(0.6, 0.4, -0.7, 0.1)_1.046027_System.String[];HandLeft_(-0.6, -0.3, -0.2)_(0.8, 0.4, -0.4, -0.2)_1.005502_System.String[];HandRight_(0.5, -0.7, -0.3)_(0.0, -0.7, -0.4, 0.7)_1.046027_System.String[];HandRight_(-0.5, -0.4, -0.1)_(0.3, 0.6, 0.5, -0.5)_1.005502_System.String[];33.7007;-0.0006;0.1475;-39.4209;0.4893;0.8365;1.1847;6.5827;-4.1980;5.0599;346.1017;254.4664;41.2592;1.7936;3.3307
0.0000;0.5228;False;False;-39.6460;0.7817;-0.0207;-0.0014;6.5127;-4.4322;359.9858;359.9078;267.4759;32.0391;359.9693;0.1153;1.9343;0.0030;-0.0002;-0.2958;2.8043;-6.8956;193661;71.4772;Infinity;2673.22;-39.6916;1.1743;1.2796;1.1850;6.1210;-4.2681;352.4863;352.6174;267.4856;19.2265;359.9666;1.7746;LeftFalse_RightFalse;LeftTrue_RightFalse;HandLeft_(0.3, -0.7, -0.3)_(0.6, 0.4, -0.7, 0.1)_1.046027_System.String[];HandLeft_(-0.6, -0.3, -0.2)_(0.8, 0.4, -0.4, -0.2)_1.005502_System.String[];HandRight_(0.5, -0.7, -0.3)_(0.0, -0.7, -0.4, 0.7)_1.046027_System.String[];HandRight_(-0.5, -0.4, -0.1)_(0.3, 0.6, 0.5, -0.5)_1.005502_System.String[];33.7427;-0.0006;0.1499;-39.7122;0.5714;0.8367;1.1847;6.5706;-4.0789;4.9531;346.0946;254.4888;41.5734;1.7593;3.3891
0.0000;0.5258;False;False;-39.9336;0.8642;-0.0206;-0.0014;6.5003;-4.3139;359.9851;359.9040;267.4632;32.3923;359.9758;0.1177;1.9914;0.0029;-0.0003;-0.2965;2.8290;-6.8061;193664;71.45414;Infinity;2673.26;-39.9801;1.2574;1.2796;1.1850;6.1084;-4.1526;352.4853;352.6142;267.4706;19.5768;359.9735;1.7777;LeftFalse_RightFalse;LeftTrue_RightFalse;HandLeft_(0.3, -0.7, -0.3)_(0.6, 0.4, -0.7, 0.1)_1.046027_System.String[];HandLeft_(-0.6, -0.3, -0.2)_(0.8, 0.4, -0.4, -0.2)_1.005502_System.String[];HandRight_(0.5, -0.7, -0.3)_(0.0, -0.7, -0.4, 0.7)_1.046027_System.String[];HandRight_(-0.5, -0.4, -0.1)_(0.3, 0.6, 0.5, -0.5)_1.005502_System.String[];33.7847;-0.0006;0.1535;-40.0008;0.6552;0.8372;1.1848;6.5586;-3.9590;4.8289;346.0931;254.4529;41.9074;1.6980;3.4451
0.0000;0.5283;False;False;-40.2189;0.9484;-0.0204;-0.0014;6.4879;-4.1948;359.9854;359.9003;267.4538;32.7553;359.9821;0.1206;2.0314;0.0030;-0.0003;-0.2964;2.8440;-6.7471;193667;71.42602;Infinity;2673.30;-40.2664;1.3422;1.2797;1.1851;6.0958;-4.0364;352.4852;352.6111;267.4593;19.9360;359.9799;1.7812;LeftFalse_RightFalse;LeftTrue_RightFalse;HandLeft_(0.3, -0.7, -0.3)_(0.6, 0.4, -0.7, 0.1)_1.046027_System.String[];HandLeft_(-0.6, -0.3, -0.2)_(0.8, 0.4, -0.4, -0.2)_1.005502_System.String[];HandRight_(0.5, -0.7, -0.3)_(0.0, -0.7, -0.4, 0.7)_1.046027_System.String[];HandRight_(-0.5, -0.4, -0.1)_(0.3, 0.6, 0.5, -0.5)_1.005502_System.String[];33.8267;-0.0006;0.1581;-40.2870;0.7409;0.8376;1.1848;6.5464;-3.8382;4.7024;346.1023;254.4095;42.2559;1.6145;3.4889
0.0000;0.5312;False;False;-40.5022;1.0346;-0.0203;-0.0014;6.4755;-4.0749;359.9858;359.8970;267.4465;33.1314;359.9879;0.1244;2.0731;0.0026;-0.0001;-0.2958;2.8576;-6.6887;193670;71.33659;Infinity;2673.35;-40.5504;1.4289;1.2798;1.1851;6.0832;-3.9194;352.4857;352.6085;267.4506;20.3070;359.9859;1.7854;LeftFalse_RightFalse;LeftTrue_RightFalse;HandLeft_(0.3, -0.7, -0.3)_(0.6, 0.4, -0.7, 0.1)_1.046027_System.String[];HandLeft_(-0.6, -0.3, -0.2)_(0.8, 0.4, -0.4, -0.3)_1.005502_System.String[];HandRight_(0.5, -0.7, -0.3)_(0.0, -0.7, -0.4, 0.7)_1.046027_System.String[];HandRight_(-0.5, -0.5, -0.1)_(0.3, 0.6, 0.5, -0.5)_1.005502_System.String[];33.8689;-0.0006;0.1636;-40.5711;0.8286;0.8380;1.1847;6.5342;-3.7164;4.5927;346.1248;254.4030;42.6358;1.5432;3.5360
0.0000;0.5334;False;False;-40.7821;1.1224;-0.0202;-0.0014;6.4631;-3.9547;359.9860;359.8942;267.4407;33.5216;359.9931;0.1293;2.1166;0.0024;0.0000;-0.2950;2.8696;-6.6308;193673;71.39301;Infinity;2673.39;-40.8316;1.5175;1.2799;1.1851;6.0707;-3.8020;352.4859;352.6066;267.4437;20.6918;359.9914;1.7905;LeftFalse_RightFalse;LeftTrue_RightFalse;HandLeft_(0.3, -0.7, -0.3)_(0.6, 0.4, -0.7, 0.1)_1.046027_System.String[];HandLeft_(-0.6, -0.3, -0.2)_(0.8, 0.4, -0.4, -0.3)_1.005502_System.String[];HandRight_(0.5, -0.7, -0.3)_(0.0, -0.7, -0.4, 0.7)_1.046027_System.String[];HandRight_(-0.5, -0.5, -0.1)_(0.3, 0.6, 0.5, -0.5)_1.005502_System.String[];33.9109;-0.0009;0.1700;-40.8524;0.9181;0.8382;1.1844;6.5223;-3.5940;4.4871;346.1522;254.4368;43.0664;1.4870;3.5732
0.0000;0.5349;False;False;-41.0581;1.2117;-0.0201;-0.0014;6.4508;-3.8346;359.9858;359.8918;267.4356;33.9266;-0.0027;0.1350;2.1614;0.0025;0.0002;-0.2940;2.8803;-6.5734;193676;71.60664;Infinity;2673.43;-41.1086;1.6074;1.2799;1.1852;6.0582;-3.6849;352.4859;352.6053;267.4378;21.0906;-0.0040;1.7964;LeftFalse_RightFalse;LeftTrue_RightFalse;HandLeft_(0.3, -0.7, -0.3)_(0.6, 0.4, -0.7, 0.1)_1.046027_System.String[];HandLeft_(-0.6, -0.3, -0.2)_(0.8, 0.3, -0.4, -0.3)_1.005502_System.String[];HandRight_(0.5, -0.7, -0.3)_(0.0, -0.7, -0.4, 0.7)_1.046027_System.String[];HandRight_(-0.5, -0.5, -0.1)_(0.3, 0.6, 0.5, -0.5)_1.005502_System.String[];33.9526;-0.0014;0.1767;-41.1295;1.0093;0.8384;1.1843;6.5105;-3.4719;4.3818;346.1762;254.4802;43.5487;1.4274;3.6069
0.0000;0.5360;False;False;-41.3329;1.3035;-0.0200;-0.0014;6.4385;-3.7135;359.9852;359.8897;267.4302;34.3523;0.0003;0.1417;2.2078;0.0025;0.0003;-0.2931;2.8893;-6.5165;193679;71.53807;Infinity;2673.47;-41.3836;1.6995;1.2800;1.1852;6.0459;-3.5673;352.4855;352.6046;267.4322;21.5078;-0.0006;1.8031;LeftFalse_RightFalse;LeftTrue_RightFalse;HandLeft_(0.3, -0.7, -0.3)_(0.6, 0.4, -0.7, 0.1)_1.046027_System.String[];HandLeft_(-0.6, -0.3, -0.2)_(0.8, 0.3, -0.4, -0.2)_1.005502_System.String[];HandRight_(0.5, -0.7, -0.3)_(0.0, -0.7, -0.4, 0.7)_1.046027_System.String[];HandRight_(-0.5, -0.5, -0.1)_(0.3, 0.7, 0.5, -0.5)_1.005502_System.String[];33.9946;-0.0021;0.1832;-41.4045;1.1028;0.8388;1.1842;6.4987;-3.3490;4.2665;346.2019;254.5071;44.0861;1.3612;3.6311
0.0000;0.5368;False;False;-41.6054;1.3974;-0.0199;-0.0014;6.4262;-3.5919;359.9841;359.8881;267.4237;34.7987;0.0030;0.1492;2.2555;0.0028;0.0005;-0.2924;2.8968;-6.4600;193682;71.47083;Infinity;2673.51;-41.6570;1.7940;1.2801;1.1853;6.0335;-3.4491;352.4846;352.6045;267.4258;21.9464;0.0021;1.8106;LeftFalse_RightFalse;LeftTrue_RightFalse;HandLeft_(0.3, -0.7, -0.3)_(0.6, 0.4, -0.7, 0.1)_1.046027_System.String[];HandLeft_(-0.6, -0.3, -0.2)_(0.8, 0.3, -0.4, -0.3)_1.005502_System.String[];HandRight_(0.5, -0.7, -0.3)_(0.0, -0.7, -0.4, 0.7)_1.046027_System.String[];HandRight_(-0.5, -0.5, -0.1)_(0.3, 0.7, 0.5, -0.5)_1.005502_System.String[];34.0366;-0.0032;0.1891;-41.6779;1.1987;0.8392;1.1842;6.4867;-3.2254;4.1622;346.2314;254.5160;44.6778;1.3028;3.6592
0.0000;0.5385;False;False;-41.8753;1.4933;-0.0198;-0.0013;6.4140;-3.4701;359.9831;359.8868;267.4151;35.2647;0.0045;0.1568;2.3035;0.0028;0.0006;-0.2920;2.9036;-6.4041;193685;71.4538;Infinity;2673.56;-41.9275;1.8905;1.2802;1.1853;6.0212;-3.3308;352.4833;352.6048;267.4178;22.4049;0.0042;1.8185;LeftFalse_RightFalse;LeftTrue_RightFalse;HandLeft_(0.3, -0.7, -0.3)_(0.6, 0.4, -0.7, 0.1)_1.046027_System.String[];HandLeft_(-0.6, -0.3, -0.2)_(0.8, 0.3, -0.4, -0.3)_1.005502_System.String[];HandRight_(0.5, -0.7, -0.3)_(0.0, -0.7, -0.4, 0.7)_1.046027_System.String[];HandRight_(-0.5, -0.5, -0.1)_(0.3, 0.7, 0.5, -0.5)_1.005502_System.String[];34.0786;-0.0044;0.1938;-41.9485;1.2969;0.8396;1.1842;6.4749;-3.1015;4.0795;346.2642;254.5147;45.2892;1.2459;3.6865
0.0000;0.5404;False;False;-42.1428;1.5914;-0.0196;-0.0013;6.4017;-3.3480;359.9830;359.8858;267.4033;35.7493;0.0052;0.1644;2.3523;0.0029;0.0007;-0.2922;2.9094;-6.3486;193688;71.43451;Infinity;2673.60;-42.1957;1.9893;1.2803;1.1854;6.0089;-3.2123;352.4829;352.6054;267.4070;22.8827;0.0050;1.8263;LeftFalse_RightFalse;LeftTrue_RightFalse;HandLeft_(0.3, -0.8, -0.3)_(0.6, 0.4, -0.7, 0.1)_1.046027_System.String[];HandLeft_(-0.6, -0.3, -0.2)_(0.8, 0.2, -0.4, -0.3)_1.005502_System.String[];HandRight_(0.5, -0.7, -0.3)_(0.0, -0.7, -0.4, 0.7)_1.046027_System.String[];HandRight_(-0.5, -0.5, 0.0)_(0.3, 0.7, 0.4, -0.5)_1.005502_System.String[];34.1206;-0.0063;0.1973;-42.2168;1.3975;0.8398;1.1842;6.4630;-2.9775;4.0065;346.2709;254.4963;45.9227;1.2084;3.7061
0.0000;0.5444;False;False;-42.4067;1.6912;-0.0195;-0.0013;6.3895;-3.2263;359.9835;359.8850;267.3869;36.2483;0.0055;0.1717;2.4015;0.0030;0.0008;-0.2934;2.9146;-6.2935;193691;71.59644;Infinity;2673.64;-42.4607;2.0899;1.2805;1.1855;5.9966;-3.0941;352.4833;352.6062;267.3922;23.3765;0.0055;1.8337;LeftFalse_RightFalse;LeftTrue_RightFalse;HandLeft_(0.3, -0.8, -0.3)_(0.5, 0.5, -0.7, 0.1)_1.046027_System.String[];HandLeft_(-0.6, -0.3, -0.2)_(0.8, 0.2, -0.4, -0.3)_1.005502_System.String[];HandRight_(0.5, -0.7, -0.3)_(0.0, -0.6, -0.4, 0.7)_1.046027_System.String[];HandRight_(-0.5, -0.5, 0.0)_(0.3, 0.7, 0.4, -0.5)_1.005502_System.String[];34.1624;-0.0088;0.1999;-42.4819;1.5001;0.8400;1.1842;6.4510;-2.8535;3.9483;346.2485;254.4500;46.5581;1.1819;3.7523
0.0000;0.5511;False;False;-42.6670;1.7927;-0.0194;-0.0012;6.3772;-3.1048;359.9840;359.8843;267.3640;36.7598;0.0049;0.1784;2.4762;0.0025;0.0009;-0.2971;2.9221;-6.2117;193694;71.82034;Infinity;2673.68;-42.7219;2.1922;1.2806;1.1856;5.9843;-2.9764;352.4839;352.6070;267.3716;23.8831;0.0052;1.8407;LeftFalse_RightFalse;LeftTrue_RightFalse;HandLeft_(0.3, -0.8, -0.3)_(0.5, 0.4, -0.7, 0.1)_1.046027_System.String[];HandLeft_(-0.6, -0.3, -0.2)_(0.8, 0.2, -0.4, -0.4)_1.005502_System.String[];HandRight_(0.5, -0.7, -0.3)_(0.0, -0.6, -0.4, 0.7)_1.046027_System.String[];HandRight_(-0.5, -0.5, 0.0)_(0.3, 0.6, 0.5, -0.5)_1.005502_System.String[];34.2041;-0.0116;0.2014;-42.7433;1.6043;0.8402;1.1842;6.4389;-2.7300;3.8437;346.2177;254.3841;47.1761;1.1497;3.8098
0.0000;0.5596;False;False;-42.9252;1.8965;-0.0193;-0.0012;6.3647;-2.9831;359.9843;359.8836;267.3333;37.2840;0.0036;0.1844;2.5266;0.0024;0.0010;-0.3010;2.9272;-6.1577;193697;71.90868;Infinity;2673.72;-42.9807;2.2967;1.2807;1.1856;5.9718;-2.8585;352.4842;352.6077;267.3438;24.4027;0.0042;1.8470;LeftFalse_RightFalse;LeftTrue_RightFalse;HandLeft_(0.3, -0.8, -0.3)_(0.5, 0.4, -0.7, 0.1)_1.046027_System.String[];HandLeft_(-0.6, -0.3, -0.2)_(0.8, 0.2, -0.4, -0.3)_1.005502_System.String[];HandRight_(0.5, -0.7, -0.3)_(0.0, -0.6, -0.4, 0.7)_1.046027_System.String[];HandRight_(-0.5, -0.5, 0.0)_(0.3, 0.6, 0.4, -0.5)_1.005502_System.String[];34.2456;-0.0148;0.2018;-43.0025;1.7110;0.8406;1.1842;6.4268;-2.6064;3.7360;346.1759;254.3115;47.7744;1.1034;3.8651
0.0000;0.5700;False;False;-43.1821;2.0030;-0.0192;-0.0012;6.3521;-2.8605;359.9842;359.8828;267.2928;37.8204;0.0010;0.1897;2.5777;0.0025;0.0010;-0.3061;2.9328;-6.1041;193700;71.81852;Infinity;2673.76;-43.2382;2.4038;1.2808;1.1857;5.9592;-2.7401;352.4843;352.6082;267.3071;24.9352;0.0021;1.8526;LeftFalse_RightFalse;LeftTrue_RightFalse;HandLeft_(0.3, -0.8, -0.3)_(0.5, 0.4, -0.7, 0.1)_1.046027_System.String[];HandLeft_(-0.6, -0.3, -0.2)_(0.8, 0.2, -0.4, -0.3)_1.005502_System.String[];HandRight_(0.5, -0.7, -0.3)_(0.0, -0.6, -0.4, 0.7)_1.046027_System.String[];HandRight_(-0.5, -0.5, 0.0)_(0.3, 0.7, 0.4, -0.5)_1.005502_System.String[];34.2876;-0.0179;0.2018;-43.2605;1.8204;0.8411;1.1843;6.4144;-2.4822;3.6398;346.1439;254.2370;48.3688;1.0474;3.9058
0.0000;0.5797;False;False;-43.4364;2.1116;-0.0191;-0.0011;6.3391;-2.7379;359.9838;359.8819;267.2416;38.3646;-0.0029;0.1944;2.6299;0.0026;0.0011;-0.3124;2.9386;-6.0508;193703;71.76385;Infinity;2673.81;-43.4922;2.5127;1.2809;1.1858;5.9464;-2.6220;352.4839;352.6084;267.2602;25.4743;-0.0016;1.8576;LeftFalse_RightFalse;LeftTrue_RightFalse;HandLeft_(0.3, -0.8, -0.3)_(0.5, 0.5, -0.7, 0.1)_1.046027_System.String[];HandLeft_(-0.6, -0.3, -0.2)_(0.8, 0.2, -0.4, -0.3)_1.005502_System.String[];HandRight_(0.5, -0.7, -0.3)_(0.0, -0.6, -0.4, 0.7)_1.046027_System.String[];HandRight_(-0.5, -0.5, 0.0)_(0.3, 0.6, 0.5, -0.5)_1.005502_System.String[];34.3293;-0.0209;0.2018;-43.5151;1.9317;0.8414;1.1843;6.4018;-2.3585;3.5454;346.1289;254.1413;48.9674;0.9899;3.9222
0.0000;0.5892;False;False;-43.6897;2.2230;-0.0190;-0.0011;6.3259;-2.6143;359.9828;359.8808;267.1787;38.9188;359.9929;0.1988;2.6832;0.0027;0.0011;-0.3194;2.9443;-5.9979;193706;71.58652;Infinity;2673.85;-43.7460;2.6248;1.2811;1.1858;5.9331;-2.5026;352.4832;352.6084;267.2017;26.0259;359.9942;1.8622;LeftFalse_RightFalse;LeftTrue_RightFalse;HandLeft_(0.3, -0.8, -0.3)_(0.5, 0.5, -0.7, 0.1)_1.046027_System.String[];HandLeft_(-0.6, -0.3, -0.2)_(0.8, 0.2, -0.4, -0.3)_1.005502_System.String[];HandRight_(0.5, -0.7, -0.3)_(0.0, -0.6, -0.4, 0.7)_1.046027_System.String[];HandRight_(-0.5, -0.5, 0.0)_(0.3, 0.6, 0.5, -0.5)_1.005502_System.String[];34.3713;-0.0235;0.2018;-43.7695;2.0464;0.8416;1.1843;6.3886;-2.2334;3.5028;346.1020;254.0042;49.5735;0.9415;3.9177
0.0000;0.5989;False;False;-43.9405;2.3367;-0.0189;-0.0010;6.3123;-2.4906;359.9820;359.8796;267.1051;39.4794;359.9881;0.2029;2.7376;0.0026;0.0011;-0.3267;2.9497;-5.9454;193709;71.52088;Infinity;2673.89;-43.9971;2.7391;1.2812;1.1859;5.9196;-2.3832;352.4822;352.6081;267.1322;26.5836;359.9897;1.8666;LeftFalse_RightFalse;LeftTrue_RightFalse;HandLeft_(0.3, -0.8, -0.3)_(0.5, 0.5, -0.7, 0.1)_1.046027_System.String[];HandLeft_(-0.6, -0.3, -0.2)_(0.8, 0.2, -0.4, -0.3)_1.005502_System.String[];HandRight_(0.5, -0.7, -0.3)_(0.0, -0.6, -0.4, 0.7)_1.046027_System.String[];HandRight_(-0.5, -0.5, 0.0)_(0.3, 0.6, 0.5, -0.5)_1.005502_System.String[];34.4133;-0.0257;0.2027;-44.0212;2.1633;0.8418;1.1843;6.3751;-2.1084;3.4712;346.0612;253.8501;50.1781;0.9046;3.9201
0.0000;0.6096;False;False;-44.1887;2.4528;-0.0188;-0.0010;6.2984;-2.3669;359.9820;359.8782;267.0219;40.0471;359.9831;0.2072;2.7939;0.0027;0.0011;-0.3345;2.9542;-5.8933;193712;71.55286;Infinity;2673.93;-44.2461;2.8559;1.2814;1.1860;5.9057;-2.2636;352.4819;352.6077;267.0527;27.1494;359.9845;1.8710;LeftFalse_RightFalse;LeftTrue_RightFalse;HandLeft_(0.3, -0.8, -0.3)_(0.5, 0.5, -0.7, 0.1)_1.046027_System.String[];HandLeft_(-0.6, -0.3, -0.2)_(0.8, 0.2, -0.4, -0.3)_1.005502_System.String[];HandRight_(0.5, -0.7, -0.3)_(0.0, -0.6, -0.4, 0.7)_1.046027_System.String[];HandRight_(-0.5, -0.5, 0.0)_(0.3, 0.6, 0.5, -0.5)_1.005502_System.String[];34.4553;-0.0273;0.2047;-44.2709;2.2824;0.8420;1.1843;6.3611;-1.9832;3.4066;346.0163;253.6961;50.7963;0.8927;3.9001
0.0000;0.6195;False;False;-44.4331;2.5705;-0.0186;-0.0009;6.2843;-2.2437;359.9825;359.8767;266.9308;40.6207;359.9786;0.2120;2.8523;0.0028;0.0011;-0.3425;2.9575;-5.8416;193715;71.77219;Infinity;2673.97;-44.4907;2.9742;1.2815;1.1861;5.8916;-2.1448;352.4823;352.6073;266.9648;27.7188;359.9799;1.8758;LeftFalse_RightFalse;LeftTrue_RightFalse;HandLeft_(0.3, -0.8, -0.3)_(0.5, 0.5, -0.7, 0.1)_1.046027_System.String[];HandLeft_(-0.6, -0.3, -0.2)_(0.8, 0.1, -0.4, -0.4)_1.005502_System.String[];HandRight_(0.5, -0.7, -0.3)_(0.0, -0.6, -0.3, 0.7)_1.046027_System.String[];HandRight_(-0.5, -0.5, 0.0)_(0.3, 0.6, 0.5, -0.5)_1.005502_System.String[];34.4971;-0.0288;0.2080;-44.5161;2.4031;0.8421;1.1843;6.3466;-1.8590;3.3325;345.9559;253.5703;51.4347;0.8894;3.8407
0.0000;0.6284;False;False;-44.6758;2.6912;-0.0185;-0.0009;6.2697;-2.1202;359.9832;359.8751;266.8325;41.2080;359.9746;0.2177;2.9126;0.0025;0.0011;-0.3506;2.9594;-5.7904;193718;71.78244;Infinity;2674.02;-44.7329;3.0950;1.2816;1.1861;5.8770;-2.0261;352.4831;352.6070;266.8694;28.2996;359.9756;1.8815;LeftFalse_RightFalse;LeftTrue_RightFalse;HandLeft_(0.3, -0.8, -0.3)_(0.5, 0.5, -0.7, 0.1)_1.046027_System.String[];HandLeft_(-0.6, -0.3, -0.2)_(0.8, 0.1, -0.4, -0.4)_1.005502_System.String[];HandRight_(0.5, -0.7, -0.3)_(0.0, -0.6, -0.4, 0.7)_1.046027_System.String[];HandRight_(-0.5, -0.5, 0.0)_(0.3, 0.6, 0.5, -0.5)_1.005502_System.String[];34.5388;-0.0298;0.2122;-44.7591;2.5264;0.8424;1.1842;6.3318;-1.7348;3.2825;345.8814;253.4577;52.1126;0.9147;3.7657
0.0000;0.6360;False;False;-44.9177;2.8153;-0.0184;-0.0008;6.2548;-1.9959;359.9837;359.8735;266.7279;41.8139;359.9710;0.2245;2.9753;0.0023;0.0011;-0.3587;2.9592;-5.7396;193721;71.59184;Infinity;2674.06;-44.9748;3.2195;1.2818;1.1862;5.8620;-1.9064;352.4836;352.6068;266.7669;28.8995;359.9719;1.8881;LeftFalse_RightFalse;LeftTrue_RightFalse;HandLeft_(0.3, -0.8, -0.3)_(0.5, 0.5, -0.7, 0.2)_1.046027_System.String[];HandLeft_(-0.6, -0.3, -0.2)_(0.8, 0.1, -0.4, -0.4)_1.005502_System.String[];HandRight_(0.5, -0.7, -0.3)_(0.0, -0.6, -0.3, 0.7)_1.046027_System.String[];HandRight_(-0.5, -0.5, 0.0)_(0.4, 0.6, 0.4, -0.5)_1.005502_System.String[];34.5808;-0.0304;0.2167;-45.0018;2.6536;0.8429;1.1841;6.3166;-1.6097;3.2042;345.8082;253.3462;52.8309;0.9381;3.6824
0.0000;0.6425;False;False;-45.1560;2.9415;-0.0183;-0.0008;6.2395;-1.8723;359.9838;359.8719;266.6200;42.4339;359.9677;0.2323;3.0401;0.0023;0.0011;-0.3667;2.9571;-5.6892;193724;71.71968;Infinity;2674.10;-45.2137;3.3463;1.2819;1.1863;5.8467;-1.7872;352.4838;352.6069;266.6603;29.5141;359.9686;1.8959;LeftFalse_RightFalse;LeftTrue_RightFalse;HandLeft_(0.3, -0.8, -0.3)_(0.5, 0.5, -0.7, 0.2)_1.046027_System.String[];HandLeft_(-0.6, -0.3, -0.2)_(0.9, 0.1, -0.3, -0.4)_1.005502_System.String[];HandRight_(0.5, -0.7, -0.3)_(0.0, -0.6, -0.3, 0.7)_1.046027_System.String[];HandRight_(-0.5, -0.5, 0.0)_(0.4, 0.6, 0.4, -0.5)_1.005502_System.String[];34.6226;-0.0307;0.2211;-45.2414;2.7830;0.8432;1.1841;6.3010;-1.4848;3.1056;345.6903;253.2253;53.5606;0.9647;3.5744
0.0000;0.6480;False;False;-45.3916;3.0702;-0.0182;-0.0007;6.2240;-1.7493;359.9837;359.8704;266.5096;43.0714;359.9645;0.2409;3.1398;0.0023;0.0011;-0.3784;2.9510;-5.6145;193727;71.85342;Infinity;2674.14;-45.4492;3.4753;1.2820;1.1864;5.8311;-1.6689;352.4838;352.6073;266.5511;30.1444;359.9653;1.9045;LeftFalse_RightFalse;LeftTrue_RightFalse;HandLeft_(0.3, -0.8, -0.3)_(0.5, 0.5, -0.7, 0.2)_1.046027_System.String[];HandLeft_(-0.6, -0.3, -0.2)_(0.9, 0.1, -0.3, -0.4)_1.005502_System.String[];HandRight_(0.5, -0.7, -0.3)_(0.1, -0.6, -0.3, 0.7)_1.046027_System.String[];HandRight_(-0.5, -0.5, 0.0)_(0.4, 0.6, 0.4, -0.5)_1.005502_System.String[];34.6643;-0.0308;0.2246;-45.4774;2.9147;0.8434;1.1844;6.2849;-1.3609;3.0157;345.4720;253.0830;54.3020;1.0034;3.4517
0.0000;0.6535;False;False;-45.6250;3.2019;-0.0181;-0.0007;6.2081;-1.6264;359.9832;359.8690;266.3977;43.7271;359.9619;0.2498;3.2075;0.0024;0.0011;-0.3859;2.9454;-5.5651;193730;71.92009;Infinity;2674.18;-45.6825;3.6072;1.2821;1.1865;5.8151;-1.5510;352.4834;352.6078;266.4400;30.7929;359.9624;1.9135;LeftFalse_RightFalse;LeftTrue_RightFalse;HandLeft_(0.3, -0.8, -0.3)_(0.5, 0.5, -0.7, 0.2)_1.046027_System.String[];HandLeft_(-0.6, -0.3, -0.2)_(0.9, 0.0, -0.3, -0.4)_1.005502_System.String[];HandRight_(0.5, -0.7, -0.3)_(0.0, -0.6, -0.4, 0.7)_1.046027_System.String[];HandRight_(-0.5, -0.5, 0.0)_(0.4, 0.6, 0.4, -0.5)_1.005502_System.String[];34.7058;-0.0308;0.2273;-45.7113;3.0496;0.8435;1.1847;6.2687;-1.2371;2.9220;345.2252;252.9261;55.0540;1.0520;3.3212
0.0000;0.6599;False;False;-45.8572;3.3371;-0.0180;-0.0006;6.1918;-1.5033;359.9823;359.8675;266.2848;44.4030;359.9600;0.2588;3.2762;0.0026;0.0011;-0.3933;2.9386;-5.5162;193733;71.8186;Infinity;2674.22;-45.9147;3.7426;1.2822;1.1866;5.7987;-1.4329;352.4826;352.6084;266.3275;31.4620;359.9603;1.9226;LeftFalse_RightFalse;LeftTrue_RightFalse;HandLeft_(0.3, -0.8, -0.3)_(0.5, 0.5, -0.7, 0.2)_1.046027_System.String[];HandLeft_(-0.6, -0.3, -0.2)_(0.9, 0.0, -0.3, -0.4)_1.005502_System.String[];HandRight_(0.5, -0.7, -0.3)_(0.0, -0.6, -0.3, 0.7)_1.046027_System.String[];HandRight_(-0.5, -0.5, 0.0)_(0.4, 0.6, 0.4, -0.5)_1.005502_System.String[];34.7478;-0.0309;0.2293;-45.9443;3.1882;0.8439;1.1852;6.2521;-1.1131;2.8349;344.9905;252.7773;55.8398;1.1120;3.1997
0.0000;0.6668;False;False;-46.0863;3.4748;-0.0179;-0.0006;6.1753;-1.3810;359.9819;359.8662;266.1722;45.0921;359.9581;0.2675;3.3460;0.0024;0.0012;-0.4006;2.9308;-5.4677;193736;71.89799;Infinity;2674.27;-46.1437;3.8804;1.2824;1.1867;5.7821;-1.3158;352.4820;352.6089;266.2152;32.1444;359.9583;1.9316;LeftFalse_RightFalse;LeftTrue_RightFalse;HandLeft_(0.3, -0.8, -0.3)_(0.5, 0.5, -0.7, 0.2)_1.046027_System.String[];HandLeft_(-0.6, -0.3, -0.2)_(0.9, 0.0, -0.3, -0.4)_1.005502_System.String[];HandRight_(0.5, -0.7, -0.3)_(0.0, -0.6, -0.3, 0.7)_1.046027_System.String[];HandRight_(-0.5, -0.5, 0.0)_(0.4, 0.6, 0.4, -0.5)_1.005502_System.String[];34.7893;-0.0312;0.2307;-46.1740;3.3295;0.8443;1.1855;6.2353;-0.9898;2.7640;344.7955;252.6418;56.6830;1.1727;3.0618
0.0000;0.6746;False;False;-46.3133;3.6154;-0.0178;-0.0006;6.1585;-1.2591;359.9820;359.8648;266.0596;45.7956;359.9563;0.2761;3.4168;0.0025;0.0012;-0.4081;2.9219;-5.4196;193739;71.95088;Infinity;2674.31;-46.3706;4.0211;1.2825;1.1868;5.7652;-1.1992;352.4819;352.6095;266.1029;32.8420;359.9565;1.9404;LeftFalse_RightFalse;LeftTrue_RightFalse;HandLeft_(0.3, -0.8, -0.3)_(0.5, 0.5, -0.7, 0.2)_1.046027_System.String[];HandLeft_(-0.6, -0.3, -0.2)_(0.9, 0.0, -0.3, -0.4)_1.005502_System.String[];HandRight_(0.5, -0.7, -0.3)_(0.1, -0.6, -0.3, 0.7)_1.046027_System.String[];HandRight_(-0.5, -0.5, 0.0)_(0.4, 0.6, 0.4, -0.6)_1.005502_System.String[];34.8311;-0.0318;0.2319;-46.4017;3.4738;0.8446;1.1857;6.2182;-0.8671;2.6990;344.6685;252.5229;57.5691;1.2228;2.9383
0.0000;0.6834;False;False;-46.5396;3.7601;-0.0177;-0.0005;6.1412;-1.1368;359.9826;359.8635;265.9459;46.5173;359.9553;0.2844;3.4887;0.0025;0.0012;-0.4157;2.9117;-5.3719;193742;71.73508;Infinity;2674.35;-46.5963;4.1654;1.2826;1.1869;5.7478;-1.0827;352.4824;352.6101;265.9898;33.5562;359.9552;1.9489;LeftFalse_RightFalse;LeftTrue_RightFalse;HandLeft_(0.3, -0.8, -0.3)_(0.5, 0.5, -0.7, 0.2)_1.046027_System.String[];HandLeft_(-0.6, -0.3, -0.2)_(0.9, 0.0, -0.3, -0.4)_1.005502_System.String[];HandRight_(0.5, -0.7, -0.3)_(0.1, -0.6, -0.3, 0.7)_1.046027_System.String[];HandRight_(-0.5, -0.5, 0.0)_(0.4, 0.6, 0.4, -0.6)_1.005502_System.String[];34.8730;-0.0327;0.2336;-46.6282;3.6222;0.8449;1.1858;6.2007;-0.7442;2.6281;344.5740;252.4136;58.4836;1.2556;2.8167
0.0000;0.6941;False;False;-46.7651;3.9088;-0.0176;-0.0005;6.1235;-1.0144;359.9834;359.8621;265.8306;47.2564;359.9543;0.2927;3.5623;0.0023;0.0012;-0.4235;2.9000;-5.3245;193745;71.45452;Infinity;2674.39;-46.8213;4.3138;1.2827;1.1870;5.7300;-0.9659;352.4832;352.6106;265.8752;34.2885;359.9543;1.9574;LeftFalse_RightFalse;LeftTrue_RightFalse;HandLeft_(0.3, -0.8, -0.3)_(0.5, 0.5, -0.7, 0.2)_1.046027_System.String[];HandLeft_(-0.6, -0.3, -0.2)_(0.9, 0.0, -0.3, -0.4)_1.005502_System.String[];HandRight_(0.5, -0.7, -0.3)_(0.1, -0.6, -0.3, 0.7)_1.046027_System.String[];HandRight_(-0.5, -0.5, 0.0)_(0.4, 0.6, 0.4, -0.6)_1.005502_System.String[];34.9150;-0.0335;0.2353;-46.8542;3.7750;0.8451;1.1859;6.1828;-0.6210;2.5858;344.5190;252.3265;59.3966;1.2404;2.7046
0.0000;0.7051;False;False;-46.9880;4.0604;-0.0175;-0.0004;6.1055;-0.8927;359.9838;359.8607;265.7141;48.0084;359.9535;0.3013;3.6376;0.0021;0.0012;-0.4313;2.8866;-5.2776;193748;71.37149;Infinity;2674.43;-47.0442;4.4653;1.2828;1.1871;5.7119;-0.8499;352.4837;352.6111;265.7593;35.0344;359.9533;1.9660;LeftFalse_RightFalse;LeftTrue_RightFalse;HandLeft_(0.3, -0.8, -0.3)_(0.5, 0.5, -0.7, 0.2)_1.046027_System.String[];HandLeft_(-0.6, -0.3, -0.2)_(0.9, 0.0, -0.3, -0.4)_1.005502_System.String[];HandRight_(0.5, -0.7, -0.3)_(0.1, -0.6, -0.4, 0.7)_1.046027_System.String[];HandRight_(-0.5, -0.5, 0.0)_(0.4, 0.6, 0.4, -0.5)_1.005502_System.String[];34.9573;-0.0341;0.2377;-47.0779;3.9313;0.8452;1.1859;6.1646;-0.4987;2.5528;344.5036;252.2545;60.2789;1.1880;2.5944
0.0000;0.7152;False;False;-47.2082;4.2150;-0.0175;-0.0004;6.0872;-0.7721;359.9841;359.8592;265.5968;48.7732;359.9527;0.3101;3.7147;0.0020;0.0012;-0.4388;2.8713;-5.2310;193751;71.47299;Infinity;2674.48;-47.2651;4.6203;1.2829;1.1872;5.6934;-0.7345;352.4840;352.6115;265.6419;35.7963;359.9526;1.9750;LeftFalse_RightFalse;LeftTrue_RightFalse;HandLeft_(0.3, -0.8, -0.3)_(0.5, 0.5, -0.7, 0.1)_1.046027_System.String[];HandLeft_(-0.6, -0.3, -0.2)_(0.9, 0.0, -0.3, -0.4)_1.005502_System.String[];HandRight_(0.5, -0.7, -0.3)_(0.1, -0.6, -0.3, 0.7)_1.046027_System.String[];HandRight_(-0.5, -0.5, 0.0)_(0.4, 0.6, 0.4, -0.5)_1.005502_System.String[];34.9993;-0.0341;0.2402;-47.2997;4.0911;0.8453;1.1859;6.1460;-0.3768;2.5082;344.5151;252.1577;61.1247;1.1279;2.4837
0.0000;0.7243;False;False;-47.4250;4.3720;-0.0174;-0.0003;6.0688;-0.6529;359.9840;359.8576;265.4798;49.5490;359.9519;0.3194;3.7935;0.0020;0.0012;-0.4459;2.8538;-5.1849;193754;71.71532;Infinity;2674.52;-47.4816;4.7770;1.2830;1.1873;5.6748;-0.6212;352.4840;352.6121;265.5251;36.5654;359.9518;1.9843;LeftFalse_RightFalse;LeftTrue_RightFalse;HandLeft_(0.3, -0.8, -0.3)_(0.5, 0.5, -0.7, 0.1)_1.046027_System.String[];HandLeft_(-0.6, -0.3, -0.2)_(0.8, 0.0, -0.3, -0.4)_1.005502_System.String[];HandRight_(0.5, -0.7, -0.3)_(0.1, -0.6, -0.3, 0.7)_1.046027_System.String[];HandRight_(-0.5, -0.5, 0.0)_(0.4, 0.6, 0.4, -0.6)_1.005502_System.String[];35.0408;-0.0341;0.2429;-47.5168;4.2529;0.8454;1.1859;6.1273;-0.2569;2.4803;344.5393;252.0359;61.9297;1.0841;2.3817
0.0000;0.7320;False;False;-47.6409;4.5333;-0.0173;-0.0003;6.0499;-0.5340;359.9837;359.8560;265.3624;50.3460;359.9512;0.3293;3.8741;0.0020;0.0012;-0.4526;2.8339;-5.1392;193757;71.63268;Infinity;2674.56;-47.6966;4.9374;1.2831;1.1874;5.6558;-0.5086;352.4838;352.6127;265.4081;37.3527;359.9510;1.9942;LeftFalse_RightFalse;LeftTrue_RightFalse;HandLeft_(0.3, -0.8, -0.3)_(0.5, 0.5, -0.7, 0.2)_1.046027_System.String[];HandLeft_(-0.6, -0.3, -0.2)_(0.8, 0.0, -0.3, -0.4)_1.005502_System.String[];HandRight_(0.5, -0.7, -0.3)_(0.1, -0.6, -0.3, 0.7)_1.046027_System.String[];HandRight_(-0.5, -0.5, 0.0)_(0.4, 0.6, 0.4, -0.6)_1.005502_System.String[];35.0828;-0.0341;0.2453;-47.7324;4.4184;0.8455;1.1859;6.1083;-0.1379;2.4205;344.5502;251.8873;62.7304;1.0733;2.2735
0.0000;0.7387;False;False;-47.8551;4.6984;-0.0172;-0.0002;6.0307;-0.4158;359.9831;359.8528;265.2453;51.1627;359.9512;0.3357;3.9923;0.0022;-0.0487;-0.4622;2.8062;-5.0713;193760;71.55255;Infinity;2674.60;-47.9109;5.1023;1.2832;1.1875;5.6364;-0.3963;352.4833;352.6134;265.2908;38.1628;359.9507;2.0046;LeftFalse_RightFalse;LeftTrue_RightFalse;HandLeft_(0.3, -0.8, -0.3)_(0.5, 0.5, -0.7, 0.2)_1.046027_System.String[];HandLeft_(-0.6, -0.3, -0.2)_(0.8, 0.0, -0.3, -0.5)_1.005502_System.String[];HandRight_(0.5, -0.7, -0.3)_(0.1, -0.6, -0.3, 0.7)_1.046027_System.String[];HandRight_(-0.5, -0.5, 0.0)_(0.4, 0.6, 0.4, -0.6)_1.005502_System.String[];35.1248;-0.0339;0.2477;-47.9475;4.5888;0.8459;1.1858;6.0889;-0.0191;2.3223;344.5445;251.7195;63.5633;1.0824;2.1461
0.0000;0.7442;False;False;-48.0670;4.8664;-0.0171;-0.0035;6.0112;-0.2969;359.9825;359.7249;265.1294;52.0203;359.9514;0.0570;4.0832;0.0022;-0.1380;-0.4682;2.7667;-5.0265;193763;71.60299;Infinity;2674.64;-48.1233;5.2713;1.2833;1.1855;5.6167;-0.2878;352.4826;352.5067;265.1741;39.0239;359.9509;1.8649;LeftFalse_RightFalse;LeftTrue_RightFalse;HandLeft_(0.3, -0.8, -0.3)_(0.5, 0.5, -0.7, 0.2)_1.046027_System.String[];HandLeft_(-0.6, -0.3, -0.2)_(0.8, -0.1, -0.3, -0.5)_1.005502_System.String[];HandRight_(0.5, -0.7, -0.3)_(0.1, -0.6, -0.3, 0.7)_1.046027_System.String[];HandRight_(-0.5, -0.5, 0.0)_(0.4, 0.6, 0.4, -0.6)_1.005502_System.String[];35.1665;-0.0335;0.2493;-48.1606;4.7636;0.8462;1.1853;6.0691;0.0961;2.2142;344.4957;251.5673;64.4934;1.0702;1.8546
0.0000;0.7497;False;False;-48.2758;5.0372;-0.0170;-0.0103;5.9916;-0.1788;359.9824;359.4596;265.0155;52.9136;359.9513;359.5244;4.1775;0.0021;-0.2126;-0.4735;2.7191;-4.9823;193766;71.79465;Infinity;2674.68;-48.3319;5.4436;1.2833;1.1793;5.5970;-0.1868;352.4824;352.1909;265.0597;39.9550;359.9509;1.4660;LeftFalse_RightFalse;LeftTrue_RightFalse;HandLeft_(0.3, -0.8, -0.3)_(0.5, 0.5, -0.7, 0.2)_1.046027_System.String[];HandLeft_(-0.5, -0.3, -0.2)_(0.9, -0.1, -0.3, -0.4)_1.005502_System.String[];HandRight_(0.5, -0.7, -0.3)_(0.1, -0.6, -0.3, 0.7)_1.046027_System.String[];HandRight_(-0.5, -0.5, 0.0)_(0.4, 0.6, 0.4, -0.6)_1.005502_System.String[];35.2083;-0.0328;0.2501;-48.3697;4.9417;0.8464;1.1837;6.0494;0.2038;2.1185;344.3102;251.4524;65.5591;1.0269;1.2392
0.0000;0.7552;False;False;-48.4828;5.2123;-0.0169;-0.0198;5.9718;-0.0617;359.9828;359.0969;264.9038;53.8311;359.9518;358.8463;4.2809;0.0003;-0.2216;-0.4778;2.6518;-4.9384;193769;71.88393;Infinity;2674.73;-48.5386;5.6199;1.2834;1.1698;5.5770;-0.0916;352.4826;351.7156;264.9472;40.9410;359.9511;0.8952;LeftFalse_RightFalse;LeftTrue_RightFalse;HandLeft_(0.3, -0.8, -0.3)_(0.5, 0.5, -0.7, 0.2)_1.046027_System.String[];HandLeft_(-0.5, -0.3, -0.2)_(0.8, -0.1, -0.3, -0.5)_1.005502_System.String[];HandRight_(0.5, -0.7, -0.3)_(0.1, -0.6, -0.3, 0.7)_1.046027_System.String[];HandRight_(-0.5, -0.5, 0.0)_(0.4, 0.6, 0.4, -0.6)_1.005502_System.String[];35.2500;-0.0318;0.2503;-48.5770;5.1243;0.8466;1.1805;6.0293;0.3060;2.0548;344.0148;251.3422;66.7306;1.0032;0.3626
0.0000;0.7605;False;False;-48.6888;5.3926;-0.0169;-0.0282;5.9518;0.0534;359.9837;358.7768;264.7946;54.7314;359.9532;358.3456;4.3550;0.0011;-0.1805;-0.4814;2.6449;-4.8950;193772;71.77688;Infinity;2674.77;-48.7447;5.8002;1.2835;1.1602;5.5567;0.0030;352.4834;351.2538;264.8366;41.9141;359.9523;0.4018;LeftFalse_RightFalse;LeftTrue_RightFalse;HandLeft_(0.3, -0.8, -0.3)_(0.5, 0.5, -0.7, 0.2)_1.046027_System.String[];HandLeft_(-0.5, -0.3, -0.2)_(0.9, -0.1, -0.3, -0.4)_1.005502_System.String[];HandRight_(0.5, -0.7, -0.3)_(0.1, -0.6, -0.3, 0.7)_1.046027_System.String[];HandRight_(-0.5, -0.5, 0.0)_(0.5, 0.6, 0.4, -0.6)_1.005502_System.String[];35.2917;-0.0304;0.2503;-48.7837;5.3109;0.8467;1.1763;6.0090;0.4075;1.9816;343.6801;251.2294;67.8948;0.9932;359.5271
0.0000;0.7658;False;False;-48.8919;5.5762;-0.0169;-0.0349;5.9317;0.1653;359.9843;358.5256;264.6897;55.6150;359.9550;358.0022;4.4493;0.0014;-0.1431;-0.4845;2.6004;-4.8521;193775;71.88738;Infinity;2674.81;-48.9477;5.9820;1.2835;1.1528;5.5364;0.0990;352.4842;350.9033;264.7302;42.8412;359.9540;0.0789;LeftFalse_RightFalse;LeftTrue_RightFalse;HandLeft_(0.3, -0.8, -0.3)_(0.5, 0.5, -0.7, 0.1)_1.046027_System.String[];HandLeft_(-0.5, -0.3, -0.2)_(0.9, -0.1, -0.3, -0.4)_1.005502_System.String[];HandRight_(0.5, -0.7, -0.3)_(0.1, -0.6, -0.3, 0.7)_1.046027_System.String[];HandRight_(-0.5, -0.5, 0.0)_(0.5, 0.6, 0.4, -0.5)_1.005502_System.String[];35.3335;-0.0290;0.2503;-48.9874;5.4988;0.8468;1.1724;5.9886;0.5100;1.9071;343.3885;251.0996;68.9714;1.0058;358.9211
0.0000;0.7717;False;False;-49.0932;5.7639;-0.0168;-0.0401;5.9114;0.2748;359.9847;358.3313;264.5893;56.5013;359.9572;357.7534;4.5366;0.0016;-0.1115;-0.4871;2.5658;-4.8096;193778;71.94063;Infinity;2674.85;-49.1489;6.1673;1.2835;1.1471;5.5159;0.1949;352.4846;350.6366;264.6279;43.7546;359.9561;359.8524;LeftFalse_RightFalse;LeftTrue_RightFalse;HandLeft_(0.3, -0.8, -0.3)_(0.5, 0.5, -0.7, 0.1)_1.046027_System.String[];HandLeft_(-0.5, -0.3, -0.2)_(0.9, -0.1, -0.3, -0.4)_1.005502_System.String[];HandRight_(0.5, -0.7, -0.3)_(0.1, -0.6, -0.3, 0.7)_1.046027_System.String[];HandRight_(-0.5, -0.5, 0.0)_(0.5, 0.6, 0.4, -0.5)_1.005502_System.String[];35.3752;-0.0275;0.2503;-49.1893;5.6905;0.8472;1.1690;5.9681;0.6127;1.8565;343.1478;250.9850;70.0072;1.0199;358.4440
0.0000;0.7768;False;False;-49.2927;5.9553;-0.0167;-0.0440;5.8911;0.3824;359.9849;358.1831;264.4939;57.3960;359.9594;357.5670;4.6216;0.0018;-0.0853;-0.4891;2.5335;-4.7675;193781;71.96928;Infinity;2674.89;-49.3482;6.3562;1.2836;1.1427;5.4954;0.2905;352.4849;350.4337;264.5305;44.6675;359.9583;359.6853;LeftFalse_RightFalse;LeftTrue_RightFalse;HandLeft_(0.3, -0.8, -0.3)_(0.5, 0.5, -0.7, 0.1)_1.046027_System.String[];HandLeft_(-0.5, -0.3, -0.2)_(0.9, -0.1, -0.3, -0.4)_1.005502_System.String[];HandRight_(0.5, -0.7, -0.3)_(0.0, -0.6, -0.3, 0.7)_1.046027_System.String[];HandRight_(-0.5, -0.5, 0.0)_(0.5, 0.6, 0.4, -0.5)_1.005502_System.String[];35.4167;-0.0261;0.2503;-49.3894;5.8856;0.8475;1.1664;5.9475;0.7151;1.8175;342.9842;250.9116;71.0274;1.0351;358.0748
0.0000;0.7816;False;False;-49.4915;6.1515;-0.0166;-0.0470;5.8706;0.4888;359.9848;358.0712;264.4030;58.3070;359.9614;357.4245;4.7063;0.0019;-0.0641;-0.4910;2.5001;-4.7257;193784;71.7622;Infinity;2674.94;-49.5464;6.5493;1.2836;1.1394;5.4747;0.3859;352.4849;350.2804;264.4379;45.5885;359.9604;359.5584;LeftFalse_RightFalse;LeftTrue_RightFalse;HandLeft_(0.3, -0.8, -0.3)_(0.5, 0.5, -0.7, 0.1)_1.046027_System.String[];HandLeft_(-0.5, -0.3, -0.2)_(0.9, -0.1, -0.3, -0.4)_1.005502_System.String[];HandRight_(0.5, -0.7, -0.3)_(0.0, -0.6, -0.3, 0.7)_1.046027_System.String[];HandRight_(-0.5, -0.5, 0.0)_(0.5, 0.6, 0.4, -0.5)_1.005502_System.String[];35.4587;-0.0249;0.2503;-49.5882;6.0852;0.8478;1.1643;5.9268;0.8173;1.7877;342.8430;250.8776;72.0423;1.0419;357.7826
0.0000;0.7865;False;False;-49.6877;6.3508;-0.0166;-0.0492;5.8500;0.5931;359.9846;357.9888;264.3172;59.2263;359.9632;357.3165;4.7913;0.0020;-0.0472;-0.4924;2.4641;-4.6844;193787;71.81346;Infinity;2674.98;-49.7433;6.7464;1.2837;1.1369;5.4539;0.4806;352.4846;350.1661;264.3501;46.5192;359.9623;359.4613;LeftFalse_RightFalse;LeftTrue_RightFalse;HandLeft_(0.3, -0.8, -0.3)_(0.5, 0.5, -0.7, 0.1)_1.046027_System.String[];HandLeft_(-0.5, -0.3, -0.2)_(0.9, -0.1, -0.3, -0.4)_1.005502_System.String[];HandRight_(0.5, -0.7, -0.3)_(0.0, -0.6, -0.3, 0.7)_1.046027_System.String[];HandRight_(-0.5, -0.5, 0.0)_(0.5, 0.6, 0.4, -0.5)_1.005502_System.String[];35.5005;-0.0239;0.2503;-49.7857;6.2892;0.8480;1.1628;5.9059;0.9190;1.8000;342.7201;250.8411;73.0556;1.0337;357.5556
0.0000;0.7903;False;False;-49.8818;6.5535;-0.0165;-0.0392;5.8295;0.6895;359.9840;358.3816;264.2361;60.1555;359.9654;358.2401;4.8529;0.0021;0.6131;-0.4937;2.4750;-4.6434;193790;71.90105;Infinity;2675.02;-49.9372;6.9456;1.2838;1.1385;5.4331;0.5776;352.4843;350.2417;264.2674;47.4246;359.9643;359.6037;LeftFalse_RightFalse;LeftTrue_RightFalse;HandLeft_(0.3, -0.8, -0.3)_(0.5, 0.5, -0.7, 0.1)_1.046027_System.String[];HandLeft_(-0.5, -0.3, -0.2)_(0.9, -0.1, -0.3, -0.4)_1.005502_System.String[];HandRight_(0.5, -0.7, -0.3)_(0.0, -0.6, -0.3, 0.7)_1.046027_System.String[];HandRight_(-0.5, -0.5, 0.0)_(0.5, 0.6, 0.4, -0.5)_1.005502_System.String[];35.5422;-0.0233;0.2503;-49.9803;6.4956;0.8481;1.1629;5.8851;1.0230;1.8180;342.6859;250.7888;73.9791;1.0329;357.6700
0.0000;0.7942;False;False;-50.0743;6.7580;-0.0164;-0.0199;5.8089;0.7838;359.9834;359.1068;264.1589;61.1278;359.9673;359.6516;4.9461;0.0021;0.3402;-0.4954;2.4825;-4.5826;193793;71.89575;Infinity;2675.06;-50.1295;7.1455;1.2839;1.1637;5.4123;0.7017;352.4836;351.4410;264.1888;48.1776;359.9665;1.1634;LeftFalse_RightFalse;LeftTrue_RightFalse;HandLeft_(0.3, -0.8, -0.3)_(0.5, 0.5, -0.7, 0.1)_1.046027_System.String[];HandLeft_(-0.5, -0.3, -0.2)_(0.9, -0.1, -0.3, -0.4)_1.005502_System.String[];HandRight_(0.5, -0.7, -0.3)_(0.0, -0.6, -0.4, 0.7)_1.046027_System.String[];HandRight_(-0.5, -0.5, 0.0)_(0.5, 0.6, 0.4, -0.5)_1.005502_System.String[];35.5840;-0.0229;0.2502;-50.1732;6.7032;0.8483;1.1717;5.8643;1.1549;1.8033;343.0424;250.7213;74.4133;1.0310;359.6325
0.0000;0.7971;False;False;-50.2655;6.9655;-0.0163;-0.0072;5.7881;0.8820;359.9834;359.5604;264.0845;62.1423;359.9688;0.3459;5.0354;0.0020;0.2178;-0.4966;2.4313;-4.5425;193796;71.77914;Infinity;2675.10;-50.3202;7.3515;1.2839;1.1789;5.3915;0.8123;352.4834;352.1570;264.1134;49.0826;359.9681;1.9223;LeftFalse_RightFalse;LeftTrue_RightFalse;HandLeft_(0.3, -0.8, -0.3)_(0.5, 0.5, -0.7, 0.1)_1.046027_System.String[];HandLeft_(-0.5, -0.3, -0.2)_(0.8, -0.1, -0.3, -0.4)_1.005502_System.String[];HandRight_(0.5, -0.7, -0.3)_(0.0, -0.6, -0.3, 0.7)_1.046027_System.String[];HandRight_(-0.5, -0.5, 0.0)_(0.5, 0.6, 0.4, -0.5)_1.005502_System.String[];35.6257;-0.0229;0.2501;-50.3645;6.9172;0.8484;1.1788;5.8434;1.2731;1.7765;343.3349;250.6596;75.1191;1.0284;0.6544
0.0000;0.7999;False;False;-50.4558;7.1778;-0.0162;0.0007;5.7673;0.9805;359.9836;359.8351;264.0120;63.1901;359.9700;0.6798;5.1305;0.0020;0.1312;-0.4978;2.3543;-4.5027;193799;71.59184;Infinity;2675.14;-50.5109;7.5639;1.2840;1.1879;5.3704;0.9141;352.4835;352.5749;264.0400;50.0791;359.9694;2.2782;LeftFalse_RightFalse;LeftTrue_RightFalse;HandLeft_(0.3, -0.8, -0.3)_(0.5, 0.5, -0.7, 0.1)_1.046027_System.String[];HandLeft_(-0.5, -0.3, -0.2)_(0.8, -0.1, -0.3, -0.5)_1.005502_System.String[];HandRight_(0.5, -0.7, -0.3)_(0.0, -0.6, -0.3, 0.7)_1.046027_System.String[];HandRight_(-0.5, -0.5, 0.0)_(0.5, 0.6, 0.4, -0.5)_1.005502_System.String[];35.6677;-0.0229;0.2498;-50.5557;7.1379;0.8485;1.1841;5.8223;1.3825;1.7470;343.5519;250.6192;75.9857;1.0037;1.1726
0.0000;0.8022;False;False;-50.6437;7.3936;-0.0161;0.0052;5.7464;1.0764;359.9842;359.9890;263.9413;64.2450;359.9713;0.8282;5.2293;0.0020;0.0716;-0.4989;2.2642;-4.4633;193802;71.64117;Infinity;2675.19;-50.6994;7.7799;1.2841;1.1929;5.3494;1.0082;352.4840;352.8044;263.9684;51.1160;359.9706;2.4318;LeftFalse_RightFalse;LeftTrue_RightFalse;HandLeft_(0.3, -0.8, -0.3)_(0.5, 0.5, -0.7, 0.1)_1.046027_System.String[];HandLeft_(-0.5, -0.3, -0.2)_(0.9, -0.1, -0.3, -0.4)_1.005502_System.String[];HandRight_(0.5, -0.7, -0.3)_(0.0, -0.6, -0.3, 0.7)_1.046027_System.String[];HandRight_(-0.5, -0.5, 0.0)_(0.5, 0.6, 0.4, -0.5)_1.005502_System.String[];35.7097;-0.0229;0.2495;-50.7448;7.3625;0.8486;1.1875;5.8012;1.4842;1.7025;343.7003;250.6005;76.9440;0.9671;1.4361
0.0000;0.8039;False;False;-50.8290;7.6129;-0.0160;0.0074;5.7256;1.1686;359.9850;0.0645;263.8722;65.2929;359.9725;0.8828;5.3277;0.0019;0.0319;-0.4999;2.1710;-4.4242;193805;71.80415;Infinity;2675.23;-50.8848;7.9980;1.2842;1.1955;5.3284;1.0955;352.4848;352.9178;263.8988;52.1582;359.9719;2.4883;LeftFalse_RightFalse;LeftTrue_RightFalse;HandLeft_(0.3, -0.8, -0.3)_(0.5, 0.5, -0.7, 0.1)_1.046027_System.String[];HandLeft_(-0.5, -0.3, -0.2)_(0.9, -0.1, -0.3, -0.4)_1.005502_System.String[];HandRight_(0.5, -0.7, -0.3)_(0.0, -0.6, -0.4, 0.7)_1.046027_System.String[];HandRight_(-0.5, -0.5, 0.0)_(0.5, 0.6, 0.4, -0.5)_1.005502_System.String[];35.7512;-0.0229;0.2485;-50.9307;7.5896;0.8487;1.1895;5.7802;1.5791;1.6548;343.7955;250.5869;77.9468;0.9344;1.5538
0.0000;0.8052;False;False;-51.0129;7.8369;-0.0160;0.0082;5.7047;1.2572;359.9855;0.0906;263.8040;66.3353;359.9736;0.8898;5.4235;0.0017;0.0065;-0.5009;2.0794;-4.3855;193808;71.86238;Infinity;2675.27;-51.0688;8.2203;1.2842;1.1965;5.3074;1.1778;352.4854;352.9615;263.8301;53.2020;359.9731;2.4988;LeftFalse_RightFalse;LeftTrue_RightFalse;HandLeft_(0.3, -0.8, -0.3)_(0.5, 0.5, -0.7, 0.1)_1.046027_System.String[];HandLeft_(-0.5, -0.3, -0.2)_(0.9, -0.1, -0.3, -0.4)_1.005502_System.String[];HandRight_(0.5, -0.7, -0.3)_(0.0, -0.6, -0.4, 0.7)_1.046027_System.String[];HandRight_(-0.5, -0.5, 0.0)_(0.5, 0.6, 0.4, -0.5)_1.005502_System.String[];35.7930;-0.0228;0.2470;-51.1153;7.8209;0.8488;1.1905;5.7591;1.6689;1.6280;343.8578;250.5737;78.9689;0.9000;1.6193
0.0000;0.8061;False;False;-51.1952;8.0650;-0.0159;0.0080;5.6838;1.3423;359.9859;0.0922;263.7365;67.3707;359.9747;0.8610;5.5165;0.0016;-0.0140;-0.5016;1.9913;-4.3471;193811;71.85025;Infinity;2675.31;-51.2508;8.4460;1.2843;1.1965;5.2864;1.2554;352.4858;352.9646;263.7624;54.2403;359.9741;2.4811;LeftFalse_RightFalse;LeftTrue_RightFalse;HandLeft_(0.3, -0.8, -0.3)_(0.5, 0.5, -0.7, 0.1)_1.046027_System.String[];HandLeft_(-0.5, -0.3, -0.2)_(0.8, -0.1, -0.3, -0.4)_1.005502_System.String[];HandRight_(0.5, -0.7, -0.3)_(0.0, -0.6, -0.3, 0.7)_1.046027_System.String[];HandRight_(-0.5, -0.5, 0.0)_(0.5, 0.6, 0.4, -0.5)_1.005502_System.String[];35.8347;-0.0227;0.2443;-51.2978;8.0554;0.8488;1.1907;5.7380;1.7541;1.5988;343.9208;250.5629;79.9944;0.8702;1.6589
0.0000;0.8068;False;False;-51.3772;8.2991;-0.0158;0.0072;5.6627;1.4245;359.9861;0.0841;263.6695;68.4069;359.9755;0.8078;5.6073;0.0015;-0.0250;-0.5023;1.9062;-4.3091;193814;71.5561;Infinity;2675.35;-51.4324;8.6771;1.2844;1.1957;5.2651;1.3293;352.4860;352.9487;263.6951;55.2815;359.9750;2.4358;LeftFalse_RightFalse;LeftTrue_RightFalse;HandLeft_(0.3, -0.8, -0.3)_(0.5, 0.5, -0.7, 0.1)_1.046027_System.String[];HandLeft_(-0.5, -0.3, -0.2)_(0.8, -0.1, -0.3, -0.4)_1.005502_System.String[];HandRight_(0.5, -0.7, -0.3)_(0.0, -0.6, -0.3, 0.7)_1.046027_System.String[];HandRight_(-0.5, -0.5, 0.0)_(0.4, 0.6, 0.4, -0.5)_1.005502_System.String[];35.8770;-0.0226;0.2416;-51.4800;8.2957;0.8489;1.1904;5.7168;1.8353;1.5595;344.0171;250.5461;81.0053;0.8500;1.6712
0.0000;0.8073;False;False;-51.5566;8.5357;-0.0158;0.0060;5.6417;1.5025;359.9860;0.0721;263.6036;69.4309;359.9761;0.7450;5.6953;0.0015;-0.0304;-0.5027;1.8231;-4.2714;193817;71.64168;Infinity;2675.40;-51.6127;8.9125;1.2844;1.1944;5.2439;1.3995;352.4861;352.9242;263.6285;56.3193;359.9757;2.3784;LeftFalse_RightFalse;LeftTrue_RightFalse;HandLeft_(0.3, -0.8, -0.3)_(0.5, 0.5, -0.7, 0.1)_1.046027_System.String[];HandLeft_(-0.6, -0.3, -0.2)_(0.8, -0.1, -0.3, -0.4)_1.005502_System.String[];HandRight_(0.5, -0.7, -0.3)_(0.0, -0.6, -0.3, 0.7)_1.046027_System.String[];HandRight_(-0.5, -0.5, 0.0)_(0.4, 0.6, 0.4, -0.5)_1.005502_System.String[];35.9187;-0.0226;0.2391;-51.6608;8.5406;0.8490;1.1898;5.6958;1.9126;1.4282;344.1275;250.6145;82.0027;0.8286;1.6539
0.0000;0.8076;False;False;-51.7346;8.7766;-0.0157;0.0045;5.6206;1.5771;359.9858;0.0682;263.5385;70.4515;359.9765;0.6955;5.7809;0.0015;-0.0384;-0.5031;1.7435;-4.2340;193820;71.59666;Infinity;2675.44;-51.7903;9.1503;1.2845;1.1928;5.2227;1.4658;352.4859;352.9039;263.5633;57.3455;359.9762;2.3248;LeftFalse_RightFalse;LeftTrue_RightFalse;HandLeft_(0.3, -0.8, -0.3)_(0.5, 0.5, -0.7, 0.1)_1.046027_System.String[];HandLeft_(-0.6, -0.3, -0.2)_(0.8, 0.0, -0.3, -0.4)_1.005502_System.String[];HandRight_(0.5, -0.7, -0.3)_(0.0, -0.6, -0.3, 0.7)_1.046027_System.String[];HandRight_(-0.5, -0.5, 0.0)_(0.4, 0.6, 0.4, -0.5)_1.005502_System.String[];35.9607;-0.0225;0.2363;-51.8390;8.7876;0.8498;1.1888;5.6754;1.9858;1.0908;344.2442;251.0103;82.9777;0.8215;1.6545
-0.0198;0.8068;False;False;-51.9114;9.0217;-0.0156;0.0028;5.5995;1.6482;359.9856;0.0737;263.4741;71.4711;359.9772;0.6589;5.8649;0.0016;-0.0412;-0.5033;1.6648;-4.1955;193823;71.50598;Infinity;2675.48;-51.9672;9.3929;1.2845;1.1909;5.2014;1.5292;352.4857;352.8977;263.4985;58.3709;359.9767;2.2848;LeftFalse_RightFalse;LeftTrue_RightFalse;HandLeft_(0.3, -0.8, -0.3)_(0.5, 0.5, -0.7, 0.1)_1.046027_System.String[];HandLeft_(-0.6, -0.3, -0.2)_(0.8, 0.0, -0.3, -0.4)_1.005502_System.String[];HandRight_(0.5, -0.7, -0.3)_(0.0, -0.6, -0.3, 0.7)_1.046027_System.String[];HandRight_(-0.5, -0.5, 0.0)_(0.4, 0.6, 0.4, -0.6)_1.005502_System.String[];36.0027;-0.0225;0.2321;-52.0164;9.0395;0.8503;1.1874;5.6553;2.0560;0.7542;344.3823;251.7751;83.9231;0.8524;1.6987
-0.0317;0.8062;False;False;-52.0864;9.2706;-0.0156;0.0010;5.5783;1.7159;359.9859;0.0867;263.4103;72.4863;359.9779;0.6305;5.9871;0.0016;-0.0410;-0.5022;1.5484;-4.1294;193826;71.44595;Infinity;2675.52;-52.1423;9.6393;1.2846;1.1890;5.1802;1.5894;352.4857;352.9014;263.4344;59.3920;359.9774;2.2522;LeftFalse_RightFalse;LeftTrue_RightFalse;HandLeft_(0.3, -0.8, -0.3)_(0.5, 0.5, -0.7, 0.1)_1.046027_System.String[];HandLeft_(-0.6, -0.3, -0.2)_(0.9, 0.0, -0.3, -0.4)_1.005502_System.String[];HandRight_(0.5, -0.7, -0.3)_(0.0, -0.6, -0.3, 0.7)_1.046027_System.String[];HandRight_(-0.5, -0.5, 0.0)_(0.4, 0.6, 0.4, -0.6)_1.005502_System.String[];36.0447;-0.0225;0.2266;-52.1921;9.2953;0.8512;1.1854;5.6354;2.1229;0.4403;344.5332;252.7443;84.7898;0.8788;1.7729
-0.0357;0.8058;False;False;-52.2594;9.5231;-0.0155;-0.0007;5.5572;1.7801;359.9873;0.1060;263.3474;73.4943;359.9783;0.6079;6.0661;0.0015;-0.0394;-0.5010;1.4722;-4.0824;193829;71.41321;Infinity;2675.56;-52.3156;9.8892;1.2847;1.1870;5.1589;1.6465;352.4868;352.9130;263.3712;60.4066;359.9780;2.2245;LeftFalse_RightFalse;LeftTrue_RightFalse;HandLeft_(0.3, -0.8, -0.3)_(0.5, 0.5, -0.7, 0.1)_1.046027_System.String[];HandLeft_(-0.6, -0.3, -0.2)_(0.9, 0.0, -0.3, -0.4)_1.005502_System.String[];HandRight_(0.5, -0.7, -0.3)_(0.0, -0.6, -0.3, 0.7)_1.046027_System.String[];HandRight_(-0.5, -0.5, 0.0)_(0.4, 0.6, 0.4, -0.6)_1.005502_System.String[];36.0867;-0.0225;0.2203;-52.3660;9.5549;0.8517;1.1836;5.6157;2.1866;0.1427;344.6385;253.8112;85.6267;0.8676;1.8025
-0.0476;0.8055;False;False;-52.4302;9.7790;-0.0154;-0.0022;5.5362;1.8409;359.9897;0.1237;263.2852;74.4914;359.9786;0.5919;6.1432;0.0015;-0.0289;-0.4993;1.3957;-4.0327;193832;71.39387;Infinity;2675.61;-52.4868;10.1424;1.2847;1.1852;5.1377;1.7003;352.4888;352.9284;263.3087;61.4101;359.9783;2.2017;LeftFalse_RightFalse;LeftTrue_RightFalse;HandLeft_(0.3, -0.8, -0.3)_(0.5, 0.5, -0.7, 0.1)_1.046027_System.String[];HandLeft_(-0.6, -0.3, -0.2)_(0.9, 0.0, -0.4, -0.4)_1.005502_System.String[];HandRight_(0.5, -0.7, -0.3)_(0.0, -0.6, -0.3, 0.7)_1.046027_System.String[];HandRight_(-0.5, -0.5, 0.0)_(0.4, 0.6, 0.4, -0.5)_1.005502_System.String[];36.1287;-0.0225;0.2142;-52.5378;9.8176;0.8521;1.1819;5.5962;2.2465;359.8777;344.7210;254.8961;86.4492;0.8439;1.8119
-0.0556;0.8053;False;False;-52.5988;10.0383;-0.0154;-0.0033;5.5153;1.8984;359.9929;0.1331;263.2239;75.4749;359.9790;0.5787;6.2181;0.0016;-0.0212;-0.4972;1.3195;-3.9807;193835;71.37954;Infinity;2675.65;-52.6557;10.3985;1.2848;1.1839;5.1166;1.7509;352.4917;352.9366;263.2471;62.3999;359.9787;2.1855;LeftFalse_RightFalse;LeftTrue_RightFalse;HandLeft_(0.3, -0.8, -0.3)_(0.5, 0.5, -0.7, 0.1)_1.046027_System.String[];HandLeft_(-0.6, -0.3, -0.2)_(0.9, 0.0, -0.4, -0.3)_1.005502_System.String[];HandRight_(0.5, -0.7, -0.3)_(0.0, -0.6, -0.3, 0.7)_1.046027_System.String[];HandRight_(-0.5, -0.5, 0.0)_(0.4, 0.6, 0.5, -0.5)_1.005502_System.String[];36.1707;-0.0225;0.2085;-52.7074;10.0834;0.8524;1.1807;5.5769;2.3029;359.6536;344.7697;255.9934;87.2797;0.8360;1.8028
-0.0595;0.8051;False;False;-52.7649;10.3007;-0.0153;-0.0040;5.4944;1.9523;-0.0033;0.1361;263.1635;76.4428;359.9796;0.5731;6.2912;0.0016;-0.0152;-0.4947;1.2423;-3.9272;193838;71.41669;Infinity;2675.69;-52.8224;10.6579;1.2848;1.1829;5.0956;1.7984;352.4954;352.9396;263.1863;63.3747;359.9792;2.1764;LeftFalse_RightFalse;LeftTrue_RightFalse;HandLeft_(0.3, -0.8, -0.3)_(0.5, 0.5, -0.7, 0.1)_1.046027_System.String[];HandLeft_(-0.6, -0.3, -0.2)_(0.9, 0.1, -0.4, -0.3)_1.005502_System.String[];HandRight_(0.5, -0.7, -0.3)_(0.0, -0.6, -0.3, 0.7)_1.046027_System.String[];HandRight_(-0.5, -0.5, 0.0)_(0.3, 0.7, 0.4, -0.5)_1.005502_System.String[];36.2126;-0.0225;0.2033;-52.8747;10.3522;0.8528;1.1798;5.5576;2.3558;359.4903;344.8093;256.9772;88.1088;0.8467;1.7994
-0.0754;0.8050;False;False;-52.9293;10.5673;-0.0152;-0.0046;5.4736;2.0031;0.0008;0.1347;263.1038;77.3997;359.9803;0.5698;6.3629;0.0015;-0.0087;-0.4919;1.1643;-3.8717;193841;71.29547;Infinity;2675.73;-52.9870;10.9208;1.2849;1.1823;5.0747;1.8428;352.4995;352.9396;263.1262;64.3359;359.9799;2.1739;LeftFalse_RightFalse;LeftTrue_RightFalse;HandLeft_(0.3, -0.8, -0.3)_(0.5, 0.5, -0.7, 0.1)_1.046027_System.String[];HandLeft_(-0.6, -0.2, -0.2)_(0.9, 0.1, -0.4, -0.3)_1.005502_System.String[];HandRight_(0.5, -0.7, -0.3)_(0.0, -0.6, -0.4, 0.7)_1.046027_System.String[];HandRight_(-0.5, -0.5, 0.0)_(0.3, 0.7, 0.4, -0.5)_1.005502_System.String[];36.2549;-0.0225;0.1985;-53.0399;10.6245;0.8533;1.1792;5.5383;2.4053;359.3141;344.8317;257.9229;88.9298;0.8534;1.7734
-0.0873;0.8049;False;False;-53.0894;10.8343;-0.0152;-0.0049;5.4532;2.0500;0.0050;0.1259;263.0455;78.3321;359.9810;0.5564;6.4331;0.0014;-0.0082;-0.4883;1.0860;-3.8122;193844;71.60803;Infinity;2675.77;-53.1483;11.1852;1.2849;1.1820;5.0539;1.8835;352.5036;352.9324;263.0673;65.2776;359.9806;2.1675;LeftFalse_RightFalse;LeftTrue_RightFalse;HandLeft_(0.3, -0.8, -0.3)_(0.5, 0.5, -0.7, 0.1)_1.046027_System.String[];HandLeft_(-0.6, -0.2, -0.2)_(0.9, 0.1, -0.4, -0.3)_1.005502_System.String[];HandRight_(0.5, -0.7, -0.3)_(0.0, -0.6, -0.4, 0.7)_1.046027_System.String[];HandRight_(-0.5, -0.5, 0.0)_(0.3, 0.7, 0.4, -0.5)_1.005502_System.String[];36.2966;-0.0225;0.1937;-53.2018;10.8983;0.8535;1.1789;5.5191;2.4509;359.1443;344.8492;258.7408;89.7430;0.8485;1.7019
-0.1071;0.8048;False;False;-53.2467;11.1041;-0.0151;-0.0052;5.4330;2.0935;0.0095;0.1071;262.9883;79.2493;359.9818;0.5253;6.5024;0.0013;-0.0093;-0.4843;1.0053;-3.7503;193847;71.79751;Infinity;2675.81;-53.3062;11.4512;1.2850;1.1816;5.0335;1.9205;352.5080;352.9106;263.0097;66.2023;359.9813;2.1444;LeftFalse_RightFalse;LeftTrue_RightFalse;HandLeft_(0.3, -0.8, -0.3)_(0.5, 0.5, -0.7, 0.1)_1.046027_System.String[];HandLeft_(-0.6, -0.2, -0.2)_(0.9, 0.1, -0.4, -0.3)_1.005502_System.String[];HandRight_(0.5, -0.7, -0.3)_(0.0, -0.6, -0.4, 0.7)_1.046027_System.String[];HandRight_(-0.5, -0.5, 0.0)_(0.3, 0.7, 0.4, -0.5)_1.005502_System.String[];36.3384;-0.0225;0.1883;-53.3603;11.1735;0.8540;1.1788;5.4999;2.4925;359.0222;344.8750;259.4016;90.5386;0.8558;1.5895
-0.1151;0.8048;False;False;-53.4018;11.3780;-0.0151;-0.0059;5.4129;2.1336;0.0143;0.0749;262.9319;80.1565;359.9823;0.5031;6.5709;0.0013;-0.0168;-0.4793;0.9266;-3.6829;193850;71.77352;Infinity;2675.86;-53.4619;11.7211;1.2850;1.1812;5.0132;1.9541;352.5126;352.8780;262.9529;67.1164;359.9820;2.1229;LeftFalse_RightFalse;LeftTrue_RightFalse;HandLeft_(0.3, -0.8, -0.3)_(0.5, 0.5, -0.7, 0.1)_1.046027_System.String[];HandLeft_(-0.6, -0.2, -0.2)_(0.9, 0.1, -0.4, -0.3)_1.005502_System.String[];HandRight_(0.5, -0.7, -0.3)_(0.0, -0.6, -0.4, 0.7)_1.046027_System.String[];HandRight_(-0.5, -0.5, -0.1)_(0.3, 0.7, 0.4, -0.5)_1.005502_System.String[];36.3801;-0.0225;0.1820;-53.5165;11.4523;0.8545;1.1785;5.4808;2.5309;358.8684;344.8791;259.9681;91.3177;0.8440;1.4580
-0.1270;0.8048;False;False;-53.5532;11.6537;-0.0150;-0.0067;5.3930;2.1702;0.0194;0.0327;262.8768;81.0432;359.9828;0.4903;6.6381;0.0013;-0.0216;-0.4738;0.8485;-3.6126;193853;71.89398;Infinity;2675.90;-53.6141;11.9926;1.2850;1.1806;4.9932;1.9846;352.5177;352.8358;262.8973;68.0101;359.9825;2.1167;LeftFalse_RightFalse;LeftTrue_RightFalse;HandLeft_(0.3, -0.8, -0.3)_(0.5, 0.5, -0.7, 0.1)_1.046027_System.String[];HandLeft_(-0.6, -0.2, -0.2)_(0.9, 0.2, -0.4, -0.2)_1.005502_System.String[];HandRight_(0.5, -0.7, -0.3)_(0.0, -0.6, -0.4, 0.7)_1.046027_System.String[];HandRight_(-0.5, -0.5, -0.1)_(0.3, 0.7, 0.4, -0.5)_1.005502_System.String[];36.4216;-0.0225;0.1750;-53.6691;11.7327;0.8548;1.1780;5.4616;2.5657;358.7363;344.8696;260.4682;92.0707;0.8208;1.3836
-0.1429;0.8029;False;False;-53.7015;11.9325;-0.0150;-0.0077;5.3735;2.2033;0.0249;359.9859;262.8228;81.9087;359.9833;0.4811;6.7042;0.0013;-0.0256;-0.4675;0.7718;-3.5379;193856;71.94406;Infinity;2675.94;-53.7631;12.2668;1.2851;1.1800;4.9734;2.0120;352.5230;352.7892;262.8430;68.8827;359.9830;2.1173;LeftFalse_RightFalse;LeftTrue_RightFalse;HandLeft_(0.3, -0.8, -0.3)_(0.5, 0.5, -0.7, 0.1)_1.046027_System.String[];HandLeft_(-0.6, -0.2, -0.2)_(0.8, 0.2, -0.4, -0.2)_1.005502_System.String[];HandRight_(0.5, -0.7, -0.3)_(0.0, -0.6, -0.4, 0.7)_1.046027_System.String[];HandRight_(-0.5, -0.5, -0.1)_(0.2, 0.7, 0.5, -0.5)_1.005502_System.String[];36.4634;-0.0225;0.1665;-53.8187;12.0157;0.8550;1.1773;5.4427;2.5973;358.6437;344.8647;260.8531;92.7891;0.7807;1.3493
-0.1548;0.8002;False;False;-53.8470;12.2153;-0.0149;-0.0089;5.3542;2.2333;0.0307;359.9367;262.7699;82.7507;359.9838;0.4730;6.8008;0.0014;-0.0283;-0.4570;0.6598;-3.4204;193859;71.83633;Infinity;2675.98;-53.9095;12.5449;1.2851;1.1791;4.9538;2.0364;352.5288;352.7399;262.7896;69.7335;359.9835;2.1199;LeftFalse_RightFalse;LeftTrue_RightFalse;HandLeft_(0.3, -0.8, -0.3)_(0.5, 0.5, -0.7, 0.1)_1.046027_System.String[];HandLeft_(-0.6, -0.2, -0.2)_(0.8, 0.2, -0.5, -0.2)_1.005502_System.String[];HandRight_(0.5, -0.7, -0.3)_(0.0, -0.6, -0.4, 0.7)_1.046027_System.String[];HandRight_(-0.5, -0.5, -0.1)_(0.2, 0.7, 0.5, -0.5)_1.005502_System.String[];36.5051;-0.0225;0.1572;-53.9655;12.3023;0.8552;1.1764;5.4238;2.6260;358.5572;344.8751;261.1551;93.4599;0.7035;1.3560
-0.1667;0.7957;False;False;-53.9884;12.4997;-0.0148;-0.0100;5.3352;2.2600;0.0366;359.8882;262.7185;83.5599;359.9846;0.4608;6.8626;0.0014;-0.0215;-0.4491;0.5863;-3.3381;193862;71.92025;Infinity;2676.02;-54.0518;12.8247;1.2851;1.1783;4.9347;2.0577;352.5346;352.6895;262.7376;70.5532;359.9842;2.1222;LeftFalse_RightFalse;LeftTrue_RightFalse;HandLeft_(0.3, -0.8, -0.3)_(0.5, 0.5, -0.7, 0.1)_1.046027_System.String[];HandLeft_(-0.6, -0.2, -0.2)_(0.8, 0.3, -0.5, -0.2)_1.005502_System.String[];HandRight_(0.5, -0.7, -0.3)_(0.0, -0.6, -0.4, 0.7)_1.046027_System.String[];HandRight_(-0.5, -0.5, -0.1)_(0.2, 0.7, 0.5, -0.5)_1.005502_System.String[];36.5469;-0.0225;0.1473;-54.1083;12.5904;0.8553;1.1752;5.4052;2.6514;358.5089;344.8958;261.3862;94.0528;0.6045;1.3892
-0.1746;0.7837;False;False;-54.1267;12.7879;-0.0148;-0.0108;5.3166;2.2836;0.0426;359.8491;262.6682;84.3362;359.9853;0.4458;6.9220;0.0014;-0.0160;-0.4407;0.5175;-3.2530;193865;71.7981;Infinity;2676.07;-54.1908;13.1075;1.2852;1.1776;4.9158;2.0762;352.5406;352.6448;262.6869;71.3405;359.9849;2.1159;LeftFalse_RightFalse;LeftTrue_RightFalse;HandLeft_(0.3, -0.8, -0.3)_(0.5, 0.5, -0.7, 0.1)_1.046027_System.String[];HandLeft_(-0.6, -0.3, -0.2)_(0.8, 0.3, -0.5, -0.2)_1.005502_System.String[];HandRight_(0.5, -0.7, -0.3)_(0.0, -0.6, -0.4, 0.7)_1.046027_System.String[];HandRight_(-0.5, -0.5, -0.1)_(0.2, 0.7, 0.5, -0.5)_1.005502_System.String[];36.5886;-0.0225;0.1367;-54.2477;12.8813;0.8554;1.1743;5.3869;2.6734;358.5098;344.9410;261.5449;94.5564;0.5216;1.4209
-0.1865;0.7579;False;False;-54.2618;13.0796;-0.0147;-0.0113;5.2982;2.3043;0.0489;359.8191;262.6190;85.0751;359.9861;0.4342;6.9778;0.0013;-0.0100;-0.4318;0.4533;-3.1663;193868;71.62586;Infinity;2676.11;-54.3270;13.3952;1.2852;1.1771;4.8972;2.0921;352.5468;352.6093;262.6371;72.0946;359.9857;2.1100;LeftFalse_RightFalse;LeftTrue_RightFalse;HandLeft_(0.3, -0.8, -0.3)_(0.5, 0.5, -0.7, 0.1)_1.046027_System.String[];HandLeft_(-0.6, -0.3, -0.2)_(0.8, 0.3, -0.5, -0.2)_1.005502_System.String[];HandRight_(0.5, -0.7, -0.3)_(0.0, -0.6, -0.4, 0.7)_1.046027_System.String[];HandRight_(-0.5, -0.5, -0.1)_(0.2, 0.7, 0.5, -0.5)_1.005502_System.String[];36.6306;-0.0225;0.1249;-54.3843;13.1766;0.8554;1.1737;5.3686;2.6929;358.5319;344.9680;261.6225;94.9497;0.4686;1.4771
-0.1984;0.7197;False;False;-54.3931;13.3737;-0.0147;-0.0116;5.2803;2.3222;0.0553;359.8008;262.5713;85.7708;359.9867;0.4212;7.0290;0.0013;-0.0028;-0.4224;0.3923;-3.0769;193871;71.52905;Infinity;2676.15;-54.4594;13.6855;1.2853;1.1769;4.8790;2.1056;352.5532;352.5850;262.5888;72.8062;359.9864;2.1044;LeftFalse_RightFalse;LeftTrue_RightFalse;HandLeft_(0.3, -0.8, -0.3)_(0.5, 0.5, -0.7, 0.1)_1.046027_System.String[];HandLeft_(-0.6, -0.3, -0.2)_(0.8, 0.4, -0.5, -0.2)_1.005502_System.String[];HandRight_(0.5, -0.7, -0.3)_(0.0, -0.6, -0.4, 0.7)_1.046027_System.String[];HandRight_(-0.5, -0.5, -0.1)_(0.2, 0.7, 0.5, -0.5)_1.005502_System.String[];36.6726;-0.0225;0.1122;-54.5171;13.4740;0.8555;1.1733;5.3506;2.7095;358.5334;344.9544;261.6338;95.2514;0.4049;1.5272
-0.2063;0.6739;False;False;-54.5197;13.6683;-0.0146;-0.0117;5.2629;2.3375;0.0617;359.7930;262.5252;86.4147;359.9873;0.4042;7.0737;0.0013;0.0004;-0.4123;0.3376;-2.9845;193874;71.6911;Infinity;2676.19;-54.5875;13.9775;1.2853;1.1768;4.8612;2.1167;352.5596;352.5706;262.5421;73.4706;359.9870;2.0907;LeftFalse_RightFalse;LeftTrue_RightFalse;HandLeft_(0.3, -0.8, -0.3)_(0.5, 0.5, -0.7, 0.1)_1.046027_System.String[];HandLeft_(-0.6, -0.3, -0.2)_(0.8, 0.4, -0.5, -0.2)_1.005502_System.String[];HandRight_(0.5, -0.7, -0.3)_(0.0, -0.6, -0.4, 0.7)_1.046027_System.String[];HandRight_(-0.5, -0.5, -0.1)_(0.2, 0.7, 0.5, -0.5)_1.005502_System.String[];36.7146;-0.0225;0.0993;-54.6456;13.7725;0.8555;1.1732;5.3330;2.7236;358.5104;344.9129;261.5967;95.4595;0.3590;1.5529
-0.2143;0.6261;False;False;-54.6422;13.9645;-0.0146;-0.0116;5.2459;2.3506;0.0682;359.7928;262.4807;87.0058;359.9881;0.3848;7.1111;0.0013;0.0018;-0.4016;0.2884;-2.8897;193877;71.73763;Infinity;2676.23;-54.7109;14.2702;1.2853;1.1767;4.8440;2.1258;352.5660;352.5641;262.4970;74.0810;359.9877;2.0736;LeftFalse_RightFalse;LeftTrue_RightFalse;HandLeft_(0.3, -0.8, -0.3)_(0.5, 0.5, -0.7, 0.1)_1.046027_System.String[];HandLeft_(-0.6, -0.3, -0.2)_(0.7, 0.4, -0.5, -0.2)_1.005502_System.String[];HandRight_(0.5, -0.7, -0.3)_(0.0, -0.6, -0.4, 0.7)_1.046027_System.String[];HandRight_(-0.5, -0.5, -0.1)_(0.2, 0.7, 0.5, -0.5)_1.005502_System.String[];36.7563;-0.0223;0.0863;-54.7693;14.0713;0.8556;1.1733;5.3158;2.7353;358.5037;344.8878;261.5353;95.5825;0.3224;1.5659
-0.2222;0.5790;False;False;-54.7602;14.2615;-0.0145;-0.0115;5.2294;2.3616;0.0746;359.7986;262.4380;87.5401;359.9890;0.3614;7.1418;0.0013;0.0027;-0.3905;0.2424;-2.7935;193880;71.86715;Infinity;2676.27;-54.8305;14.5654;1.2853;1.1767;4.8273;2.1331;352.5725;352.5632;262.4535;74.6380;359.9886;2.0504;LeftFalse_RightFalse;LeftTrue_RightFalse;HandLeft_(0.3, -0.8, -0.3)_(0.5, 0.5, -0.7, 0.1)_1.046027_System.String[];HandLeft_(-0.7, -0.3, -0.2)_(0.7, 0.4, -0.5, -0.2)_1.005502_System.String[];HandRight_(0.5, -0.7, -0.3)_(0.0, -0.6, -0.4, 0.7)_1.046027_System.String[];HandRight_(-0.5, -0.5, -0.1)_(0.2, 0.7, 0.5, -0.5)_1.005502_System.String[];36.7979;-0.0223;0.0727;-54.8892;14.3718;0.8556;1.1733;5.2991;2.7450;358.4946;344.8811;261.4708;95.6438;0.2895;1.5441
-0.2262;0.5293;False;False;-54.8741;14.5596;-0.0145;-0.0114;5.2135;2.3709;0.0808;359.8058;262.3969;88.0175;359.9900;0.3383;7.1656;0.0013;0.0039;-0.3788;0.2039;-2.6957;193883;71.93099;Infinity;2676.32;-54.9455;14.8614;1.2854;1.1767;4.8110;2.1389;352.5788;352.5655;262.4117;75.1374;359.9896;2.0261;LeftFalse_RightFalse;LeftTrue_RightFalse;HandLeft_(0.3, -0.8, -0.3)_(0.5, 0.5, -0.7, 0.1)_1.046027_System.String[];HandLeft_(-0.7, -0.3, -0.2)_(0.7, 0.4, -0.5, -0.2)_1.005502_System.String[];HandRight_(0.5, -0.7, -0.3)_(0.0, -0.6, -0.4, 0.7)_1.046027_System.String[];HandRight_(-0.5, -0.5, -0.1)_(0.2, 0.7, 0.5, -0.5)_1.005502_System.String[];36.8396;-0.0222;0.0559;-55.0046;14.6724;0.8557;1.1735;5.2828;2.7529;358.4728;344.8610;261.3920;95.6184;0.2710;1.4859
-0.2341;0.4772;False;False;-54.9842;14.8599;-0.0144;-0.0112;5.1980;2.3787;0.0865;359.8116;262.3574;88.4320;359.9911;0.3101;7.1818;0.0011;0.0040;-0.3670;0.1737;-2.5980;193886;71.80161;Infinity;2676.36;-55.0566;15.1593;1.2854;1.1767;4.7952;2.1436;352.5847;352.5657;262.3716;75.5762;359.9907;1.9987;LeftFalse_RightFalse;LeftTrue_RightFalse;HandLeft_(0.3, -0.8, -0.3)_(0.5, 0.5, -0.7, 0.1)_1.046027_System.String[];HandLeft_(-0.7, -0.3, -0.2)_(0.7, 0.4, -0.5, -0.2)_1.005502_System.String[];HandRight_(0.5, -0.7, -0.3)_(0.0, -0.6, -0.4, 0.7)_1.046027_System.String[];HandRight_(-0.5, -0.5, -0.1)_(0.2, 0.7, 0.5, -0.5)_1.005502_System.String[];36.8813;-0.0220;0.0373;-55.1157;14.9744;0.8557;1.1737;5.2671;2.7594;358.4507;344.8338;261.2959;95.5355;0.2605;1.4061
-0.2381;0.4221;False;False;-55.0909;15.1635;-0.0144;-0.0110;5.1828;2.3856;0.0918;359.8167;262.3193;88.7752;359.9922;0.2767;7.1900;0.0010;0.0040;-0.3547;0.1537;-2.4987;193889;71.44822;Infinity;2676.40;-55.1644;15.4607;1.2854;1.1767;4.7799;2.1476;352.5901;352.5638;262.3328;75.9477;359.9917;1.9663;LeftFalse_RightFalse;LeftFalse_RightFalse;HandLeft_(0.3, -0.8, -0.3)_(0.5, 0.5, -0.7, 0.1)_1.046027_System.String[];HandLeft_(-0.7, -0.3, -0.2)_(0.7, 0.4, -0.5, -0.1)_1.005502_System.String[];HandRight_(0.5, -0.7, -0.3)_(0.0, -0.6, -0.4, 0.7)_1.046027_System.String[];HandRight_(-0.5, -0.4, -0.1)_(0.2, 0.7, 0.5, -0.5)_1.005502_System.String[];36.9236;-0.0219;0.0151;-55.2234;15.2791;0.8557;1.1740;5.2518;2.7650;358.4219;344.8026;261.1721;95.3714;0.2526;1.3383
-0.2540;0.3588;False;False;-55.1924;15.4650;-0.0143;-0.0108;5.1684;2.3920;0.0966;359.8243;262.2832;89.0263;359.9932;0.2382;7.1867;0.0009;0.0062;-0.3356;0.1443;-2.3474;193892;71.44532;Infinity;2676.44;-55.2671;15.7610;1.2854;1.1767;4.7651;2.1513;352.5950;352.5622;262.2961;76.2343;359.9928;1.9288;LeftFalse_RightFalse;LeftFalse_RightFalse;HandLeft_(0.3, -0.8, -0.3)_(0.5, 0.5, -0.7, 0.1)_1.046027_System.String[];HandLeft_(-0.7, -0.3, -0.2)_(0.7, 0.4, -0.5, -0.1)_1.005502_System.String[];HandRight_(0.5, -0.7, -0.3)_(0.0, -0.6, -0.4, 0.7)_1.046027_System.String[];HandRight_(-0.5, -0.4, -0.1)_(0.2, 0.7, 0.5, -0.5)_1.005502_System.String[];36.9656;-0.0218;-0.0101;-55.3263;15.5817;0.8557;1.1743;5.2370;2.7701;358.4088;344.7473;261.0333;95.1319;0.2606;1.3082
-0.2659;0.2864;False;False;-55.2894;15.7662;-0.0143;-0.0105;5.1545;2.3985;0.1012;359.8341;262.2490;89.1834;359.9942;0.1963;7.1729;0.0008;0.0057;-0.3222;0.1531;-2.2438;193895;71.47023;Infinity;2676.48;-55.3658;16.0624;1.2855;1.1767;4.7509;2.1555;352.5996;352.5618;262.2610;76.4303;359.9938;1.8864;LeftFalse_RightFalse;LeftFalse_RightFalse;HandLeft_(0.3, -0.8, -0.3)_(0.5, 0.5, -0.7, 0.1)_1.046027_System.String[];HandLeft_(-0.7, -0.3, -0.2)_(0.7, 0.4, -0.6, -0.1)_1.005502_System.String[];HandRight_(0.5, -0.7, -0.3)_(0.0, -0.6, -0.4, 0.7)_1.046027_System.String[];HandRight_(-0.5, -0.4, -0.1)_(0.2, 0.7, 0.5, -0.5)_1.005502_System.String[];37.0076;-0.0218;-0.0352;-55.4251;15.8846;0.8557;1.1747;5.2228;2.7754;358.4094;344.5992;260.8851;94.7855;0.2758;1.2690
-0.2817;0.2127;False;False;-55.3817;16.0663;-0.0143;-0.0103;5.1412;2.4055;0.1058;359.8463;262.2165;89.2369;-0.0048;0.1508;7.1475;0.0008;0.0049;-0.3078;0.1733;-2.1347;193898;71.55545;Infinity;2676.53;-55.4598;16.3635;1.2855;1.1767;4.7373;2.1608;352.6042;352.5633;262.2277;76.5256;-0.0051;1.8406;LeftFalse_RightFalse;LeftFalse_RightFalse;HandLeft_(0.3, -0.8, -0.3)_(0.5, 0.5, -0.7, 0.1)_1.046027_System.String[];HandLeft_(-0.7, -0.4, -0.2)_(0.7, 0.4, -0.6, 0.0)_1.005502_System.String[];HandRight_(0.5, -0.7, -0.3)_(0.0, -0.6, -0.4, 0.7)_1.046027_System.String[];HandRight_(-0.5, -0.4, -0.1)_(0.2, 0.7, 0.5, -0.5)_1.005502_System.String[];37.0496;-0.0218;-0.0576;-55.5192;16.1861;0.8557;1.1752;5.2092;2.7815;358.3924;344.3417;260.7217;94.3224;0.2724;1.2095
-0.2817;0.1551;False;False;-55.4687;16.3635;-0.0142;-0.0101;5.1287;2.4135;0.1108;359.8611;262.1859;89.1833;-0.0038;0.0998;7.1112;0.0008;0.0039;-0.2930;0.2035;-2.0237;193901;71.76152;Infinity;2676.57;-55.5483;16.6615;1.2855;1.1766;4.7244;2.1675;352.6091;352.5662;262.1965;76.5149;-0.0042;1.7887;LeftFalse_RightFalse;LeftFalse_RightFalse;HandLeft_(0.3, -0.8, -0.3)_(0.5, 0.5, -0.7, 0.1)_1.046027_System.String[];HandLeft_(-0.7, -0.4, -0.2)_(0.7, 0.5, -0.6, 0.0)_1.005502_System.String[];HandRight_(0.5, -0.7, -0.3)_(0.0, -0.6, -0.4, 0.7)_1.046027_System.String[];HandRight_(-0.5, -0.4, -0.1)_(0.2, 0.7, 0.5, -0.5)_1.005502_System.String[];37.0911;-0.0217;-0.0775;-55.6079;16.4832;0.8557;1.1760;5.1963;2.7885;358.3722;344.0647;260.5729;93.7584;0.2721;1.1504
-0.2897;0.1131;False;False;-55.5509;16.6589;-0.0142;-0.0099;5.1168;2.4229;0.1157;359.8749;262.1572;89.0271;-0.0030;0.0489;7.0678;0.0008;0.0047;-0.2781;0.2393;-1.9136;193904;71.88087;Infinity;2676.61;-55.6320;16.9583;1.2855;1.1764;4.7122;2.1762;352.6141;352.5692;262.1670;76.3995;-0.0033;1.7352;LeftFalse_RightFalse;LeftFalse_RightFalse;HandLeft_(0.3, -0.8, -0.3)_(0.5, 0.5, -0.7, 0.1)_1.046027_System.String[];HandLeft_(-0.7, -0.4, -0.2)_(0.6, 0.5, -0.6, 0.2)_1.005502_System.String[];HandRight_(0.5, -0.7, -0.3)_(0.0, -0.6, -0.4, 0.7)_1.046027_System.String[];HandRight_(-0.5, -0.4, -0.1)_(0.2, 0.7, 0.5, -0.5)_1.005502_System.String[];37.1328;-0.0217;-0.0951;-55.6918;16.7783;0.8559;1.1766;5.1841;2.7974;358.3382;343.8013;260.4595;93.1025;0.2685;1.0806
-0.3055;0.0824;False;False;-55.6289;16.9546;-0.0142;-0.0098;5.1054;2.4342;0.1204;359.8860;262.1299;88.7716;-0.0022;-0.0042;7.0177;0.0007;0.0041;-0.2626;0.2818;-1.8008;193907;71.66834;Infinity;2676.65;-55.7114;17.2552;1.2855;1.1763;4.7006;2.1873;352.6188;352.5695;262.1391;76.1841;-0.0025;1.6813;LeftFalse_RightFalse;LeftFalse_RightFalse;HandLeft_(0.3, -0.8, -0.3)_(0.5, 0.5, -0.7, 0.1)_1.046027_System.String[];HandLeft_(-0.7, -0.4, -0.2)_(0.6, 0.5, -0.6, 0.2)_1.005502_System.String[];HandRight_(0.5, -0.7, -0.3)_(0.0, -0.6, -0.4, 0.7)_1.046027_System.String[];HandRight_(-0.5, -0.4, -0.1)_(0.2, 0.7, 0.5, -0.5)_1.005502_System.String[];37.1748;-0.0217;-0.1089;-55.7713;17.0724;0.8562;1.1772;5.1724;2.8085;358.3217;343.6216;260.3799;92.3545;0.2620;1.0262
-0.3135;0.0601;False;False;-55.7018;17.2478;-0.0141;-0.0096;5.0948;2.4474;0.1253;359.8951;262.1044;88.4277;-0.0014;359.9434;6.9630;0.0007;0.0044;-0.2464;0.3281;-1.6837;193910;71.56564;Infinity;2676.69;-55.7859;17.5509;1.2855;1.1762;4.6896;2.2009;352.6237;352.5670;262.1129;75.8754;-0.0017;1.6265;LeftFalse_RightFalse;LeftFalse_RightFalse;HandLeft_(0.3, -0.8, -0.3)_(0.5, 0.5, -0.7, 0.1)_1.046027_System.String[];HandLeft_(-0.7, -0.4, -0.1)_(0.5, 0.5, -0.6, 0.3)_1.005502_System.String[];HandRight_(0.5, -0.7, -0.3)_(0.0, -0.6, -0.4, 0.7)_1.046027_System.String[];HandRight_(-0.5, -0.4, -0.1)_(0.2, 0.7, 0.5, -0.5)_1.005502_System.String[];37.2168;-0.0217;-0.1171;-55.8460;17.3642;0.8564;1.1777;5.1614;2.8217;358.3264;343.5082;260.3353;91.5922;0.2529;0.9670
-0.3174;0.0438;False;False;-55.7696;17.5393;-0.0141;-0.0094;5.0848;2.4627;0.1304;359.9045;262.0807;88.0120;-0.0007;359.8933;6.9056;0.0007;0.0058;-0.2299;0.3750;-1.5655;193913;71.43137;Infinity;2676.74;-55.8553;17.8445;1.2855;1.1761;4.6794;2.2172;352.6287;352.5648;262.0886;75.4876;-0.0009;1.5746;LeftFalse_RightFalse;LeftFalse_RightFalse;HandLeft_(0.3, -0.8, -0.3)_(0.5, 0.5, -0.7, 0.1)_1.046027_System.String[];HandLeft_(-0.7, -0.4, -0.1)_(0.5, 0.5, -0.6, 0.3)_1.005502_System.String[];HandRight_(0.5, -0.7, -0.3)_(0.0, -0.6, -0.4, 0.7)_1.046027_System.String[];HandRight_(-0.5, -0.4, -0.1)_(0.2, 0.7, 0.5, -0.5)_1.005502_System.String[];37.2588;-0.0217;-0.1191;-55.9155;17.6529;0.8566;1.1782;5.1512;2.8372;358.3345;343.3737;260.3153;90.8028;0.2420;0.9077
-0.3174;0.0319;False;False;-55.8322;17.8278;-0.0141;-0.0091;5.0756;2.4799;0.1353;359.9144;262.0589;87.5484;0.0001;359.8499;6.8466;0.0007;0.0058;-0.2132;0.4212;-1.4476;193916;71.42709;Infinity;2676.78;-55.9197;18.1369;1.2855;1.1761;4.6698;2.2361;352.6337;352.5642;262.0660;75.0415;-0.0002;1.5271;LeftFalse_RightFalse;LeftFalse_RightFalse;HandLeft_(0.3, -0.8, -0.3)_(0.5, 0.5, -0.7, 0.1)_1.046027_System.String[];HandLeft_(-0.7, -0.4, -0.1)_(0.5, 0.5, -0.6, 0.3)_1.005502_System.String[];HandRight_(0.5, -0.7, -0.3)_(0.0, -0.6, -0.4, 0.7)_1.046027_System.String[];HandRight_(-0.5, -0.4, -0.1)_(0.2, 0.7, 0.5, -0.5)_1.005502_System.String[];37.3008;-0.0217;-0.1184;-55.9800;17.9398;0.8567;1.1786;5.1416;2.8552;358.3625;343.2772;260.2898;90.0318;0.2407;0.8404
-0.3174;0.0233;False;False;-55.8897;18.1139;-0.0140;-0.0089;5.0671;2.4992;0.1398;359.9247;262.0389;87.0564;0.0008;359.8130;6.7864;0.0006;0.0054;-0.1965;0.4668;-1.3308;193919;71.38731;Infinity;2676.82;-55.9786;18.4255;1.2856;1.1761;4.6611;2.2574;352.6383;352.5656;262.0453;74.5626;0.0005;1.4870;LeftFalse_RightFalse;LeftFalse_RightFalse;HandLeft_(0.3, -0.8, -0.3)_(0.5, 0.5, -0.7, 0.1)_1.046027_System.String[];HandLeft_(-0.7, -0.4, -0.1)_(0.6, 0.5, -0.6, 0.2)_1.005502_System.String[];HandRight_(0.5, -0.7, -0.3)_(0.0, -0.6, -0.4, 0.7)_1.046027_System.String[];HandRight_(-0.5, -0.4, -0.1)_(0.2, 0.7, 0.5, -0.5)_1.005502_System.String[];37.3430;-0.0217;-0.1145;-56.0391;18.2223;0.8567;1.1790;5.1329;2.8751;358.3729;343.2214;260.2513;89.3015;0.2446;0.7772
-0.3174;0.0170;False;False;-55.9419;18.3970;-0.0140;-0.0087;5.0594;2.5204;0.1436;359.9355;262.0207;86.5551;0.0014;359.7816;6.6955;0.0006;0.0043;-0.1716;0.5310;-1.1574;193922;71.39017;Infinity;2676.86;-56.0325;18.7119;1.2856;1.1761;4.6530;2.2808;352.6424;352.5688;262.0265;74.0671;0.0012;1.4517;LeftFalse_RightFalse;LeftFalse_RightFalse;HandLeft_(0.3, -0.8, -0.3)_(0.5, 0.5, -0.7, 0.1)_1.046027_System.String[];HandLeft_(-0.7, -0.4, -0.1)_(0.6, 0.5, -0.6, 0.2)_1.005502_System.String[];HandRight_(0.5, -0.7, -0.3)_(0.0, -0.6, -0.4, 0.7)_1.046027_System.String[];HandRight_(-0.5, -0.4, -0.1)_(0.2, 0.7, 0.5, -0.5)_1.005502_System.String[];37.3850;-0.0217;-0.1067;-56.0930;18.5021;0.8568;1.1796;5.1246;2.8970;358.3715;343.1509;260.2064;88.6151;0.2538;0.7024
-0.3174;0.0124;False;False;-55.9890;18.6774;-0.0140;-0.0085;5.0524;2.5433;0.1468;359.9444;262.0043;86.0606;0.0021;359.7599;6.6352;0.0005;0.0047;-0.1550;0.5685;-1.0431;193925;71.40473;Infinity;2676.90;-56.0813;18.9958;1.2856;1.1761;4.6457;2.3063;352.6458;352.5728;262.0094;73.5714;0.0019;1.4245;LeftFalse_RightFalse;LeftFalse_RightFalse;HandLeft_(0.3, -0.8, -0.3)_(0.5, 0.5, -0.7, 0.1)_1.046027_System.String[];HandLeft_(-0.7, -0.4, -0.1)_(0.6, 0.5, -0.6, 0.2)_1.005502_System.String[];HandRight_(0.5, -0.7, -0.3)_(0.0, -0.6, -0.4, 0.7)_1.046027_System.String[];HandRight_(-0.5, -0.4, -0.1)_(0.3, 0.7, 0.5, -0.5)_1.005502_System.String[];37.4270;-0.0217;-0.0953;-56.1419;18.7794;0.8568;1.1801;5.1170;2.9210;358.3731;343.0446;260.1540;87.9801;0.2629;0.6127
-0.3174;0.0090;False;False;-56.0311;18.9552;-0.0140;-0.0083;5.0462;2.5677;0.1494;359.9495;261.9897;85.5904;0.0028;359.7450;6.5758;0.0005;0.0040;-0.1384;0.5994;-0.9298;193928;71.4154;Infinity;2676.95;-56.1250;19.2762;1.2856;1.1761;4.6392;2.3333;352.6486;352.5754;261.9941;73.0943;0.0026;1.4067;LeftFalse_RightFalse;LeftFalse_RightFalse;HandLeft_(0.3, -0.8, -0.3)_(0.5, 0.5, -0.7, 0.1)_1.046027_System.String[];HandLeft_(-0.7, -0.4, -0.1)_(0.6, 0.5, -0.6, 0.3)_1.005502_System.String[];HandRight_(0.5, -0.7, -0.3)_(0.0, -0.6, -0.4, 0.7)_1.046027_System.String[];HandRight_(-0.5, -0.4, -0.1)_(0.3, 0.7, 0.5, -0.4)_1.005502_System.String[];37.4690;-0.0217;-0.0819;-56.1857;19.0536;0.8568;1.1805;5.1102;2.9465;358.3907;342.9520;260.0898;87.4143;0.2703;0.5117
-0.3174;0.0066;False;False;-56.0682;19.2304;-0.0140;-0.0081;5.0407;2.5934;0.1514;359.9516;261.9768;85.1589;0.0034;359.7371;6.5170;0.0004;0.0042;-0.1219;0.6246;-0.8174;193931;71.41309;Infinity;2676.99;-56.1638;19.5541;1.2856;1.1762;4.6334;2.3616;352.6508;352.5758;261.9805;72.6498;0.0032;1.3955;LeftFalse_RightFalse;LeftFalse_RightFalse;HandLeft_(0.3, -0.8, -0.3)_(0.5, 0.5, -0.7, 0.1)_1.046027_System.String[];HandLeft_(-0.7, -0.4, -0.1)_(0.6, 0.5, -0.6, 0.3)_1.005502_System.String[];HandRight_(0.5, -0.7, -0.3)_(0.0, -0.6, -0.4, 0.7)_1.046027_System.String[];HandRight_(-0.5, -0.4, -0.1)_(0.3, 0.7, 0.5, -0.4)_1.005502_System.String[];37.5110;-0.0217;-0.0685;-56.2246;19.3257;0.8569;1.1808;5.1043;2.9731;358.4099;342.9195;260.0199;86.9386;0.2794;0.3963
-0.3254;0.0048;False;False;-56.1004;19.5032;-0.0139;-0.0079;5.0359;2.6201;0.1530;359.9531;261.9657;84.7731;0.0040;359.7364;6.4587;0.0004;0.0051;-0.1054;0.6462;-0.7060;193934;71.38175;Infinity;2677.03;-56.1976;19.8293;1.2856;1.1764;4.6283;2.3908;352.6525;352.5767;261.9687;72.2484;0.0039;1.3925;LeftFalse_RightFalse;LeftFalse_RightFalse;HandLeft_(0.3, -0.8, -0.3)_(0.5, 0.5, -0.7, 0.1)_1.046027_System.String[];HandLeft_(-0.8, -0.4, -0.2)_(0.6, 0.5, -0.6, 0.2)_1.005502_System.String[];HandRight_(0.5, -0.7, -0.3)_(0.0, -0.6, -0.4, 0.7)_1.046027_System.String[];HandRight_(-0.5, -0.4, -0.1)_(0.3, 0.7, 0.5, -0.4)_1.005502_System.String[];37.5530;-0.0217;-0.0555;-56.2585;19.5957;0.8569;1.1809;5.0991;3.0006;358.4309;342.9330;259.9636;86.5661;0.2965;0.3002
-0.3333;0.0035;False;False;-56.1277;19.7735;-0.0139;-0.0077;5.0318;2.6476;0.1544;359.9550;261.9562;84.4375;0.0045;359.7414;6.4012;0.0003;0.0053;-0.0886;0.6627;-0.5923;193937;71.35439;Infinity;2677.07;-56.2265;20.1016;1.2856;1.1766;4.6239;2.4207;352.6539;352.5790;261.9586;71.8952;0.0044;1.3948;LeftFalse_RightFalse;LeftFalse_RightFalse;HandLeft_(0.3, -0.8, -0.3)_(0.5, 0.5, -0.7, 0.1)_1.046027_System.String[];HandLeft_(-0.7, -0.4, -0.2)_(0.6, 0.5, -0.6, 0.2)_1.005502_System.String[];HandRight_(0.5, -0.7, -0.3)_(0.0, -0.6, -0.4, 0.7)_1.046027_System.String[];HandRight_(-0.5, -0.4, -0.1)_(0.4, 0.7, 0.4, -0.5)_1.005502_System.String[];37.5950;-0.0217;-0.0437;-56.2874;19.8631;0.8569;1.1810;5.0947;3.0289;358.4541;342.9645;259.9173;86.2980;0.3118;0.2011
-0.3333;0.0025;False;False;-56.1499;20.0413;-0.0139;-0.0075;5.0285;2.6757;0.1559;359.9581;261.9485;84.1541;0.0050;359.7524;6.3445;0.0003;0.0049;-0.0715;0.6748;-0.4776;193940;71.35329;Infinity;2677.11;-56.2505;20.3717;1.2856;1.1769;4.6203;2.4510;352.6554;352.5836;261.9502;71.5925;0.0049;1.4037;LeftFalse_RightFalse;LeftFalse_RightFalse;HandLeft_(0.3, -0.8, -0.3)_(0.5, 0.5, -0.7, 0.1)_1.046027_System.String[];HandLeft_(-0.7, -0.4, -0.2)_(0.6, 0.5, -0.5, 0.2)_1.005502_System.String[];HandRight_(0.5, -0.7, -0.3)_(0.0, -0.6, -0.4, 0.7)_1.046027_System.String[];HandRight_(-0.5, -0.4, 0.0)_(0.4, 0.6, 0.5, -0.5)_1.005502_System.String[];37.6370;-0.0217;-0.0329;-56.3114;20.1290;0.8569;1.1811;5.0911;3.0577;358.4832;342.9751;259.8840;86.1411;0.3188;0.0879
-0.3373;0.0019;False;False;-56.1671;20.3068;-0.0139;-0.0073;5.0259;2.7042;0.1575;359.9624;261.9426;83.9205;0.0055;359.7659;6.2884;0.0002;0.0045;-0.0545;0.6843;-0.3639;193943;71.32119;Infinity;2677.16;-56.2693;20.6386;1.2856;1.1771;4.6175;2.4815;352.6570;352.5904;261.9437;71.3421;0.0054;1.4155;LeftFalse_RightFalse;LeftFalse_RightFalse;HandLeft_(0.3, -0.8, -0.3)_(0.5, 0.5, -0.7, 0.1)_1.046027_System.String[];HandLeft_(-0.7, -0.4, -0.2)_(0.7, 0.5, -0.5, 0.2)_1.005502_System.String[];HandRight_(0.5, -0.7, -0.3)_(0.0, -0.6, -0.4, 0.7)_1.046027_System.String[];HandRight_(-0.5, -0.5, 0.0)_(0.4, 0.6, 0.5, -0.5)_1.005502_System.String[];37.6792;-0.0217;-0.0229;-56.3303;20.3925;0.8569;1.1811;5.0882;3.0865;358.5008;342.9953;259.8726;86.1162;0.3185;359.9514
-0.3373;0.0014;False;False;-56.1793;20.5686;-0.0139;-0.0071;5.0241;2.7329;0.1590;359.9672;261.9379;83.7344;0.0059;359.7820;6.2331;0.0002;0.0039;-0.0376;0.6893;-0.2507;193946;71.50059;Infinity;2677.20;-56.2831;20.9031;1.2856;1.1773;4.6154;2.5121;352.6585;352.5984;261.9388;71.1388;0.0058;1.4292;LeftFalse_RightFalse;LeftFalse_RightFalse;HandLeft_(0.3, -0.8, -0.3)_(0.5, 0.5, -0.7, 0.1)_1.046027_System.String[];HandLeft_(-0.7, -0.4, -0.2)_(0.7, 0.5, -0.5, 0.2)_1.005502_System.String[];HandRight_(0.5, -0.7, -0.3)_(0.0, -0.6, -0.4, 0.7)_1.046027_System.String[];HandRight_(-0.5, -0.5, 0.0)_(0.4, 0.6, 0.5, -0.5)_1.005502_System.String[];37.7209;-0.0217;-0.0129;-56.3441;20.6544;0.8569;1.1815;5.0861;3.1154;358.5034;342.9995;259.8865;86.1955;0.3109;359.7830
-0.3373;0.0010;False;False;-56.1844;20.8267;-0.0139;-0.0070;5.0224;2.7615;0.1686;359.9704;261.8953;83.5943;359.9926;359.8022;6.1788;0.0001;0.0036;-0.0509;0.6896;-0.0374;193949;71.7426;Infinity;2677.24;-56.2912;21.1626;1.2856;1.1775;4.6139;2.5422;352.6625;352.6064;261.9236;70.9820;0.0026;1.4473;LeftFalse_RightFalse;LeftFalse_RightFalse;HandLeft_(0.3, -0.8, -0.3)_(0.5, 0.5, -0.7, 0.1)_1.046027_System.String[];HandLeft_(-0.7, -0.3, -0.2)_(0.7, 0.5, -0.5, 0.1)_1.005502_System.String[];HandRight_(0.5, -0.7, -0.3)_(0.0, -0.6, -0.4, 0.7)_1.046027_System.String[];HandRight_(-0.5, -0.5, 0.0)_(0.5, 0.6, 0.5, -0.5)_1.005502_System.String[];37.7627;-0.0217;-0.0019;-56.3523;20.9119;0.8569;1.1817;5.0846;3.1438;358.4870;343.0238;259.9270;86.3685;0.3096;359.5789
-0.3373;0.0007;False;False;-56.1844;21.0830;-0.0139;-0.0068;5.0222;2.7900;0.1711;359.9713;261.8884;83.5002;0.0038;359.8232;6.0990;0.0001;0.0031;-0.0001;0.6808;0.0006;193952;71.7934;Infinity;2677.28;-56.2916;21.4196;1.2856;1.1778;4.6130;2.5720;352.6724;352.6124;261.8884;70.8704;0.0016;1.4672;LeftFalse_RightFalse;LeftFalse_RightFalse;HandLeft_(0.3, -0.8, -0.3)_(0.5, 0.5, -0.7, 0.1)_1.046027_System.String[];HandLeft_(-0.7, -0.3, -0.2)_(0.7, 0.5, -0.5, 0.0)_1.005502_System.String[];HandRight_(0.5, -0.7, -0.3)_(0.0, -0.6, -0.4, 0.7)_1.046027_System.String[];HandRight_(-0.5, -0.5, 0.0)_(0.6, 0.6, 0.4, -0.4)_1.005502_System.String[];37.8044;-0.0217;0.0101;-56.3530;21.1674;0.8569;1.1818;5.0836;3.1722;358.4626;343.0627;260.0421;86.5751;0.3154;359.3663
-0.3293;0.0005;False;False;-56.1844;21.3364;-0.0139;-0.0067;5.0222;2.8181;0.1581;359.9707;261.8883;83.4515;0.0066;359.8453;6.0469;-0.0002;0.0034;0.0001;0.6681;0.0011;193955;71.89663;Infinity;2677.32;-56.2914;21.6745;1.2856;1.1780;4.6129;2.6012;352.6633;352.6169;261.8875;70.8034;0.0059;1.4885;LeftFalse_RightFalse;LeftFalse_RightFalse;HandLeft_(0.3, -0.8, -0.3)_(0.5, 0.5, -0.7, 0.1)_1.046027_System.String[];HandLeft_(-0.7, -0.3, -0.2)_(0.7, 0.5, -0.5, -0.1)_1.005502_System.String[];HandRight_(0.5, -0.7, -0.3)_(0.0, -0.6, -0.4, 0.7)_1.046027_System.String[];HandRight_(-0.5, -0.5, 0.0)_(0.6, 0.6, 0.4, -0.4)_1.005502_System.String[];37.8462;-0.0217;0.0225;-56.3528;21.4213;0.8569;1.1818;5.0836;3.1999;358.4753;343.1344;260.2271;86.8317;0.3327;359.1411
-0.3293;0.0004;False;False;-56.1845;21.5877;-0.0139;-0.0066;5.0222;2.8456;0.1382;359.9704;261.8883;83.4501;0.0076;359.8702;5.9956;-0.0004;0.0040;0.0002;0.6503;0.0013;193958;71.94748;Infinity;2677.36;-56.2911;21.9264;1.2857;1.1782;4.6129;2.6295;352.6452;352.6217;261.8873;70.7828;0.0075;1.5124;LeftFalse_RightFalse;LeftFalse_RightFalse;HandLeft_(0.3, -0.8, -0.3)_(0.5, 0.5, -0.7, 0.1)_1.046027_System.String[];HandLeft_(-0.7, -0.3, -0.2)_(0.7, 0.5, -0.5, -0.1)_1.005502_System.String[];HandRight_(0.5, -0.7, -0.3)_(0.0, -0.6, -0.4, 0.7)_1.046027_System.String[];HandRight_(-0.5, -0.5, 0.0)_(0.6, 0.5, 0.3, -0.4)_1.005502_System.String[];37.8877;-0.0217;0.0340;-56.3526;21.6729;0.8570;1.1818;5.0836;3.2267;358.4875;343.2746;260.4151;87.1178;0.3374;358.9364
-0.3254;0.0003;False;False;-56.1846;21.8367;-0.0139;-0.0064;5.0222;2.8722;0.1158;359.9708;261.8883;83.4964;0.0078;359.8958;5.9449;-0.0006;0.0040;0.0002;0.6282;0.0013;193961;71.97312;Infinity;2677.41;-56.2907;22.1761;1.2857;1.1785;4.6130;2.6567;352.6233;352.6274;261.8873;70.8098;0.0079;1.5371;LeftFalse_RightFalse;LeftFalse_RightFalse;HandLeft_(0.3, -0.8, -0.3)_(0.5, 0.5, -0.7, 0.1)_1.046027_System.String[];HandLeft_(-0.7, -0.3, -0.2)_(0.7, 0.5, -0.5, -0.1)_1.005502_System.String[];HandRight_(0.5, -0.7, -0.3)_(0.0, -0.6, -0.4, 0.7)_1.046027_System.String[];HandRight_(-0.5, -0.5, 0.0)_(0.7, 0.5, 0.3, -0.4)_1.005502_System.String[];37.9294;-0.0217;0.0439;-56.3524;21.9226;0.8570;1.1818;5.0836;3.2526;358.4814;343.4404;260.5271;87.4348;0.3082;358.7227
-0.3254;0.0002;False;False;-56.1847;22.0836;-0.0139;-0.0062;5.0222;2.8977;0.0936;359.9728;261.8883;83.5886;0.0075;359.9230;5.8949;-0.0007;0.0036;0.0002;0.6033;0.0013;193964;71.98596;Infinity;2677.45;-56.2903;22.4233;1.2857;1.1788;4.6130;2.6826;352.6008;352.6347;261.8873;70.8835;0.0077;1.5635;LeftFalse_RightFalse;LeftFalse_RightFalse;HandLeft_(0.3, -0.8, -0.3)_(0.5, 0.5, -0.7, 0.1)_1.046027_System.String[];HandLeft_(-0.7, -0.3, -0.2)_(0.7, 0.5, -0.5, -0.1)_1.005502_System.String[];HandRight_(0.5, -0.7, -0.3)_(0.0, -0.6, -0.4, 0.7)_1.046027_System.String[];HandRight_(-0.5, -0.5, 0.0)_(0.7, 0.4, 0.3, -0.4)_1.005502_System.String[];37.9712;-0.0217;0.0527;-56.3521;22.1706;0.8570;1.1818;5.0836;3.2777;358.4406;343.5798;260.5771;87.7726;0.2676;358.5160
-0.3254;0.0001;False;False;-56.1847;22.3283;-0.0140;-0.0061;5.0222;2.9222;0.0731;359.9763;261.8883;83.7214;0.0071;359.9482;5.8454;-0.0007;0.0033;0.0002;0.5768;0.0011;193967;71.98437;Infinity;2677.49;-56.2899;22.6683;1.2858;1.1790;4.6131;2.7071;352.5797;352.6433;261.8874;70.9999;0.0073;1.5882;LeftFalse_RightFalse;LeftFalse_RightFalse;HandLeft_(0.3, -0.8, -0.3)_(0.5, 0.5, -0.7, 0.1)_1.046027_System.String[];HandLeft_(-0.7, -0.3, -0.2)_(0.7, 0.5, -0.5, -0.2)_1.005502_System.String[];HandRight_(0.5, -0.7, -0.3)_(0.0, -0.6, -0.4, 0.7)_1.046027_System.String[];HandRight_(-0.5, -0.5, 0.0)_(0.7, 0.4, 0.3, -0.5)_1.005502_System.String[];38.0127;-0.0217;0.0605;-56.3518;22.4170;0.8571;1.1818;5.0837;3.3014;358.3867;343.6953;260.6074;88.1392;0.2422;358.3064
-0.3174;0.0001;False;False;-56.1848;22.5713;-0.0140;-0.0059;5.0222;2.9456;0.0552;359.9803;261.8883;83.8912;0.0066;359.9724;5.7965;-0.0007;0.0028;0.0002;0.5476;0.0010;193970;71.90908;Infinity;2677.53;-56.2895;22.9111;1.2858;1.1792;4.6132;2.7302;352.5609;352.6526;261.8875;71.1544;0.0068;1.6112;LeftFalse_RightFalse;LeftFalse_RightFalse;HandLeft_(0.3, -0.8, -0.3)_(0.5, 0.5, -0.7, 0.1)_1.046027_System.String[];HandLeft_(-0.7, -0.3, -0.2)_(0.7, 0.4, -0.5, -0.2)_1.005502_System.String[];HandRight_(0.5, -0.7, -0.3)_(0.0, -0.6, -0.4, 0.7)_1.046027_System.String[];HandRight_(-0.5, -0.5, 0.0)_(0.7, 0.4, 0.3, -0.5)_1.005502_System.String[];38.0544;-0.0217;0.0674;-56.3512;22.6617;0.8570;1.1818;5.0838;3.3239;358.3219;343.7950;260.6225;88.5359;0.2313;358.1199
-0.3174;0.0001;False;False;-56.1849;22.8144;-0.0140;-0.0058;5.0222;2.9678;0.0398;359.9839;261.8883;84.0963;0.0062;-0.0024;5.7480;-0.0006;0.0025;0.0001;0.5166;0.0008;193973;71.57181;Infinity;2677.57;-56.2892;23.1538;1.2858;1.1794;4.6132;2.7520;352.5445;352.6617;261.8875;71.3452;0.0064;1.6349;LeftFalse_RightFalse;LeftFalse_RightFalse;HandLeft_(0.3, -0.8, -0.3)_(0.5, 0.5, -0.7, 0.1)_1.046027_System.String[];HandLeft_(-0.7, -0.3, -0.2)_(0.7, 0.4, -0.5, -0.2)_1.005502_System.String[];HandRight_(0.5, -0.7, -0.3)_(0.0, -0.6, -0.4, 0.7)_1.046027_System.String[];HandRight_(-0.5, -0.5, 0.0)_(0.7, 0.4, 0.3, -0.5)_1.005502_System.String[];38.0967;-0.0217;0.0728;-56.3508;22.9068;0.8570;1.1817;5.0838;3.3451;358.2651;343.8956;260.6353;88.9753;0.2068;357.9394
-0.3174;0.0001;False;False;-56.1849;23.0544;-0.0140;-0.0057;5.0222;2.9886;0.0271;359.9857;261.8883;84.3289;0.0058;0.0198;5.6999;-0.0006;0.0019;0.0001;0.4851;0.0007;193976;71.52438;Infinity;2677.62;-56.2889;23.3941;1.2858;1.1796;4.6133;2.7721;352.5310;352.6694;261.8875;71.5668;0.0059;1.6577;LeftFalse_RightFalse;LeftFalse_RightFalse;HandLeft_(0.3, -0.8, -0.3)_(0.5, 0.5, -0.7, 0.1)_1.046027_System.String[];HandLeft_(-0.7, -0.3, -0.2)_(0.7, 0.4, -0.5, -0.3)_1.005502_System.String[];HandRight_(0.5, -0.7, -0.3)_(0.0, -0.6, -0.4, 0.7)_1.046027_System.String[];HandRight_(-0.5, -0.5, 0.0)_(0.7, 0.5, 0.3, -0.5)_1.005502_System.String[];38.1387;-0.0217;0.0767;-56.3505;23.1496;0.8570;1.1813;5.0839;3.3652;358.2395;343.9986;260.6343;89.4080;0.1902;357.7928
-0.3174;0.0000;False;False;-56.1849;23.2925;-0.0141;-0.0057;5.0222;3.0080;0.0169;359.9863;261.8883;84.5837;0.0054;0.0390;5.6522;-0.0005;0.0016;0.0001;0.4528;0.0006;193979;71.49258;Infinity;2677.66;-56.2887;23.6318;1.2858;1.1798;4.6133;2.7905;352.5201;352.6747;261.8876;71.8126;0.0056;1.6771;LeftFalse_RightFalse;LeftFalse_RightFalse;HandLeft_(0.3, -0.8, -0.3)_(0.5, 0.5, -0.7, 0.1)_1.046027_System.String[];HandLeft_(-0.7, -0.3, -0.2)_(0.7, 0.4, -0.5, -0.3)_1.005502_System.String[];HandRight_(0.5, -0.7, -0.3)_(0.0, -0.6, -0.4, 0.7)_1.046027_System.String[];HandRight_(-0.5, -0.5, 0.0)_(0.7, 0.5, 0.3, -0.5)_1.005502_System.String[];38.1807;-0.0217;0.0799;-56.3503;23.3903;0.8570;1.1811;5.0839;3.3837;358.2144;344.1129;260.6253;89.8237;0.1639;357.6633
-0.3174;0.0000;False;False;-56.1850;23.5286;-0.0141;-0.0056;5.0222;3.0259;0.0089;359.9865;261.8883;84.8561;0.0051;0.0565;5.6048;-0.0004;0.0017;0.0001;0.4200;0.0004;193982;71.44609;Infinity;2677.70;-56.2886;23.8675;1.2859;1.1799;4.6133;2.8073;352.5114;352.6787;261.8876;72.0776;0.0053;1.6946;LeftFalse_RightFalse;LeftFalse_RightFalse;HandLeft_(0.3, -0.8, -0.3)_(0.5, 0.5, -0.7, 0.1)_1.046027_System.String[];HandLeft_(-0.7, -0.3, -0.2)_(0.7, 0.4, -0.5, -0.3)_1.005502_System.String[];HandRight_(0.5, -0.7, -0.3)_(0.0, -0.6, -0.4, 0.7)_1.046027_System.String[];HandRight_(-0.5, -0.5, 0.0)_(0.7, 0.5, 0.3, -0.5)_1.005502_System.String[];38.2227;-0.0217;0.0821;-56.3502;23.6289;0.8570;1.1809;5.0839;3.4010;358.1826;344.1954;260.6194;90.2261;0.1345;357.5280
-0.3174;0.0000;False;False;-56.1850;23.7625;-0.0141;-0.0055;5.0221;3.0424;0.0026;359.9872;261.8883;85.1415;0.0049;0.0716;5.5343;-0.0003;0.0021;0.0001;0.3709;0.0003;193985;71.43492;Infinity;2677.74;-56.2884;24.1010;1.2859;1.1801;4.6133;2.8226;352.5046;352.6828;261.8877;72.3571;0.0050;1.7103;LeftFalse_RightFalse;LeftFalse_RightFalse;HandLeft_(0.3, -0.8, -0.3)_(0.5, 0.5, -0.7, 0.1)_1.046027_System.String[];HandLeft_(-0.7, -0.3, -0.2)_(0.7, 0.4, -0.5, -0.3)_1.005502_System.String[];HandRight_(0.5, -0.7, -0.3)_(0.0, -0.6, -0.4, 0.7)_1.046027_System.String[];HandRight_(-0.5, -0.5, 0.0)_(0.7, 0.5, 0.3, -0.5)_1.005502_System.String[];38.2646;-0.0217;0.0841;-56.3500;23.8655;0.8570;1.1808;5.0840;3.4170;358.1716;344.2499;260.6204;90.6384;0.1086;357.3836
-0.3174;0.0000;False;False;-56.1850;23.9925;-0.0141;-0.0054;5.0221;3.0574;-0.0021;359.9890;261.8883;85.4339;0.0047;0.0855;5.4877;-0.0002;0.0021;0.0000;0.3379;0.0002;193988;71.71317;Infinity;2677.78;-56.2883;24.3313;1.2859;1.1802;4.6134;2.8363;352.4994;352.6873;261.8877;72.6457;0.0048;1.7240;LeftFalse_RightFalse;LeftFalse_RightFalse;HandLeft_(0.3, -0.8, -0.3)_(0.5, 0.5, -0.7, 0.1)_1.046027_System.String[];HandLeft_(-0.7, -0.3, -0.2)_(0.7, 0.4, -0.5, -0.3)_1.005502_System.String[];HandRight_(0.5, -0.7, -0.3)_(0.0, -0.6, -0.4, 0.7)_1.046027_System.String[];HandRight_(-0.5, -0.5, 0.0)_(0.7, 0.5, 0.3, -0.5)_1.005502_System.String[];38.3062;-0.0217;0.0861;-56.3500;24.0989;0.8570;1.1808;5.0840;3.4314;358.1732;344.3118;260.6219;91.0722;0.0836;357.2534
-0.3174;0.0000;False;False;-56.1850;24.2205;-0.0141;-0.0054;5.0221;3.0709;-0.0056;359.9918;261.8883;85.7336;0.0046;0.0972;5.4414;-0.0001;0.0016;0.0000;0.3050;0.0002;193991;71.85244;Infinity;2677.82;-56.2883;24.5589;1.2859;1.1803;4.6134;2.8484;352.4955;352.6924;261.8877;72.9416;0.0046;1.7359;LeftFalse_RightFalse;LeftFalse_RightFalse;HandLeft_(0.3, -0.8, -0.3)_(0.5, 0.5, -0.7, 0.1)_1.046027_System.String[];HandLeft_(-0.7, -0.3, -0.2)_(0.7, 0.4, -0.5, -0.3)_1.005502_System.String[];HandRight_(0.5, -0.7, -0.3)_(0.0, -0.6, -0.4, 0.7)_1.046027_System.String[];HandRight_(-0.5, -0.5, 0.0)_(0.7, 0.5, 0.3, -0.5)_1.005502_System.String[];38.3479;-0.0217;0.0869;-56.3499;24.3297;0.8570;1.1807;5.0840;3.4443;358.1832;344.3839;260.6282;91.4996;0.0639;357.1857
-0.3174;0.0000;False;False;-56.1850;24.4476;-0.0141;-0.0053;5.0221;3.0831;359.9918;-0.0044;261.8883;86.0394;0.0044;0.1064;5.3954;-0.0001;0.0015;0.0000;0.2731;0.0001;193994;71.77002;Infinity;2677.87;-56.2882;24.7855;1.2859;1.1804;4.6134;2.8591;352.4926;352.6981;261.8878;73.2451;0.0045;1.7449;LeftFalse_RightFalse;LeftFalse_RightFalse;HandLeft_(0.3, -0.8, -0.3)_(0.5, 0.5, -0.7, 0.1)_1.046027_System.String[];HandLeft_(-0.7, -0.3, -0.2)_(0.7, 0.4, -0.5, -0.3)_1.005502_System.String[];HandRight_(0.5, -0.7, -0.3)_(0.0, -0.6, -0.4, 0.7)_1.046027_System.String[];HandRight_(-0.5, -0.5, 0.0)_(0.6, 0.5, 0.3, -0.5)_1.005502_System.String[];38.3899;-0.0217;0.0869;-56.3499;24.5599;0.8570;1.1807;5.0840;3.4559;358.1790;344.4429;260.6312;91.8930;0.0526;357.1827
-0.3174;0.0000;False;False;-56.1850;24.6753;-0.0141;-0.0052;5.0221;3.0941;359.9898;-0.0006;261.8883;86.3508;0.0043;0.1145;5.3497;0.0000;0.0009;0.0000;0.2421;0.0001;193997;71.2907;Infinity;2677.91;-56.2882;25.0122;1.2859;1.1805;4.6134;2.8684;352.4904;352.7037;261.8878;73.5543;0.0044;1.7522;LeftFalse_RightFalse;LeftFalse_RightFalse;HandLeft_(0.3, -0.8, -0.3)_(0.5, 0.5, -0.7, 0.1)_1.046027_System.String[];HandLeft_(-0.7, -0.3, -0.2)_(0.7, 0.4, -0.5, -0.3)_1.005502_System.String[];HandRight_(0.5, -0.7, -0.3)_(0.0, -0.6, -0.4, 0.7)_1.046027_System.String[];HandRight_(-0.5, -0.5, 0.0)_(0.6, 0.5, 0.3, -0.5)_1.005502_System.String[];38.4321;-0.0217;0.0867;-56.3498;24.7901;0.8570;1.1808;5.0840;3.4663;358.1797;344.4683;260.6205;92.2543;0.0499;357.2025
-0.3174;0.0000;False;False;-56.1850;24.8979;-0.0141;-0.0052;5.0221;3.1036;359.9885;0.0028;261.8883;86.6578;0.0043;0.1213;5.3043;0.0000;0.0003;0.0000;0.2120;0.0001;194000;71.55288;Infinity;2677.95;-56.2881;25.2349;1.2859;1.1805;4.6134;2.8763;352.4889;352.7088;261.8878;73.8615;0.0043;1.7587;LeftFalse_RightFalse;LeftFalse_RightFalse;HandLeft_(0.3, -0.8, -0.3)_(0.5, 0.5, -0.7, 0.1)_1.046027_System.String[];HandLeft_(-0.7, -0.3, -0.2)_(0.7, 0.4, -0.5, -0.3)_1.005502_System.String[];HandRight_(0.5, -0.7, -0.3)_(0.0, -0.6, -0.4, 0.7)_1.046027_System.String[];HandRight_(-0.5, -0.5, 0.0)_(0.6, 0.5, 0.3, -0.5)_1.005502_System.String[];38.4739;-0.0217;0.0867;-56.3498;25.0163;0.8570;1.1808;5.0840;3.4752;358.2172;344.4672;260.6010;92.5771;0.0462;357.2199
-0.3174;0.0000;False;False;-56.1850;25.1179;-0.0141;-0.0052;5.0221;3.1117;359.9875;0.0054;261.8883;86.9624;0.0042;0.1258;5.2593;0.0000;-0.0001;0.0000;0.1823;0.0000;194003;71.77927;Infinity;2677.99;-56.2881;25.4545;1.2859;1.1806;4.6134;2.8828;352.4878;352.7127;261.8878;74.1662;0.0043;1.7633;LeftFalse_RightFalse;LeftFalse_RightFalse;HandLeft_(0.3, -0.8, -0.3)_(0.5, 0.5, -0.7, 0.1)_1.046027_System.String[];HandLeft_(-0.7, -0.3, -0.2)_(0.7, 0.4, -0.5, -0.3)_1.005502_System.String[];HandRight_(0.5, -0.7, -0.3)_(0.0, -0.6, -0.4, 0.7)_1.046027_System.String[];HandRight_(-0.5, -0.5, 0.0)_(0.6, 0.5, 0.3, -0.5)_1.005502_System.String[];38.5156;-0.0217;0.0866;-56.3498;25.2394;0.8570;1.1808;5.0840;3.4825;358.2404;344.4379;260.5950;92.8829;0.0371;357.2300
-0.3174;0.0000;False;False;-56.1850;25.3375;-0.0141;-0.0052;5.0221;3.1187;359.9869;0.0074;261.8883;87.2671;0.0042;0.1288;5.2145;0.0000;-0.0005;0.0000;0.1533;0.0000;194006;71.68259;Infinity;2678.03;-56.2881;25.6736;1.2859;1.1805;4.6134;2.8881;352.4871;352.7156;261.8878;74.4714;0.0042;1.7662;LeftFalse_RightFalse;LeftFalse_RightFalse;HandLeft_(0.3, -0.8, -0.3)_(0.5, 0.5, -0.7, 0.1)_1.046027_System.String[];HandLeft_(-0.7, -0.3, -0.2)_(0.7, 0.4, -0.5, -0.3)_1.005502_System.String[];HandRight_(0.5, -0.7, -0.3)_(0.0, -0.6, -0.4, 0.7)_1.046027_System.String[];HandRight_(-0.5, -0.5, 0.0)_(0.6, 0.5, 0.3, -0.5)_1.005502_System.String[];38.5576;-0.0217;0.0862;-56.3498;25.4622;0.8570;1.1808;5.0840;3.4883;358.2686;344.4483;260.6005;93.1786;0.0343;357.2242
-0.3174;0.0000;False;False;-56.1850;25.5543;-0.0141;-0.0052;5.0221;3.1243;359.9865;0.0090;261.8883;87.5680;0.0041;0.1304;5.1699;0.0000;-0.0006;0.0000;0.1253;0.0000;194009;71.72277;Infinity;2678.08;-56.2881;25.8898;1.2859;1.1805;4.6134;2.8921;352.4866;352.7177;261.8878;74.7729;0.0042;1.7678;LeftFalse_RightFalse;LeftFalse_RightFalse;HandLeft_(0.3, -0.8, -0.3)_(0.5, 0.5, -0.7, 0.1)_1.046027_System.String[];HandLeft_(-0.7, -0.3, -0.2)_(0.8, 0.4, -0.4, -0.3)_1.005502_System.String[];HandRight_(0.5, -0.7, -0.3)_(0.0, -0.6, -0.4, 0.7)_1.046027_System.String[];HandRight_(-0.5, -0.5, 0.0)_(0.6, 0.5, 0.3, -0.5)_1.005502_System.String[];38.5994;-0.0217;0.0851;-56.3498;25.6821;0.8570;1.1805;5.0840;3.4930;358.3155;344.5290;260.6008;93.4414;0.0306;357.2268
-0.3174;0.0000;False;False;-56.1851;25.7712;-0.0141;-0.0053;5.0221;3.1289;359.9862;0.0109;261.8883;87.8672;0.0041;0.1309;5.1256;0.0000;-0.0003;0.0000;0.0986;0.0000;194012;71.35434;Infinity;2678.12;-56.2881;26.1042;1.2859;1.1805;4.6134;2.8948;352.4863;352.7196;261.8878;75.0710;0.0041;1.7682;LeftFalse_RightFalse;LeftFalse_RightFalse;HandLeft_(0.3, -0.8, -0.3)_(0.5, 0.5, -0.7, 0.1)_1.046027_System.String[];HandLeft_(-0.7, -0.3, -0.2)_(0.8, 0.4, -0.4, -0.3)_1.005502_System.String[];HandRight_(0.5, -0.7, -0.3)_(0.0, -0.6, -0.4, 0.7)_1.046027_System.String[];HandRight_(-0.5, -0.5, 0.0)_(0.6, 0.6, 0.3, -0.5)_1.005502_System.String[];38.6416;-0.0217;0.0839;-56.3498;25.9005;0.8570;1.1803;5.0839;3.4963;358.3720;344.6337;260.4828;93.6899;0.0910;357.2059
-0.3174;0.0000;False;False;-56.1851;25.9864;-0.0141;-0.0053;5.0221;3.1323;359.9860;0.0137;261.8883;88.1613;0.0041;0.1314;5.0816;0.0000;-0.0005;0.0000;0.0732;0.0000;194015;71.20033;Infinity;2678.16;-56.2881;26.3201;1.2859;1.1805;4.6134;2.8965;352.4861;352.7221;261.8878;75.3687;0.0041;1.7680;LeftFalse_RightFalse;LeftFalse_RightFalse;HandLeft_(0.3, -0.8, -0.3)_(0.5, 0.5, -0.7, 0.1)_1.046027_System.String[];HandLeft_(-0.7, -0.3, -0.2)_(0.8, 0.4, -0.5, -0.3)_1.005502_System.String[];HandRight_(0.5, -0.7, -0.3)_(0.0, -0.6, -0.4, 0.7)_1.046027_System.String[];HandRight_(-0.5, -0.5, 0.0)_(0.6, 0.6, 0.3, -0.5)_1.005502_System.String[];38.6838;-0.0217;0.0826;-56.3496;26.1201;0.8570;1.1802;5.0825;3.4986;358.4623;344.7507;259.7357;93.9408;0.3718;357.1664
-0.3174;0.0000;False;False;-56.1851;26.2009;-0.0141;-0.0053;5.0221;3.1346;359.9859;0.0170;261.8883;88.4507;0.0041;0.1309;5.0162;0.0000;-0.0007;0.0000;0.0374;0.0000;194018;70.97011;Infinity;2678.20;-56.2881;26.5342;1.2859;1.1804;4.6134;2.8971;352.4859;352.7252;261.8878;75.6605;0.0041;1.7673;LeftFalse_RightFalse;LeftFalse_RightFalse;HandLeft_(0.3, -0.8, -0.3)_(0.5, 0.5, -0.7, 0.1)_1.046027_System.String[];HandLeft_(-0.7, -0.3, -0.2)_(0.8, 0.4, -0.5, -0.3)_1.005502_System.String[];HandRight_(0.5, -0.7, -0.3)_(0.0, -0.6, -0.3, 0.7)_1.046027_System.String[];HandRight_(-0.5, -0.5, 0.0)_(0.6, 0.6, 0.3, -0.5)_1.005502_System.String[];38.7263;-0.0217;0.0803;-56.3491;26.3380;0.8565;1.1801;5.0794;3.4997;358.7256;344.8569;257.7275;94.2035;0.9503;357.0968
-0.3174;0.0000;False;False;-56.1850;26.4093;-0.0141;-0.0053;5.0221;3.1359;359.9859;0.0209;261.8883;88.7268;0.0040;0.1288;4.9731;0.0000;-0.0028;0.0000;0.0169;0.0000;194021;71.47235;Infinity;2678.24;-56.2881;26.7427;1.2859;1.1804;4.6134;2.8967;352.4859;352.7285;261.8878;75.9405;0.0041;1.7649;LeftFalse_RightFalse;LeftFalse_RightFalse;HandLeft_(0.3, -0.8, -0.3)_(0.5, 0.5, -0.7, 0.1)_1.046027_System.String[];HandLeft_(-0.7, -0.3, -0.2)_(0.8, 0.4, -0.5, -0.3)_1.005502_System.String[];HandRight_(0.5, -0.7, -0.3)_(0.0, -0.6, -0.3, 0.7)_1.046027_System.String[];HandRight_(-0.5, -0.5, 0.0)_(0.6, 0.6, 0.3, -0.5)_1.005502_System.String[];38.7681;-0.0217;0.0764;-56.3481;26.5504;0.8560;1.1801;5.0744;3.4998;359.1575;344.9034;254.4890;94.4716;1.6521;357.0063
-0.3254;0.0000;False;False;-56.1851;26.6158;-0.0141;-0.0054;5.0221;3.1363;359.9858;0.0250;261.8883;88.9927;0.0040;0.1253;4.9304;0.0000;-0.0023;0.0000;-0.0007;0.0000;194024;71.7287;Infinity;2678.29;-56.2881;26.9488;1.2859;1.1802;4.6134;2.8955;352.4859;352.7318;261.8878;76.2107;0.0041;1.7609;LeftFalse_RightFalse;LeftFalse_RightFalse;HandLeft_(0.3, -0.8, -0.3)_(0.5, 0.5, -0.7, 0.1)_1.046027_System.String[];HandLeft_(-0.7, -0.3, -0.2)_(0.8, 0.4, -0.5, -0.3)_1.005502_System.String[];HandRight_(0.5, -0.7, -0.3)_(0.0, -0.7, -0.3, 0.7)_1.046027_System.String[];HandRight_(-0.5, -0.5, 0.0)_(0.6, 0.6, 0.3, -0.5)_1.005502_System.String[];38.8096;-0.0217;0.0715;-56.3465;26.7602;0.8554;1.1801;5.0682;3.4990;359.5764;344.8860;250.3831;94.7355;2.3528;356.9284
-0.3293;0.0000;False;False;-56.1850;26.8215;-0.0141;-0.0055;5.0221;3.1360;359.9859;0.0287;261.8883;89.2469;0.0040;0.1211;4.8881;0.0000;-0.0020;0.0000;-0.0164;0.0000;194027;71.65092;Infinity;2678.33;-56.2881;27.1533;1.2859;1.1801;4.6134;2.8935;352.4859;352.7346;261.8878;76.4691;0.0041;1.7563;LeftFalse_RightFalse;LeftFalse_RightFalse;HandLeft_(0.3, -0.8, -0.3)_(0.5, 0.5, -0.7, 0.1)_1.046027_System.String[];HandLeft_(-0.7, -0.3, -0.2)_(0.7, 0.4, -0.5, -0.3)_1.005502_System.String[];HandRight_(0.5, -0.7, -0.3)_(0.0, -0.6, -0.3, 0.7)_1.046027_System.String[];HandRight_(-0.5, -0.5, 0.0)_(0.6, 0.6, 0.3, -0.4)_1.005502_System.String[];38.8516;-0.0217;0.0667;-56.3442;26.9682;0.8545;1.1801;5.0618;3.4977;0.1301;344.8047;245.9070;94.9910;3.1744;356.8557
-0.3373;0.0000;False;False;-56.1851;27.0243;-0.0141;-0.0056;5.0221;3.1351;359.9859;0.0321;261.8883;89.4853;0.0040;0.1163;4.8462;0.0000;-0.0021;0.0000;-0.0314;0.0000;194030;71.82428;Infinity;2678.37;-56.2881;27.3566;1.2859;1.1799;4.6134;2.8910;352.4859;352.7371;261.8878;76.7141;0.0041;1.7510;LeftFalse_RightFalse;LeftFalse_RightFalse;HandLeft_(0.3, -0.8, -0.3)_(0.5, 0.5, -0.7, 0.1)_1.046027_System.String[];HandLeft_(-0.7, -0.3, -0.2)_(0.8, 0.4, -0.5, -0.3)_1.005502_System.String[];HandRight_(0.5, -0.7, -0.3)_(0.0, -0.6, -0.3, 0.7)_1.046027_System.String[];HandRight_(-0.5, -0.5, -0.1)_(0.5, 0.6, 0.4, -0.4)_1.005502_System.String[];38.8933;-0.0217;0.0639;-56.3411;27.1751;0.8536;1.1802;5.0555;3.4956;0.8094;344.6573;241.3463;95.2395;4.0581;356.7734
-0.3492;0.0000;False;False;-56.1851;27.2253;-0.0141;-0.0057;5.0221;3.1335;359.9859;0.0350;261.8883;89.7103;0.0040;0.1105;4.8046;0.0000;-0.0022;0.0000;-0.0465;0.0000;194033;71.90636;Infinity;2678.41;-56.2881;27.5573;1.2859;1.1798;4.6134;2.8879;352.4859;352.7388;261.8878;76.9441;0.0040;1.7448;LeftFalse_RightFalse;LeftFalse_RightFalse;HandLeft_(0.3, -0.8, -0.3)_(0.5, 0.5, -0.7, 0.1)_1.046027_System.String[];HandLeft_(-0.7, -0.3, -0.2)_(0.8, 0.4, -0.5, -0.2)_1.005502_System.String[];HandRight_(0.5, -0.7, -0.3)_(0.0, -0.6, -0.3, 0.7)_1.046027_System.String[];HandRight_(-0.5, -0.5, -0.1)_(0.5, 0.6, 0.4, -0.4)_1.005502_System.String[];38.9348;-0.0217;0.0635;-56.3380;27.3792;0.8527;1.1802;5.0499;3.4930;1.4492;344.5147;237.2708;95.4649;4.8458;356.6688
-0.3651;0.0000;False;False;-56.1851;27.4246;-0.0141;-0.0058;5.0221;3.1312;359.9859;0.0375;261.8883;89.9253;0.0040;0.1052;4.7632;0.0000;-0.0023;0.0000;-0.0623;0.0000;194036;71.95541;Infinity;2678.45;-56.2881;27.7563;1.2859;1.1797;4.6134;2.8843;352.4859;352.7401;261.8878;77.1629;0.0040;1.7388;LeftFalse_RightFalse;LeftFalse_RightFalse;HandLeft_(0.3, -0.8, -0.3)_(0.5, 0.5, -0.7, 0.2)_1.046027_System.String[];HandLeft_(-0.7, -0.3, -0.2)_(0.7, 0.4, -0.5, -0.2)_1.005502_System.String[];HandRight_(0.5, -0.7, -0.3)_(0.0, -0.6, -0.3, 0.7)_1.046027_System.String[];HandRight_(-0.5, -0.5, -0.1)_(0.5, 0.6, 0.4, -0.4)_1.005502_System.String[];38.9766;-0.0216;0.0635;-56.3349;27.5812;0.8519;1.1802;5.0454;3.4900;1.9823;344.4113;233.8702;95.6704;5.4964;356.5676
-0.3928;0.0000;False;False;-56.1851;27.6239;-0.0141;-0.0059;5.0221;3.1282;359.9859;0.0398;261.8883;90.1355;0.0040;0.1006;4.7221;0.0000;-0.0023;0.0000;-0.0782;0.0000;194039;71.55567;Infinity;2678.50;-56.2881;27.9535;1.2859;1.1795;4.6134;2.8800;352.4859;352.7414;261.8878;77.3736;0.0040;1.7335;LeftFalse_RightFalse;LeftFalse_RightFalse;HandLeft_(0.3, -0.8, -0.3)_(0.5, 0.5, -0.7, 0.1)_1.046027_System.String[];HandLeft_(-0.7, -0.3, -0.2)_(0.7, 0.4, -0.4, -0.2)_1.005502_System.String[];HandRight_(0.5, -0.7, -0.3)_(0.1, -0.6, -0.4, 0.7)_1.046027_System.String[];HandRight_(-0.5, -0.5, -0.1)_(0.5, 0.6, 0.4, -0.5)_1.005502_System.String[];39.0186;-0.0216;0.0635;-56.3320;27.7813;0.8513;1.1802;5.0418;3.4863;2.4755;344.3880;231.2197;95.8573;5.9846;356.4642
-0.4444;0.0000;False;False;-56.1851;27.8206;-0.0141;-0.0060;5.0221;3.1246;359.9860;0.0419;261.8883;90.3399;0.0040;0.0967;4.6812;0.0000;-0.0023;0.0000;-0.0939;0.0000;194042;71.60847;Infinity;2678.54;-56.2881;28.1518;1.2859;1.1794;4.6134;2.8750;352.4860;352.7426;261.8878;77.5820;0.0040;1.7289;LeftFalse_RightFalse;LeftFalse_RightFalse;HandLeft_(0.3, -0.8, -0.3)_(0.5, 0.5, -0.7, 0.1)_1.046027_System.String[];HandLeft_(-0.7, -0.3, -0.2)_(0.8, 0.4, -0.4, -0.2)_1.005502_System.String[];HandRight_(0.5, -0.7, -0.3)_(0.0, -0.6, -0.4, 0.7)_1.046027_System.String[];HandRight_(-0.5, -0.5, -0.1)_(0.5, 0.6, 0.4, -0.5)_1.005502_System.String[];39.0605;-0.0215;0.0635;-56.3295;27.9825;0.8508;1.1802;5.0393;3.4820;2.8076;344.4457;229.3060;96.0329;6.3320;356.3588
-0.4722;0.0000;False;False;-56.1851;28.0145;-0.0141;-0.0061;5.0221;3.1202;359.9860;0.0443;261.8883;90.5397;0.0040;0.0940;4.6407;0.0000;-0.0026;0.0000;-0.1093;0.0000;194045;71.79726;Infinity;2678.58;-56.2881;28.3454;1.2859;1.1793;4.6134;2.8694;352.4860;352.7441;261.8878;77.7832;0.0040;1.7254;LeftFalse_RightFalse;LeftFalse_RightFalse;HandLeft_(0.3, -0.8, -0.3)_(0.5, 0.5, -0.7, 0.2)_1.046027_System.String[];HandLeft_(-0.7, -0.3, -0.2)_(0.8, 0.5, -0.4, -0.2)_1.005502_System.String[];HandRight_(0.5, -0.7, -0.4)_(0.0, -0.6, -0.4, 0.7)_1.046027_System.String[];HandRight_(-0.5, -0.5, -0.1)_(0.5, 0.6, 0.4, -0.5)_1.005502_System.String[];39.1021;-0.0215;0.0635;-56.3274;28.1786;0.8504;1.1802;5.0376;3.4768;2.9452;344.4951;227.9891;96.2126;6.6754;356.2559
-0.4841;0.0000;False;False;-56.1851;28.2066;-0.0141;-0.0062;5.0221;3.1152;359.9860;0.0468;261.8883;90.7366;0.0040;0.0920;4.6005;0.0000;-0.0026;0.0000;-0.1242;0.0000;194048;71.89825;Infinity;2678.62;-56.2881;28.5373;1.2859;1.1792;4.6134;2.8632;352.4860;352.7461;261.8878;77.9814;0.0040;1.7227;LeftFalse_RightFalse;LeftFalse_RightFalse;HandLeft_(0.3, -0.8, -0.3)_(0.5, 0.5, -0.7, 0.2)_1.046027_System.String[];HandLeft_(-0.7, -0.3, -0.2)_(0.7, 0.5, -0.4, -0.2)_1.005502_System.String[];HandRight_(0.5, -0.7, -0.4)_(0.0, -0.6, -0.4, 0.7)_1.046027_System.String[];HandRight_(-0.5, -0.5, -0.1)_(0.5, 0.6, 0.4, -0.5)_1.005502_System.String[];39.1438;-0.0211;0.0635;-56.3254;28.3731;0.8501;1.1802;5.0362;3.4709;2.9888;344.5235;226.9705;96.4264;6.9822;356.1478
-0.5000;0.0000;False;False;-56.1851;28.3970;-0.0141;-0.0063;5.0221;3.1096;359.9860;0.0495;261.8883;90.9312;0.0040;0.0902;4.5408;0.0000;-0.0029;0.0000;-0.1458;0.0000;194051;71.94852;Infinity;2678.66;-56.2881;28.7274;1.2859;1.1790;4.6134;2.8564;352.4860;352.7482;261.8878;78.1771;0.0040;1.7204;LeftFalse_RightFalse;LeftFalse_RightFalse;HandLeft_(0.3, -0.8, -0.3)_(0.5, 0.5, -0.7, 0.2)_1.046027_System.String[];HandLeft_(-0.7, -0.3, -0.2)_(0.7, 0.6, -0.3, -0.1)_1.005502_System.String[];HandRight_(0.5, -0.8, -0.4)_(0.0, -0.6, -0.4, 0.7)_1.046027_System.String[];HandRight_(-0.5, -0.5, -0.1)_(0.5, 0.6, 0.3, -0.5)_1.005502_System.String[];39.1855;-0.0200;0.0635;-56.3234;28.5659;0.8498;1.1801;5.0353;3.4645;3.0690;344.5171;226.0971;96.6773;7.2178;356.0137
-0.5039;0.0000;False;False;-56.1851;28.5857;-0.0141;-0.0065;5.0221;3.1034;359.9860;0.0524;261.8883;91.1237;0.0040;0.0881;4.5014;0.0000;-0.0032;0.0000;-0.1597;0.0000;194054;71.96806;Infinity;2678.70;-56.2881;28.9159;1.2859;1.1789;4.6134;2.8490;352.4860;352.7505;261.8878;78.3706;0.0040;1.7177;LeftFalse_RightFalse;LeftFalse_RightFalse;HandLeft_(0.3, -0.8, -0.3)_(0.5, 0.5, -0.7, 0.2)_1.046027_System.String[];HandLeft_(-0.7, -0.3, -0.2)_(0.7, 0.6, -0.3, -0.2)_1.005502_System.String[];HandRight_(0.5, -0.8, -0.4)_(0.0, -0.6, -0.4, 0.7)_1.046027_System.String[];HandRight_(-0.5, -0.5, -0.1)_(0.6, 0.6, 0.3, -0.5)_1.005502_System.String[];39.2271;-0.0186;0.0635;-56.3214;28.7567;0.8499;1.1800;5.0344;3.4575;3.1585;344.4935;225.3100;96.9530;7.4282;355.8479
-0.5117;0.0000;False;False;-56.1850;28.7730;-0.0141;-0.0066;5.0221;3.0965;359.9860;0.0550;261.8883;91.3146;0.0040;0.0871;4.4624;0.0000;-0.0034;0.0000;-0.1731;0.0000;194057;71.89834;Infinity;2678.75;-56.2881;29.1026;1.2859;1.1787;4.6134;2.8410;352.4860;352.7529;261.8878;78.5620;0.0040;1.7158;LeftFalse_RightFalse;LeftFalse_RightFalse;HandLeft_(0.3, -0.8, -0.3)_(0.5, 0.5, -0.7, 0.2)_1.046027_System.String[];HandLeft_(-0.7, -0.3, -0.2)_(0.7, 0.6, -0.3, -0.2)_1.005502_System.String[];HandRight_(0.5, -0.8, -0.4)_(0.0, -0.6, -0.4, 0.7)_1.046027_System.String[];HandRight_(-0.5, -0.5, 0.0)_(0.6, 0.6, 0.3, -0.5)_1.005502_System.String[];39.2688;-0.0175;0.0635;-56.3193;28.9458;0.8499;1.1798;5.0336;3.4497;3.2991;344.4633;224.5927;97.2482;7.6414;355.6892
-0.5195;0.0000;False;False;-56.1850;28.9594;-0.0141;-0.0067;5.0221;3.0890;359.9860;0.0575;261.8883;91.5045;0.0040;0.0864;4.4236;0.0000;-0.0035;0.0000;-0.1862;0.0000;194060;71.77145;Infinity;2678.79;-56.2881;29.2891;1.2859;1.1785;4.6134;2.8324;352.4860;352.7552;261.8878;78.7531;0.0040;1.7144;LeftFalse_RightFalse;LeftFalse_RightFalse;HandLeft_(0.3, -0.7, -0.3)_(0.6, 0.4, -0.7, 0.2)_1.046027_System.String[];HandLeft_(-0.7, -0.3, -0.2)_(0.7, 0.6, -0.3, -0.2)_1.005502_System.String[];HandRight_(0.5, -0.7, -0.3)_(0.0, -0.6, -0.3, 0.7)_1.046027_System.String[];HandRight_(-0.5, -0.5, 0.0)_(0.6, 0.6, 0.2, -0.5)_1.005502_System.String[];39.3108;-0.0171;0.0635;-56.3169;29.1348;0.8498;1.1794;5.0327;3.4414;3.4167;344.3928;223.8412;97.5589;7.9257;355.5490
-0.5195;0.0000;False;False;-56.1851;29.1430;-0.0141;-0.0069;5.0221;3.0810;359.9860;0.0596;261.8883;91.6915;0.0040;0.0853;4.3852;0.0000;-0.0037;0.0000;-0.1989;0.0000;194063;71.88481;Infinity;2678.83;-56.2881;29.4725;1.2859;1.1784;4.6134;2.8233;352.4860;352.7572;261.8878;78.9408;0.0040;1.7130;LeftFalse_RightFalse;LeftFalse_RightFalse;HandLeft_(0.3, -0.7, -0.3)_(0.6, 0.4, -0.7, 0.2)_1.046027_System.String[];HandLeft_(-0.7, -0.3, -0.2)_(0.7, 0.6, -0.3, -0.2)_1.005502_System.String[];HandRight_(0.5, -0.7, -0.3)_(0.0, -0.6, -0.4, 0.7)_1.046027_System.String[];HandRight_(-0.5, -0.5, 0.0)_(0.6, 0.6, 0.2, -0.5)_1.005502_System.String[];39.3525;-0.0170;0.0635;-56.3141;29.3205;0.8496;1.1791;5.0319;3.4325;3.5259;344.2651;223.0451;97.8537;8.2504;355.4541
-0.5234;0.0000;False;False;-56.1851;29.3249;-0.0141;-0.0070;5.0221;3.0725;359.9860;0.0612;261.8883;91.8768;0.0040;0.0838;4.3471;0.0000;-0.0039;0.0000;-0.2113;0.0000;194066;71.93954;Infinity;2678.87;-56.2881;29.6541;1.2859;1.1782;4.6134;2.8137;352.4860;352.7587;261.8878;79.1269;0.0040;1.7113;LeftFalse_RightFalse;LeftFalse_RightFalse;HandLeft_(0.3, -0.7, -0.3)_(0.5, 0.4, -0.7, 0.2)_1.046027_System.String[];HandLeft_(-0.7, -0.3, -0.2)_(0.7, 0.6, -0.4, -0.2)_1.005502_System.String[];HandRight_(0.5, -0.7, -0.3)_(0.1, -0.6, -0.4, 0.7)_1.046027_System.String[];HandRight_(-0.5, -0.5, 0.0)_(0.6, 0.5, 0.3, -0.6)_1.005502_System.String[];39.3940;-0.0184;0.0635;-56.3108;29.5045;0.8496;1.1789;5.0311;3.4229;3.5432;344.0330;222.2678;98.1038;8.5726;355.3977
-0.5234;0.0000;False;False;-56.1851;29.5054;-0.0141;-0.0072;5.0221;3.0634;359.9860;0.0626;261.8883;92.0607;0.0040;0.0822;4.3093;0.0000;-0.0039;0.0000;-0.2233;0.0000;194069;71.90856;Infinity;2678.91;-56.2881;29.8341;1.2859;1.1780;4.6134;2.8035;352.4860;352.7598;261.8878;79.3113;0.0040;1.7094;LeftFalse_RightFalse;LeftFalse_RightFalse;HandLeft_(0.3, -0.7, -0.3)_(0.5, 0.4, -0.7, 0.2)_1.046027_System.String[];HandLeft_(-0.7, -0.3, -0.2)_(0.7, 0.6, -0.4, -0.1)_1.005502_System.String[];HandRight_(0.5, -0.7, -0.3)_(0.1, -0.6, -0.4, 0.7)_1.046027_System.String[];HandRight_(-0.5, -0.5, 0.0)_(0.6, 0.4, 0.3, -0.6)_1.005502_System.String[];39.4358;-0.0206;0.0635;-56.3070;29.6867;0.8498;1.1787;5.0304;3.4128;3.5073;343.7556;221.5255;98.3123;8.8838;355.3546
-0.5273;0.0000;False;False;-56.1851;29.6860;-0.0141;-0.0074;5.0221;3.0538;359.9860;0.0639;261.8883;92.2446;0.0040;0.0807;4.2717;0.0000;-0.0040;0.0000;-0.2350;0.0000;194072;71.63742;Infinity;2678.95;-56.2881;30.0147;1.2859;1.1778;4.6134;2.7927;352.4860;352.7607;261.8878;79.4963;0.0040;1.7075;LeftFalse_RightFalse;LeftFalse_RightFalse;HandLeft_(0.3, -0.7, -0.3)_(0.5, 0.4, -0.7, 0.2)_1.046027_System.String[];HandLeft_(-0.7, -0.3, -0.2)_(0.7, 0.6, -0.4, -0.2)_1.005502_System.String[];HandRight_(0.5, -0.7, -0.3)_(0.0, -0.6, -0.4, 0.7)_1.046027_System.String[];HandRight_(-0.5, -0.5, 0.0)_(0.6, 0.4, 0.3, -0.6)_1.005502_System.String[];39.4780;-0.0232;0.0635;-56.3028;29.8694;0.8498;1.1785;5.0299;3.4019;3.4595;343.4915;220.8772;98.4840;9.1164;355.3277
-0.5312;0.0000;False;False;-56.1851;29.8630;-0.0141;-0.0075;5.0221;3.0437;359.9860;0.0649;261.8883;92.4250;0.0040;0.0791;4.2346;0.0000;-0.0040;0.0000;-0.2463;0.0000;194075;71.81027;Infinity;2679.00;-56.2881;30.1914;1.2859;1.1777;4.6134;2.7816;352.4860;352.7614;261.8878;79.6774;0.0040;1.7058;LeftFalse_RightFalse;LeftFalse_RightFalse;HandLeft_(0.3, -0.7, -0.3)_(0.6, 0.4, -0.7, 0.2)_1.046027_System.String[];HandLeft_(-0.7, -0.3, -0.2)_(0.7, 0.6, -0.4, -0.1)_1.005502_System.String[];HandRight_(0.5, -0.7, -0.3)_(0.0, -0.6, -0.4, 0.7)_1.046027_System.String[];HandRight_(-0.5, -0.5, 0.0)_(0.6, 0.4, 0.3, -0.6)_1.005502_System.String[];39.5198;-0.0259;0.0635;-56.2980;30.0486;0.8496;1.1784;5.0296;3.3906;3.4365;343.2481;220.3009;98.6169;9.3161;355.3168
-0.5312;0.0000;False;False;-56.1851;30.0389;-0.0141;-0.0077;5.0221;3.0331;359.9860;0.0658;261.8883;92.6041;0.0040;0.0777;4.1977;0.0000;-0.0041;0.0000;-0.2573;0.0000;194078;71.83321;Infinity;2679.04;-56.2881;30.3670;1.2859;1.1775;4.6134;2.7699;352.4860;352.7619;261.8878;79.8573;0.0040;1.7041;LeftFalse_RightFalse;LeftFalse_RightFalse;HandLeft_(0.3, -0.7, -0.2)_(0.6, 0.4, -0.7, 0.2)_1.046027_System.String[];HandLeft_(-0.7, -0.3, -0.2)_(0.7, 0.6, -0.4, -0.1)_1.005502_System.String[];HandRight_(0.6, -0.8, -0.3)_(0.1, -0.6, -0.4, 0.7)_1.046027_System.String[];HandRight_(-0.5, -0.5, 0.0)_(0.6, 0.4, 0.2, -0.7)_1.005502_System.String[];39.5615;-0.0269;0.0635;-56.2926;30.2264;0.8494;1.1783;5.0295;3.3788;3.4370;342.9968;219.7193;98.6934;9.5114;355.3576
-0.5195;0.0000;False;False;-56.1851;30.2139;-0.0141;-0.0079;5.0221;3.0220;359.9860;0.0669;261.8883;92.7825;0.0040;0.0767;4.1611;0.0000;-0.0042;0.0000;-0.2679;0.0000;194081;71.64941;Infinity;2679.08;-56.2881;30.5411;1.2859;1.1773;4.6134;2.7577;352.4860;352.7627;261.8878;80.0357;0.0040;1.7028;LeftFalse_RightFalse;LeftFalse_RightFalse;HandLeft_(0.3, -0.7, -0.2)_(0.6, 0.4, -0.7, 0.2)_1.046027_System.String[];HandLeft_(-0.7, -0.3, -0.1)_(0.7, 0.6, -0.3, -0.1)_1.005502_System.String[];HandRight_(0.6, -0.8, -0.3)_(0.0, -0.6, -0.5, 0.7)_1.046027_System.String[];HandRight_(-0.5, -0.5, 0.0)_(0.6, 0.4, 0.2, -0.6)_1.005502_System.String[];39.6033;-0.0262;0.0635;-56.2865;30.4028;0.8490;1.1785;5.0294;3.3663;3.4881;342.7301;219.0862;98.7176;9.6612;355.4245
-0.5195;0.0000;False;False;-56.1851;30.3875;-0.0141;-0.0081;5.0221;3.0104;359.9860;0.0680;261.8883;92.9594;0.0040;0.0758;4.1068;0.0000;-0.0041;0.0000;-0.2833;0.0000;194084;71.54488;Infinity;2679.12;-56.2881;30.7148;1.2859;1.1771;4.6134;2.7451;352.4860;352.7636;261.8878;80.2136;0.0040;1.7016;LeftFalse_RightFalse;LeftFalse_RightFalse;HandLeft_(0.3, -0.7, -0.2)_(0.6, 0.4, -0.7, 0.2)_1.046027_System.String[];HandLeft_(-0.7, -0.4, -0.1)_(0.7, 0.6, -0.3, -0.1)_1.005502_System.String[];HandRight_(0.6, -0.8, -0.3)_(0.0, -0.6, -0.5, 0.7)_1.046027_System.String[];HandRight_(-0.5, -0.5, 0.0)_(0.6, 0.4, 0.2, -0.6)_1.005502_System.String[];39.6455;-0.0263;0.0635;-56.2804;30.5790;0.8489;1.1786;5.0296;3.3531;3.5384;342.4702;218.3887;98.6907;9.8690;355.4934
-0.5195;-0.0159;False;False;-56.1851;30.5581;-0.0141;-0.0082;5.0221;2.9985;359.9860;0.0693;261.8883;93.1333;0.0040;0.0750;4.0674;0.0000;-0.0042;0.0000;-0.2929;0.0000;194087;71.76068;Infinity;2679.16;-56.2881;30.8854;1.2859;1.1769;4.6134;2.7321;352.4860;352.7646;261.8878;80.3885;0.0040;1.7006;LeftFalse_RightFalse;LeftFalse_RightFalse;HandLeft_(0.3, -0.7, -0.2)_(0.6, 0.4, -0.7, 0.2)_1.046027_System.String[];HandLeft_(-0.7, -0.4, -0.1)_(0.7, 0.7, -0.3, -0.1)_1.005502_System.String[];HandRight_(0.6, -0.8, -0.3)_(0.0, -0.6, -0.5, 0.7)_1.046027_System.String[];HandRight_(-0.5, -0.5, 0.0)_(0.7, 0.4, 0.2, -0.6)_1.005502_System.String[];39.6870;-0.0263;0.0635;-56.2746;30.7519;0.8487;1.1787;5.0300;3.3391;3.5985;342.1954;217.6663;98.5502;10.2109;355.6161
-0.5078;-0.0317;False;False;-56.1851;30.7278;-0.0141;-0.0084;5.0221;2.9861;359.9860;0.0712;261.8883;93.3063;0.0040;0.0741;4.0252;0.0000;-0.0044;0.0000;-0.3019;0.0000;194090;71.68908;Infinity;2679.21;-56.2881;31.0545;1.2859;1.1767;4.6134;2.7187;352.4860;352.7660;261.8878;80.5619;0.0040;1.6993;LeftFalse_RightFalse;LeftFalse_RightFalse;HandLeft_(0.3, -0.8, -0.2)_(0.6, 0.3, -0.7, 0.2)_1.046027_System.String[];HandLeft_(-0.7, -0.4, -0.1)_(0.8, 0.6, -0.2, -0.1)_1.005502_System.String[];HandRight_(0.6, -0.9, -0.3)_(0.0, -0.6, -0.5, 0.7)_1.046027_System.String[];HandRight_(-0.5, -0.5, 0.0)_(0.6, 0.4, 0.2, -0.7)_1.005502_System.String[];39.7290;-0.0262;0.0635;-56.2693;30.9234;0.8483;1.1787;5.0302;3.3244;3.7712;341.8910;216.9858;98.2925;10.6447;355.8118
-0.5078;-0.0397;False;False;-56.1851;30.8962;-0.0141;-0.0086;5.0221;2.9733;359.9860;0.0737;261.8883;93.4780;0.0040;0.0736;3.9788;0.0000;-0.0044;0.0000;-0.3102;0.0000;194093;71.54579;Infinity;2679.25;-56.2881;31.2228;1.2859;1.1765;4.6134;2.7048;352.4860;352.7681;261.8878;80.7345;0.0040;1.6982;LeftFalse_RightFalse;LeftFalse_RightFalse;HandLeft_(0.3, -0.9, -0.2)_(0.6, 0.4, -0.7, 0.2)_1.046027_System.String[];HandLeft_(-0.7, -0.4, -0.1)_(0.8, 0.5, -0.1, -0.2)_1.005502_System.String[];HandRight_(0.5, -0.9, -0.2)_(0.0, -0.6, -0.4, 0.7)_1.046027_System.String[];HandRight_(-0.5, -0.5, 0.0)_(0.6, 0.4, 0.2, -0.7)_1.005502_System.String[];39.7710;-0.0262;0.0635;-56.2648;31.0939;0.8480;1.1786;5.0300;3.3092;4.0393;341.4737;216.3081;97.9179;11.1699;356.1278
-0.5078;-0.0595;False;False;-56.1850;31.0623;-0.0141;-0.0088;5.0221;2.9601;359.9860;0.0769;261.8883;93.6475;0.0040;0.0730;3.9289;0.0000;-0.0043;0.0000;-0.3179;0.0000;194096;71.49065;Infinity;2679.29;-56.2881;31.3888;1.2859;1.1763;4.6134;2.6906;352.4860;352.7708;261.8878;80.9046;0.0040;1.6971;LeftFalse_RightFalse;LeftFalse_RightFalse;HandLeft_(0.3, -0.9, -0.2)_(0.6, 0.4, -0.7, 0.2)_1.046027_System.String[];HandLeft_(-0.7, -0.4, -0.1)_(0.8, 0.5, -0.1, -0.2)_1.005502_System.String[];HandRight_(0.5, -0.9, -0.2)_(-0.1, -0.6, -0.4, 0.7)_1.046027_System.String[];HandRight_(-0.5, -0.5, 0.0)_(0.6, 0.4, 0.2, -0.7)_1.005502_System.String[];39.8130;-0.0262;0.0635;-56.2613;31.2621;0.8473;1.1788;5.0296;3.2931;4.3313;340.8736;215.5197;97.3846;11.7138;356.5690
-0.5039;-0.0635;False;False;-56.1851;31.2263;-0.0141;-0.0090;5.0221;2.9466;359.9860;0.0805;261.8883;93.8148;0.0040;0.0722;3.8750;0.0000;-0.0042;0.0000;-0.3249;0.0000;194099;71.42622;Infinity;2679.33;-56.2881;31.5529;1.2859;1.1761;4.6134;2.6761;352.4860;352.7742;261.8878;81.0730;0.0040;1.6955;LeftFalse_RightFalse;LeftFalse_RightFalse;HandLeft_(0.3, -0.9, -0.2)_(0.6, 0.5, -0.6, 0.2)_1.046027_System.String[];HandLeft_(-0.7, -0.4, -0.1)_(0.9, 0.4, -0.1, 0.0)_1.005502_System.String[];HandRight_(0.5, -0.9, -0.2)_(-0.1, -0.6, -0.4, 0.7)_1.046027_System.String[];HandRight_(-0.5, -0.5, 0.0)_(0.6, 0.4, 0.2, -0.7)_1.005502_System.String[];39.8550;-0.0262;0.0635;-56.2584;31.4283;0.8463;1.1790;5.0287;3.2764;4.6744;340.2398;214.6015;96.8278;12.1215;357.0796
-0.5039;-0.0833;False;False;-56.1851;31.3878;-0.0141;-0.0091;5.0221;2.9328;359.9860;0.0844;261.8883;93.9797;0.0040;0.0709;3.8187;0.0000;-0.0041;0.0000;-0.3313;0.0000;194102;71.43751;Infinity;2679.37;-56.2881;31.7148;1.2859;1.1759;4.6134;2.6612;352.4860;352.7776;261.8878;81.2393;0.0040;1.6936;LeftFalse_RightFalse;LeftFalse_RightFalse;HandLeft_(0.3, -1.0, -0.1)_(0.5, 0.5, -0.6, 0.3)_1.046027_System.String[];HandLeft_(-0.7, -0.5, -0.1)_(0.9, 0.4, -0.1, 0.1)_1.005502_System.String[];HandRight_(0.5, -1.0, -0.1)_(-0.3, -0.6, -0.3, 0.7)_1.046027_System.String[];HandRight_(-0.5, -0.5, 0.0)_(0.6, 0.4, 0.2, -0.7)_1.005502_System.String[];39.8970;-0.0262;0.0635;-56.2564;31.5924;0.8450;1.1791;5.0273;3.2593;5.0872;339.5771;213.5988;96.2461;12.3357;357.6038
-0.5039;-0.0913;False;False;-56.1851;31.5467;-0.0141;-0.0093;5.0221;2.9188;359.9860;0.0885;261.8883;94.1419;0.0040;0.0695;3.7581;0.0000;-0.0040;0.0000;-0.3368;0.0000;194105;71.4396;Infinity;2679.42;-56.2881;31.8737;1.2859;1.1757;4.6134;2.6462;352.4860;352.7813;261.8878;81.4025;0.0040;1.6913;LeftFalse_RightFalse;LeftFalse_RightFalse;HandLeft_(0.3, -1.0, -0.1)_(0.5, 0.4, -0.7, 0.3)_1.046027_System.String[];HandLeft_(-0.7, -0.5, -0.1)_(0.9, 0.4, -0.1, 0.1)_1.005502_System.String[];HandRight_(0.5, -1.0, -0.1)_(-0.4, -0.5, -0.3, 0.7)_1.046027_System.String[];HandRight_(-0.5, -0.5, 0.0)_(0.6, 0.4, 0.2, -0.7)_1.005502_System.String[];39.9390;-0.0262;0.0635;-56.2550;31.7537;0.8434;1.1791;5.0250;3.2417;5.6749;338.9380;212.6201;95.7094;12.3653;358.0036
-0.5039;-0.1071;False;False;-56.1850;31.7030;-0.0141;-0.0095;5.0221;2.9045;359.9860;0.0930;261.8883;94.3015;0.0040;0.0679;3.6949;0.0000;-0.0039;0.0000;-0.3416;0.0000;194108;71.38728;Infinity;2679.46;-56.2881;32.0300;1.2859;1.1755;4.6134;2.6309;352.4860;352.7852;261.8878;81.5631;0.0040;1.6888;LeftFalse_RightFalse;LeftFalse_RightFalse;HandLeft_(0.3, -1.0, 0.0)_(0.6, 0.3, -0.7, 0.4)_1.046027_System.String[];HandLeft_(-0.7, -0.5, 0.0)_(0.9, 0.4, -0.1, 0.1)_1.005502_System.String[];HandRight_(0.5, -1.0, -0.1)_(-0.4, -0.5, -0.1, 0.8)_1.046027_System.String[];HandRight_(-0.5, -0.5, 0.0)_(0.6, 0.4, 0.2, -0.7)_1.005502_System.String[];39.9810;-0.0262;0.0635;-56.2536;31.9123;0.8415;1.1792;5.0225;3.2237;6.4244;338.3806;211.8686;95.2698;12.2405;358.3478
-0.5000;-0.1111;False;False;-56.1851;31.8552;-0.0141;-0.0096;5.0221;2.8901;359.9860;0.0978;261.8883;94.4571;0.0040;0.0661;3.6276;0.0000;-0.0038;0.0000;-0.3456;0.0000;194111;71.63292;Infinity;2679.50;-56.2881;32.1830;1.2859;1.1753;4.6134;2.6154;352.4860;352.7894;261.8878;81.7205;0.0040;1.6861;LeftFalse_RightFalse;LeftFalse_RightFalse;HandLeft_(0.3, -1.1, 0.0)_(0.7, 0.1, -0.6, 0.4)_1.046027_System.String[];HandLeft_(-0.7, -0.5, 0.0)_(0.9, 0.3, -0.2, 0.1)_1.005502_System.String[];HandRight_(0.5, -1.0, 0.0)_(-0.2, -0.4, 0.0, 0.9)_1.046027_System.String[];HandRight_(-0.5, -0.5, 0.0)_(0.6, 0.4, 0.2, -0.7)_1.005502_System.String[];40.0227;-0.0262;0.0635;-56.2522;32.0676;0.8398;1.1792;5.0201;3.2055;7.2715;337.8542;211.2547;94.8837;12.1630;358.6947
-0.5078;-0.1151;False;False;-56.1851;32.0049;-0.0141;-0.0098;5.0221;2.8756;359.9860;0.1028;261.8883;94.6100;0.0040;0.0643;3.5248;0.0000;-0.0036;0.0000;-0.3503;0.0000;194114;71.64149;Infinity;2679.54;-56.2881;32.3326;1.2859;1.1751;4.6134;2.5999;352.4860;352.7939;261.8878;81.8743;0.0040;1.6832;LeftFalse_RightFalse;LeftFalse_RightFalse;HandLeft_(0.3, -1.1, 0.0)_(0.7, 0.1, -0.6, 0.4)_1.046027_System.String[];HandLeft_(-0.7, -0.4, 0.0)_(0.9, 0.3, -0.2, 0.1)_1.005502_System.String[];HandRight_(0.5, -1.0, -0.1)_(-0.2, -0.3, 0.2, 0.9)_1.046027_System.String[];HandRight_(-0.5, -0.5, 0.0)_(0.6, 0.4, 0.2, -0.7)_1.005502_System.String[];40.0647;-0.0262;0.0635;-56.2503;32.2192;0.8380;1.1791;5.0179;3.1877;8.2247;337.4610;210.6641;94.5398;12.0245;359.0518
-0.5156;-0.1190;False;False;-56.1850;32.1520;-0.0141;-0.0099;5.0221;2.8608;359.9860;0.1078;261.8883;94.7604;0.0040;0.0626;3.4544;0.0000;-0.0035;0.0000;-0.3527;0.0000;194117;71.52984;Infinity;2679.58;-56.2881;32.4802;1.2859;1.1749;4.6134;2.5842;352.4860;352.7983;261.8878;82.0262;0.0040;1.6804;LeftFalse_RightFalse;LeftFalse_RightFalse;HandLeft_(0.3, -1.1, 0.0)_(0.7, 0.1, -0.6, 0.4)_1.046027_System.String[];HandLeft_(-0.7, -0.4, 0.0)_(0.9, 0.3, -0.2, 0.1)_1.005502_System.String[];HandRight_(0.5, -0.9, -0.1)_(-0.3, -0.2, 0.3, 0.9)_1.046027_System.String[];HandRight_(-0.5, -0.5, 0.0)_(0.6, 0.4, 0.2, -0.7)_1.005502_System.String[];40.1067;-0.0262;0.0635;-56.2482;32.3688;0.8365;1.1791;5.0161;3.1695;8.9390;337.2234;210.2503;94.1574;11.7593;359.4261
-0.5195;-0.1230;False;False;-56.1851;32.2961;-0.0141;-0.0101;5.0221;2.8460;359.9860;0.1127;261.8883;94.9076;0.0040;0.0608;3.3836;0.0000;-0.0034;0.0000;-0.3544;0.0000;194120;71.47214;Infinity;2679.63;-56.2881;32.6246;1.2859;1.1747;4.6134;2.5684;352.4860;352.8027;261.8878;82.1747;0.0040;1.6776;LeftFalse_RightFalse;LeftFalse_RightFalse;HandLeft_(0.3, -1.1, 0.0)_(0.7, 0.1, -0.6, 0.4)_1.046027_System.String[];HandLeft_(-0.7, -0.4, 0.0)_(0.9, 0.3, -0.2, 0.1)_1.005502_System.String[];HandRight_(0.5, -0.9, -0.1)_(-0.3, -0.2, 0.3, 0.9)_1.046027_System.String[];HandRight_(-0.5, -0.5, 0.0)_(0.6, 0.4, 0.2, -0.7)_1.005502_System.String[];40.1487;-0.0262;0.0635;-56.2463;32.5152;0.8353;1.1788;5.0140;3.1509;9.1512;337.0901;210.0133;93.7373;11.6220;359.7726
-0.5195;-0.1270;False;False;-56.1851;32.4372;-0.0141;-0.0102;5.0221;2.8311;359.9860;0.1171;261.8883;95.0519;0.0040;0.0591;3.3130;0.0000;-0.0034;0.0000;-0.3556;0.0000;194123;71.40237;Infinity;2679.67;-56.2881;32.7659;1.2859;1.1745;4.6134;2.5525;352.4860;352.8069;261.8878;82.3202;0.0040;1.6749;LeftFalse_RightFalse;LeftFalse_RightFalse;HandLeft_(0.3, -1.1, 0.0)_(0.7, 0.1, -0.6, 0.4)_1.046027_System.String[];HandLeft_(-0.7, -0.4, 0.0)_(0.9, 0.3, -0.2, 0.1)_1.005502_System.String[];HandRight_(0.5, -0.9, -0.1)_(-0.3, -0.2, 0.3, 0.9)_1.046027_System.String[];HandRight_(-0.5, -0.5, 0.0)_(0.6, 0.4, 0.2, -0.7)_1.005502_System.String[];40.1907;-0.0262;0.0635;-56.2445;32.6585;0.8345;1.1783;5.0118;3.1323;9.0846;337.0376;209.9242;93.2873;11.6688;0.1285
-0.5156;-0.1349;False;False;-56.1851;32.5747;-0.0141;-0.0104;5.0221;2.8162;359.9860;0.1212;261.8883;95.1925;0.0040;0.0574;3.2406;0.0000;-0.0033;0.0000;-0.3561;0.0000;194126;71.51057;Infinity;2679.71;-56.2881;32.9045;1.2859;1.1744;4.6134;2.5366;352.4860;352.8106;261.8878;82.4629;0.0040;1.6722;LeftFalse_RightFalse;LeftFalse_RightFalse;HandLeft_(0.3, -1.1, 0.0)_(0.7, 0.1, -0.6, 0.4)_1.046027_System.String[];HandLeft_(-0.7, -0.4, 0.0)_(0.9, 0.3, -0.2, 0.1)_1.005502_System.String[];HandRight_(0.5, -0.9, -0.1)_(-0.2, -0.2, 0.3, 0.9)_1.046027_System.String[];HandRight_(-0.5, -0.5, 0.0)_(0.6, 0.4, 0.2, -0.7)_1.005502_System.String[];40.2327;-0.0262;0.0635;-56.2429;32.7989;0.8340;1.1779;5.0095;3.1139;9.0242;337.0363;209.9003;92.8554;11.8113;0.4381
-0.5156;-0.1389;False;False;-56.1851;32.7082;-0.0141;-0.0105;5.0221;2.8014;359.9860;0.1251;261.8883;95.3290;0.0040;0.0556;3.1672;0.0000;-0.0033;0.0000;-0.3560;0.0000;194129;71.74689;Infinity;2679.75;-56.2881;33.0384;1.2859;1.1742;4.6134;2.5208;352.4860;352.8141;261.8878;82.6008;0.0040;1.6696;LeftFalse_RightFalse;LeftFalse_RightFalse;HandLeft_(0.3, -1.1, 0.0)_(0.7, 0.1, -0.6, 0.4)_1.046027_System.String[];HandLeft_(-0.7, -0.4, 0.0)_(0.9, 0.3, -0.2, 0.1)_1.005502_System.String[];HandRight_(0.5, -0.9, -0.1)_(-0.2, -0.3, 0.2, 0.9)_1.046027_System.String[];HandRight_(-0.5, -0.5, 0.0)_(0.6, 0.4, 0.2, -0.7)_1.005502_System.String[];40.2744;-0.0262;0.0635;-56.2413;32.9347;0.8336;1.1773;5.0068;3.0957;9.0975;337.0433;209.8685;92.3778;11.9885;0.7095
-0.5117;-0.1429;False;False;-56.1851;32.8386;-0.0141;-0.0106;5.0221;2.7866;359.9860;0.1287;261.8883;95.4624;0.0040;0.0538;3.0934;0.0000;-0.0033;0.0000;-0.3553;0.0000;194132;71.84088;Infinity;2679.79;-56.2881;33.1692;1.2859;1.1740;4.6134;2.5050;352.4860;352.8173;261.8878;82.7356;0.0040;1.6670;LeftFalse_RightFalse;LeftFalse_RightFalse;HandLeft_(0.3, -1.1, 0.0)_(0.7, 0.1, -0.6, 0.4)_1.046027_System.String[];HandLeft_(-0.7, -0.4, 0.0)_(0.9, 0.3, -0.2, 0.1)_1.005502_System.String[];HandRight_(0.5, -0.9, -0.1)_(-0.2, -0.3, 0.2, 0.9)_1.046027_System.String[];HandRight_(-0.5, -0.5, 0.0)_(0.6, 0.4, 0.2, -0.7)_1.005502_System.String[];40.3159;-0.0262;0.0635;-56.2400;33.0673;0.8333;1.1768;5.0040;3.0774;9.2667;337.0638;209.7824;91.9236;12.1886;0.9075
-0.5117;-0.1468;False;False;-56.1851;32.9657;-0.0141;-0.0108;5.0221;2.7718;359.9860;0.1319;261.8883;95.5925;0.0040;0.0522;3.0194;0.0000;-0.0033;0.0000;-0.3540;0.0000;194135;71.90356;Infinity;2679.83;-56.2881;33.2970;1.2859;1.1738;4.6134;2.4894;352.4860;352.8202;261.8878;82.8672;0.0040;1.6646;LeftFalse_RightFalse;LeftFalse_RightFalse;HandLeft_(0.3, -1.1, 0.0)_(0.7, 0.1, -0.6, 0.4)_1.046027_System.String[];HandLeft_(-0.7, -0.4, 0.0)_(0.9, 0.3, -0.2, 0.1)_1.005502_System.String[];HandRight_(0.5, -0.9, -0.1)_(-0.2, -0.3, 0.2, 0.9)_1.046027_System.String[];HandRight_(-0.5, -0.5, 0.0)_(0.6, 0.4, 0.2, -0.7)_1.005502_System.String[];40.3577;-0.0262;0.0635;-56.2387;33.1967;0.8330;1.1762;5.0012;3.0592;9.4995;337.1994;209.6248;91.4995;12.4454;0.9593
-0.5078;-0.1508;False;False;-56.1851;33.0896;-0.0141;-0.0109;5.0221;2.7571;359.9860;0.1345;261.8883;95.7192;0.0040;0.0499;2.9448;0.0000;-0.0030;0.0000;-0.3522;0.0000;194138;71.95107;Infinity;2679.88;-56.2881;33.4213;1.2859;1.1737;4.6134;2.4738;352.4860;352.8225;261.8878;82.9953;0.0040;1.6621;LeftFalse_RightFalse;LeftFalse_RightFalse;HandLeft_(0.3, -1.1, 0.0)_(0.7, 0.1, -0.6, 0.4)_1.046027_System.String[];HandLeft_(-0.7, -0.4, 0.0)_(0.9, 0.3, -0.2, 0.1)_1.005502_System.String[];HandRight_(0.5, -0.9, -0.1)_(-0.2, -0.3, 0.2, 0.9)_1.046027_System.String[];HandRight_(-0.5, -0.5, 0.0)_(0.6, 0.4, 0.2, -0.7)_1.005502_System.String[];40.3994;-0.0262;0.0635;-56.2377;33.3227;0.8324;1.1754;4.9987;3.0411;9.7296;337.4096;209.4212;91.1713;12.7524;1.0189
-0.5078;-0.1508;False;False;-56.1851;33.2103;-0.0141;-0.0110;5.0221;2.7425;359.9860;0.1363;261.8883;95.8427;0.0040;0.0473;2.8696;0.0000;-0.0026;0.0000;-0.3499;0.0000;194141;71.9726;Infinity;2679.92;-56.2881;33.5424;1.2859;1.1735;4.6134;2.4583;352.4860;352.8240;261.8878;83.1202;0.0040;1.6590;LeftFalse_RightFalse;LeftFalse_RightFalse;HandLeft_(0.3, -1.1, 0.0)_(0.7, 0.1, -0.6, 0.4)_1.046027_System.String[];HandLeft_(-0.7, -0.4, 0.0)_(0.9, 0.3, -0.2, 0.1)_1.005502_System.String[];HandRight_(0.5, -0.9, -0.1)_(-0.2, -0.3, 0.2, 0.9)_1.046027_System.String[];HandRight_(-0.5, -0.5, 0.0)_(0.6, 0.4, 0.2, -0.7)_1.005502_System.String[];40.4412;-0.0262;0.0635;-56.2371;33.4455;0.8321;1.1749;4.9966;3.0232;9.9167;337.5941;209.2193;90.8803;13.0676;1.1153
-0.5078;-0.1548;False;False;-56.1851;33.3277;-0.0141;-0.0111;5.0221;2.7280;359.9860;0.1373;261.8883;95.9628;0.0040;0.0453;2.7943;0.0000;-0.0022;0.0000;-0.3469;0.0000;194144;71.98442;Infinity;2679.96;-56.2881;33.6603;1.2859;1.1734;4.6134;2.4429;352.4860;352.8247;261.8878;83.2417;0.0040;1.6566;LeftFalse_RightFalse;LeftFalse_RightFalse;HandLeft_(0.3, -1.1, 0.0)_(0.7, 0.1, -0.6, 0.4)_1.046027_System.String[];HandLeft_(-0.7, -0.4, 0.0)_(0.9, 0.3, -0.2, 0.1)_1.005502_System.String[];HandRight_(0.5, -0.9, -0.1)_(-0.2, -0.3, 0.2, 0.9)_1.046027_System.String[];HandRight_(-0.5, -0.5, 0.0)_(0.6, 0.4, 0.2, -0.7)_1.005502_System.String[];40.4827;-0.0262;0.0635;-56.2366;33.5649;0.8318;1.1742;4.9949;3.0056;10.0129;337.7500;209.0698;90.6616;13.2915;1.1454
-0.5078;-0.1548;False;False;-56.1851;33.4418;-0.0141;-0.0112;5.0221;2.7137;359.9860;0.1377;261.8883;96.0797;0.0040;0.0434;2.6817;0.0000;-0.0020;0.0000;-0.3417;0.0000;194147;71.99268;Infinity;2680.00;-56.2881;33.7749;1.2859;1.1733;4.6134;2.4277;352.4860;352.8248;261.8878;83.3598;0.0040;1.6546;LeftFalse_RightFalse;LeftFalse_RightFalse;HandLeft_(0.3, -1.1, 0.0)_(0.7, 0.1, -0.6, 0.4)_1.046027_System.String[];HandLeft_(-0.7, -0.4, 0.0)_(0.9, 0.3, -0.2, 0.1)_1.005502_System.String[];HandRight_(0.5, -1.0, -0.1)_(-0.2, -0.3, 0.2, 0.9)_1.046027_System.String[];HandRight_(-0.5, -0.5, 0.0)_(0.6, 0.4, 0.2, -0.7)_1.005502_System.String[];40.5244;-0.0262;0.0635;-56.2362;33.6809;0.8317;1.1737;4.9936;2.9882;10.0394;337.8880;208.9489;90.4819;13.4366;1.2230
-0.5078;-0.1706;False;False;-56.1850;33.5531;-0.0141;-0.0113;5.0221;2.6995;359.9860;0.1375;261.8883;96.1936;0.0040;0.0414;2.6051;0.0000;-0.0019;0.0000;-0.3374;0.0000;194150;71.82664;Infinity;2680.04;-56.2881;33.8865;1.2859;1.1732;4.6134;2.4127;352.4860;352.8244;261.8878;83.4750;0.0040;1.6526;LeftFalse_RightFalse;LeftFalse_RightFalse;HandLeft_(0.3, -1.1, 0.0)_(0.7, 0.1, -0.6, 0.4)_1.046027_System.String[];HandLeft_(-0.7, -0.4, 0.0)_(0.9, 0.3, -0.2, 0.1)_1.005502_System.String[];HandRight_(0.5, -1.0, -0.1)_(-0.2, -0.3, 0.2, 0.9)_1.046027_System.String[];HandRight_(-0.5, -0.5, 0.0)_(0.6, 0.4, 0.2, -0.7)_1.005502_System.String[];40.5662;-0.0262;0.0635;-56.2360;33.7937;0.8316;1.1733;4.9925;2.9710;10.0186;337.9392;208.8586;90.3478;13.5098;1.3742
-0.5078;-0.1905;False;False;-56.1851;33.6606;-0.0141;-0.0114;5.0221;2.6855;359.9860;0.1376;261.8883;96.3037;0.0040;0.0393;2.5234;0.0000;-0.0018;0.0000;-0.3319;0.0000;194153;71.86013;Infinity;2680.08;-56.2881;33.9947;1.2859;1.1731;4.6134;2.3978;352.4860;352.8238;261.8878;83.5866;0.0040;1.6507;LeftFalse_RightFalse;LeftFalse_RightFalse;HandLeft_(0.3, -1.1, 0.0)_(0.7, 0.1, -0.6, 0.4)_1.046027_System.String[];HandLeft_(-0.7, -0.4, 0.0)_(0.9, 0.3, -0.2, 0.1)_1.005502_System.String[];HandRight_(0.5, -1.0, -0.1)_(-0.2, -0.3, 0.2, 0.9)_1.046027_System.String[];HandRight_(-0.5, -0.5, 0.0)_(0.6, 0.4, 0.2, -0.7)_1.005502_System.String[];40.6079;-0.0262;0.0635;-56.2358;33.9029;0.8315;1.1728;4.9917;2.9543;9.9582;337.9371;208.7769;90.2456;13.5491;1.5736
-0.5078;-0.2024;False;False;-56.1851;33.7650;-0.0141;-0.0114;5.0221;2.6717;359.9860;0.1382;261.8883;96.4106;0.0040;0.0372;2.4378;0.0000;-0.0018;0.0000;-0.3255;0.0000;194156;71.75966;Infinity;2680.13;-56.2881;34.0999;1.2859;1.1730;4.6134;2.3832;352.4860;352.8238;261.8878;83.6952;0.0040;1.6485;LeftFalse_RightFalse;LeftFalse_RightFalse;HandLeft_(0.3, -1.1, 0.0)_(0.7, 0.1, -0.6, 0.4)_1.046027_System.String[];HandLeft_(-0.7, -0.4, 0.0)_(0.9, 0.3, -0.2, 0.1)_1.005502_System.String[];HandRight_(0.5, -1.0, -0.1)_(-0.2, -0.3, 0.2, 0.9)_1.046027_System.String[];HandRight_(-0.5, -0.5, 0.0)_(0.6, 0.4, 0.2, -0.7)_1.005502_System.String[];40.6499;-0.0262;0.0635;-56.2357;34.0089;0.8315;1.1723;4.9913;2.9377;9.9241;337.9050;208.7141;90.1979;13.5517;1.8810
-0.5078;-0.2103;False;False;-56.1851;33.8650;-0.0141;-0.0115;5.0221;2.6583;359.9860;0.1396;261.8883;96.5130;0.0040;0.0349;2.3490;0.0000;-0.0016;0.0000;-0.3181;0.0000;194159;71.87936;Infinity;2680.17;-56.2881;34.2007;1.2859;1.1730;4.6134;2.3690;352.4860;352.8244;261.8878;83.7992;0.0040;1.6461;LeftFalse_RightFalse;LeftFalse_RightFalse;HandLeft_(0.3, -1.1, 0.0)_(0.7, 0.1, -0.6, 0.4)_1.046027_System.String[];HandLeft_(-0.7, -0.4, 0.0)_(0.9, 0.3, -0.2, 0.1)_1.005502_System.String[];HandRight_(0.5, -1.0, -0.1)_(-0.2, -0.3, 0.2, 0.9)_1.046027_System.String[];HandRight_(-0.5, -0.5, 0.0)_(0.6, 0.4, 0.2, -0.7)_1.005502_System.String[];40.6914;-0.0262;0.0635;-56.2356;34.1104;0.8315;1.1717;4.9910;2.9213;9.9202;337.8397;208.7015;90.2583;13.5126;2.2200
-0.5078;-0.2103;False;False;-56.1851;33.9612;-0.0141;-0.0116;5.0221;2.6452;359.9860;0.1417;261.8883;96.6114;0.0040;0.0324;2.2595;0.0000;-0.0015;0.0000;-0.3102;0.0000;194162;71.91292;Infinity;2680.21;-56.2881;34.2977;1.2859;1.1729;4.6134;2.3551;352.4860;352.8257;261.8878;83.8993;0.0040;1.6433;LeftFalse_RightFalse;LeftFalse_RightFalse;HandLeft_(0.3, -1.1, 0.0)_(0.7, 0.1, -0.6, 0.4)_1.046027_System.String[];HandLeft_(-0.7, -0.4, 0.0)_(0.9, 0.3, -0.2, 0.1)_1.005502_System.String[];HandRight_(0.5, -1.0, -0.1)_(-0.2, -0.3, 0.2, 0.9)_1.046027_System.String[];HandRight_(-0.5, -0.5, 0.0)_(0.6, 0.4, 0.2, -0.7)_1.005502_System.String[];40.7332;-0.0262;0.0635;-56.2356;34.2079;0.8315;1.1709;4.9908;2.9054;9.9453;337.7535;208.7312;90.4122;13.4789;2.5586
-0.5078;-0.2143;False;False;-56.1851;34.0534;-0.0141;-0.0116;5.0221;2.6324;359.9860;0.1440;261.8883;96.7059;0.0040;0.0301;2.1702;0.0000;-0.0013;0.0000;-0.3019;0.0000;194165;71.95226;Infinity;2680.25;-56.2881;34.3908;1.2859;1.1728;4.6134;2.3415;352.4860;352.8274;261.8878;83.9955;0.0040;1.6404;LeftFalse_RightFalse;LeftFalse_RightFalse;HandLeft_(0.3, -1.1, 0.0)_(0.7, 0.1, -0.6, 0.4)_1.046027_System.String[];HandLeft_(-0.7, -0.4, 0.0)_(0.9, 0.3, -0.2, 0.1)_1.005502_System.String[];HandRight_(0.5, -1.0, -0.1)_(-0.2, -0.3, 0.2, 0.9)_1.046027_System.String[];HandRight_(-0.5, -0.5, 0.0)_(0.6, 0.4, 0.2, -0.7)_1.005502_System.String[];40.7749;-0.0262;0.0635;-56.2356;34.3015;0.8314;1.1702;4.9907;2.8900;9.9855;337.6304;208.7945;90.5683;13.4357;2.9340
-0.5078;-0.2182;False;False;-56.1851;34.1427;-0.0141;-0.0117;5.0221;2.6200;359.9860;0.1463;261.8883;96.7972;0.0040;0.0279;2.0811;0.0000;-0.0012;0.0000;-0.2931;0.0000;194168;71.60982;Infinity;2680.29;-56.2881;34.4807;1.2859;1.1727;4.6134;2.3283;352.4860;352.8292;261.8878;84.0883;0.0040;1.6377;LeftFalse_RightFalse;LeftFalse_RightFalse;HandLeft_(0.3, -1.1, 0.0)_(0.7, 0.1, -0.6, 0.4)_1.046027_System.String[];HandLeft_(-0.7, -0.4, 0.0)_(0.9, 0.3, -0.2, 0.1)_1.005502_System.String[];HandRight_(0.5, -1.0, -0.1)_(-0.2, -0.3, 0.2, 0.9)_1.046027_System.String[];HandRight_(-0.5, -0.5, 0.0)_(0.6, 0.4, 0.2, -0.7)_1.005502_System.String[];40.8169;-0.0262;0.0635;-56.2359;34.3921;0.8315;1.1697;4.9905;2.8754;10.0314;337.5348;208.8786;90.6865;13.4059;3.2730
-0.5078;-0.2143;False;False;-56.1851;34.2278;-0.0141;-0.0117;5.0221;2.6079;359.9860;0.1486;261.8883;96.8843;0.0040;0.0258;1.9914;0.0000;-0.0011;0.0000;-0.2837;0.0000;194171;71.53961;Infinity;2680.34;-56.2881;34.5669;1.2859;1.1726;4.6134;2.3155;352.4860;352.8310;261.8878;84.1772;0.0040;1.6351;LeftFalse_RightFalse;LeftFalse_RightFalse;HandLeft_(0.3, -1.1, 0.0)_(0.7, 0.1, -0.6, 0.4)_1.046027_System.String[];HandLeft_(-0.7, -0.4, 0.0)_(0.9, 0.3, -0.2, 0.1)_1.005502_System.String[];HandRight_(0.5, -1.0, -0.1)_(-0.2, -0.3, 0.2, 0.9)_1.046027_System.String[];HandRight_(-0.5, -0.5, 0.0)_(0.6, 0.4, 0.2, -0.7)_1.005502_System.String[];40.8589;-0.0262;0.0635;-56.2361;34.4787;0.8315;1.1689;4.9905;2.8610;10.0444;337.4991;208.9726;90.7499;13.3722;3.6002
-0.5078;-0.2182;False;False;-56.1851;34.3093;-0.0141;-0.0118;5.0221;2.5962;359.9860;0.1505;261.8883;96.9677;0.0040;0.0238;1.9032;0.0000;-0.0011;0.0000;-0.2742;0.0000;194174;71.38172;Infinity;2680.38;-56.2881;34.6491;1.2859;1.1726;4.6134;2.3031;352.4860;352.8325;261.8878;84.2620;0.0040;1.6326;LeftFalse_RightFalse;LeftFalse_RightFalse;HandLeft_(0.3, -1.1, 0.0)_(0.7, 0.1, -0.6, 0.4)_1.046027_System.String[];HandLeft_(-0.7, -0.4, 0.0)_(0.9, 0.3, -0.2, 0.1)_1.005502_System.String[];HandRight_(0.5, -1.0, -0.1)_(-0.2, -0.3, 0.2, 0.9)_1.046027_System.String[];HandRight_(-0.5, -0.5, 0.0)_(0.6, 0.4, 0.2, -0.7)_1.005502_System.String[];40.9011;-0.0262;0.0635;-56.2364;34.5615;0.8315;1.1684;4.9908;2.8471;10.0065;337.4531;209.0715;90.7330;13.3281;3.8740
-0.5078;-0.2143;False;False;-56.1851;34.3867;-0.0141;-0.0118;5.0221;2.5850;359.9860;0.1521;261.8883;97.0469;0.0040;0.0219;1.8152;0.0000;-0.0010;0.0000;-0.2642;0.0000;194177;71.37538;Infinity;2680.42;-56.2881;34.7274;1.2859;1.1725;4.6134;2.2912;352.4860;352.8338;261.8878;84.3428;0.0040;1.6303;LeftFalse_RightFalse;LeftFalse_RightFalse;HandLeft_(0.3, -1.1, 0.0)_(0.7, 0.1, -0.6, 0.4)_1.046027_System.String[];HandLeft_(-0.7, -0.4, 0.0)_(0.9, 0.3, -0.2, 0.1)_1.005502_System.String[];HandRight_(0.5, -1.0, -0.1)_(-0.2, -0.3, 0.2, 0.9)_1.046027_System.String[];HandRight_(-0.5, -0.5, 0.0)_(0.6, 0.4, 0.2, -0.7)_1.005502_System.String[];40.9431;-0.0262;0.0635;-56.2368;34.6405;0.8316;1.1681;4.9912;2.8339;9.9286;337.3736;209.1712;90.6487;13.2686;4.0937
-0.5078;-0.2143;False;False;-56.1851;34.4602;-0.0141;-0.0118;5.0221;2.5742;359.9860;0.1534;261.8883;97.1221;0.0040;0.0200;1.6840;0.0000;-0.0010;0.0000;-0.2488;0.0000;194180;71.40516;Infinity;2680.46;-56.2881;34.8018;1.2859;1.1724;4.6134;2.2797;352.4860;352.8347;261.8878;84.4196;0.0040;1.6282;LeftFalse_RightFalse;LeftFalse_RightFalse;HandLeft_(0.3, -1.1, 0.0)_(0.7, 0.1, -0.6, 0.4)_1.046027_System.String[];HandLeft_(-0.7, -0.4, 0.0)_(0.9, 0.3, -0.2, 0.1)_1.005502_System.String[];HandRight_(0.5, -1.0, -0.1)_(-0.2, -0.3, 0.2, 0.9)_1.046027_System.String[];HandRight_(-0.5, -0.5, 0.0)_(0.6, 0.4, 0.2, -0.7)_1.005502_System.String[];40.9851;-0.0262;0.0635;-56.2373;34.7160;0.8316;1.1679;4.9916;2.8215;9.8251;337.3238;209.2953;90.4967;13.1323;4.3005
-0.5117;-0.2262;False;False;-56.1851;34.5293;-0.0141;-0.0119;5.0221;2.5640;359.9860;0.1544;261.8883;97.1927;0.0040;0.0182;1.5967;0.0000;-0.0009;0.0000;-0.2380;0.0000;194183;71.68504;Infinity;2680.50;-56.2881;34.8719;1.2859;1.1724;4.6134;2.2688;352.4860;352.8353;261.8878;84.4920;0.0040;1.6262;LeftFalse_RightFalse;LeftFalse_RightFalse;HandLeft_(0.3, -1.1, 0.0)_(0.7, 0.1, -0.6, 0.4)_1.046027_System.String[];HandLeft_(-0.7, -0.4, 0.0)_(0.9, 0.3, -0.2, 0.1)_1.005502_System.String[];HandRight_(0.5, -1.0, -0.1)_(-0.2, -0.3, 0.2, 0.9)_1.046027_System.String[];HandRight_(-0.5, -0.5, 0.0)_(0.6, 0.4, 0.2, -0.7)_1.005502_System.String[];41.0269;-0.0262;0.0635;-56.2381;34.7875;0.8317;1.1677;4.9921;2.8100;9.7331;337.3717;209.4562;90.2726;12.8468;4.5073
-0.5117;-0.2262;False;False;-56.1851;34.5947;-0.0141;-0.0119;5.0221;2.5542;359.9860;0.1553;261.8883;97.2597;0.0040;0.0165;1.5088;0.0000;-0.0009;0.0000;-0.2268;0.0000;194186;71.69459;Infinity;2680.55;-56.2881;34.9382;1.2859;1.1723;4.6134;2.2584;352.4860;352.8358;261.8878;84.5603;0.0040;1.6243;LeftFalse_RightFalse;LeftFalse_RightFalse;HandLeft_(0.3, -1.1, 0.0)_(0.7, 0.1, -0.6, 0.4)_1.046027_System.String[];HandLeft_(-0.7, -0.4, 0.0)_(0.9, 0.3, -0.2, 0.1)_1.005502_System.String[];HandRight_(0.5, -1.0, -0.1)_(-0.2, -0.3, 0.2, 0.9)_1.046027_System.String[];HandRight_(-0.5, -0.5, 0.0)_(0.6, 0.4, 0.2, -0.7)_1.005502_System.String[];41.0686;-0.0262;0.0635;-56.2394;34.8552;0.8319;1.1671;4.9928;2.7990;9.6752;337.5637;209.7041;90.0150;12.4774;4.8347
-0.5117;-0.2262;False;False;-56.1850;34.6567;-0.0141;-0.0120;5.0221;2.5449;359.9860;0.1560;261.8883;97.3230;0.0040;0.0149;1.4217;0.0000;-0.0008;0.0000;-0.2154;0.0000;194189;71.5494;Infinity;2680.59;-56.2881;35.0011;1.2859;1.1723;4.6134;2.2485;352.4860;352.8362;261.8878;84.6253;0.0040;1.6224;LeftFalse_RightFalse;LeftFalse_RightFalse;HandLeft_(0.3, -1.1, 0.0)_(0.7, 0.1, -0.6, 0.4)_1.046027_System.String[];HandLeft_(-0.7, -0.4, 0.0)_(0.9, 0.3, -0.2, 0.1)_1.005502_System.String[];HandRight_(0.5, -1.0, -0.1)_(-0.2, -0.3, 0.2, 0.9)_1.046027_System.String[];HandRight_(-0.5, -0.5, 0.0)_(0.6, 0.4, 0.2, -0.7)_1.005502_System.String[];41.1106;-0.0262;0.0635;-56.2412;34.9200;0.8321;1.1661;4.9937;2.7882;9.6629;337.8560;210.0261;89.6978;12.1162;5.4049
-0.5117;-0.2262;False;False;-56.1851;34.7148;-0.0141;-0.0120;5.0221;2.5361;359.9860;0.1566;261.8883;97.3824;0.0040;0.0133;1.3355;0.0000;-0.0008;0.0000;-0.2039;0.0000;194192;71.49275;Infinity;2680.63;-56.2881;35.0602;1.2859;1.1722;4.6134;2.2391;352.4860;352.8365;261.8878;84.6862;0.0040;1.6207;LeftFalse_RightFalse;LeftFalse_RightFalse;HandLeft_(0.3, -1.1, 0.0)_(0.7, 0.1, -0.6, 0.4)_1.046027_System.String[];HandLeft_(-0.7, -0.4, 0.0)_(0.9, 0.3, -0.2, 0.1)_1.005502_System.String[];HandRight_(0.5, -1.0, -0.1)_(-0.2, -0.3, 0.2, 0.9)_1.046027_System.String[];HandRight_(-0.5, -0.5, 0.0)_(0.6, 0.4, 0.2, -0.7)_1.005502_System.String[];41.1526;-0.0262;0.0635;-56.2421;34.9803;0.8326;1.1656;4.9942;2.7783;9.4958;337.7551;210.3675;89.4028;12.0556;5.8154
-0.5117;-0.2262;False;False;-56.1851;34.7691;-0.0141;-0.0120;5.0221;2.5278;359.9860;0.1570;261.8883;97.4379;0.0040;0.0117;1.2499;0.0000;-0.0007;0.0000;-0.1921;0.0000;194195;71.46509;Infinity;2680.67;-56.2881;35.1155;1.2859;1.1722;4.6134;2.2302;352.4860;352.8366;261.8878;84.7432;0.0040;1.6191;LeftFalse_RightFalse;LeftFalse_RightFalse;HandLeft_(0.3, -1.1, 0.0)_(0.7, 0.1, -0.6, 0.4)_1.046027_System.String[];HandLeft_(-0.7, -0.4, 0.0)_(0.9, 0.3, -0.2, 0.1)_1.005502_System.String[];HandRight_(0.5, -1.0, -0.1)_(-0.2, -0.3, 0.2, 0.9)_1.046027_System.String[];HandRight_(-0.5, -0.5, 0.0)_(0.6, 0.4, 0.2, -0.7)_1.005502_System.String[];41.1946;-0.0262;0.0635;-56.2431;35.0372;0.8330;1.1649;4.9945;2.7692;9.3579;337.3854;210.7112;89.0783;12.0309;6.2843
-0.5117;-0.2262;False;False;-56.1851;34.8196;-0.0141;-0.0121;5.0221;2.5200;359.9860;0.1572;261.8883;97.4895;0.0040;0.0103;1.1646;0.0000;-0.0007;0.0000;-0.1802;0.0000;194198;71.51389;Infinity;2680.71;-56.2881;35.1671;1.2859;1.1721;4.6134;2.2219;352.4860;352.8366;261.8878;84.7965;0.0040;1.6176;LeftFalse_RightFalse;LeftFalse_RightFalse;HandLeft_(0.3, -1.1, 0.0)_(0.7, 0.1, -0.6, 0.4)_1.046027_System.String[];HandLeft_(-0.7, -0.4, 0.0)_(0.9, 0.3, -0.2, 0.1)_1.005502_System.String[];HandRight_(0.5, -1.0, -0.1)_(-0.2, -0.3, 0.2, 0.9)_1.046027_System.String[];HandRight_(-0.5, -0.5, 0.0)_(0.6, 0.4, 0.2, -0.7)_1.005502_System.String[];41.2366;-0.0262;0.0635;-56.2439;35.0904;0.8333;1.1641;4.9950;2.7604;9.2419;336.9013;210.9461;88.8139;11.9835;6.6789
-0.5078;-0.2222;False;False;-56.1851;34.8661;-0.0141;-0.0121;5.0221;2.5128;359.9860;0.1573;261.8883;97.5370;0.0040;0.0090;1.0805;0.0000;-0.0007;0.0000;-0.1682;0.0000;194201;71.7458;Infinity;2680.75;-56.2881;35.2146;1.2859;1.1721;4.6134;2.2141;352.4860;352.8364;261.8878;84.8453;0.0040;1.6162;LeftFalse_RightFalse;LeftFalse_RightFalse;HandLeft_(0.3, -1.1, 0.0)_(0.7, 0.1, -0.6, 0.4)_1.046027_System.String[];HandLeft_(-0.7, -0.4, 0.0)_(0.9, 0.3, -0.2, 0.1)_1.005502_System.String[];HandRight_(0.5, -1.0, -0.1)_(-0.2, -0.3, 0.2, 0.9)_1.046027_System.String[];HandRight_(-0.5, -0.5, 0.0)_(0.6, 0.4, 0.2, -0.7)_1.005502_System.String[];41.2783;-0.0262;0.0635;-56.2445;35.1395;0.8334;1.1636;4.9953;2.7518;9.1462;336.3177;211.0995;88.6255;11.9033;7.0144
-0.5078;-0.2143;False;False;-56.1851;34.9092;-0.0141;-0.0121;5.0221;2.5061;359.9860;0.1572;261.8883;97.5810;0.0040;0.0078;0.9986;0.0000;-0.0006;0.0000;-0.1563;0.0000;194204;71.64794;Infinity;2680.80;-56.2881;35.2586;1.2859;1.1721;4.6134;2.2069;352.4860;352.8361;261.8878;84.8907;0.0040;1.6150;LeftFalse_RightFalse;LeftFalse_RightFalse;HandLeft_(0.3, -1.1, 0.0)_(0.7, 0.1, -0.6, 0.4)_1.046027_System.String[];HandLeft_(-0.7, -0.4, 0.0)_(0.9, 0.3, -0.2, 0.1)_1.005502_System.String[];HandRight_(0.5, -1.0, -0.1)_(-0.2, -0.3, 0.2, 0.9)_1.046027_System.String[];HandRight_(-0.5, -0.5, 0.0)_(0.6, 0.4, 0.2, -0.7)_1.005502_System.String[];41.3203;-0.0262;0.0635;-56.2453;35.1851;0.8336;1.1632;4.9957;2.7437;9.0785;335.7206;211.1658;88.4852;11.8284;7.3226
-0.5078;-0.2024;False;False;-56.1851;34.9493;-0.0141;-0.0121;5.0221;2.4998;359.9860;0.1565;261.8883;97.6219;0.0040;0.0066;0.9199;0.0000;-0.0006;0.0000;-0.1447;0.0000;194207;71.20336;Infinity;2680.84;-56.2881;35.2994;1.2859;1.1721;4.6134;2.2002;352.4860;352.8354;261.8878;84.9327;0.0040;1.6139;LeftFalse_RightFalse;LeftFalse_RightFalse;HandLeft_(0.3, -1.1, 0.0)_(0.7, 0.1, -0.6, 0.4)_1.046027_System.String[];HandLeft_(-0.7, -0.4, 0.0)_(0.9, 0.3, -0.2, 0.1)_1.005502_System.String[];HandRight_(0.5, -1.0, -0.1)_(-0.2, -0.3, 0.2, 0.9)_1.046027_System.String[];HandRight_(-0.5, -0.5, 0.0)_(0.6, 0.4, 0.2, -0.7)_1.005502_System.String[];41.3625;-0.0262;0.0635;-56.2457;35.2274;0.8337;1.1631;4.9961;2.7361;9.0306;335.2682;211.1839;88.3630;11.7721;7.6535
-0.5078;-0.1905;False;False;-56.1851;34.9857;-0.0141;-0.0122;5.0221;2.4940;359.9860;0.1551;261.8883;97.6591;0.0040;0.0056;0.8116;0.0000;-0.0006;0.0000;-0.1285;0.0000;194210;71.28207;Infinity;2680.88;-56.2881;35.3366;1.2859;1.1720;4.6134;2.1941;352.4860;352.8341;261.8878;84.9711;0.0040;1.6132;LeftFalse_RightFalse;LeftFalse_RightFalse;HandLeft_(0.3, -1.1, 0.0)_(0.7, 0.1, -0.6, 0.4)_1.046027_System.String[];HandLeft_(-0.7, -0.4, 0.0)_(0.9, 0.3, -0.2, 0.1)_1.005502_System.String[];HandRight_(0.5, -1.0, -0.1)_(-0.2, -0.3, 0.2, 0.9)_1.046027_System.String[];HandRight_(-0.5, -0.5, 0.0)_(0.6, 0.4, 0.2, -0.7)_1.005502_System.String[];41.4045;-0.0262;0.0635;-56.2460;35.2661;0.8338;1.1627;4.9964;2.7284;8.9952;334.9931;211.1691;88.2189;11.7404;8.0340
-0.5039;-0.1706;False;False;-56.1851;35.0189;-0.0141;-0.0122;5.0221;2.4888;359.9860;0.1528;261.8883;97.6930;0.0040;0.0048;0.7457;0.0000;-0.0006;0.0000;-0.1185;0.0000;194213;71.35025;Infinity;2680.92;-56.2881;35.3707;1.2859;1.1720;4.6134;2.1884;352.4860;352.8319;261.8878;85.0061;0.0040;1.6127;LeftFalse_RightFalse;LeftFalse_RightFalse;HandLeft_(0.3, -1.1, 0.0)_(0.7, 0.1, -0.6, 0.4)_1.046027_System.String[];HandLeft_(-0.7, -0.4, 0.0)_(0.9, 0.3, -0.2, 0.1)_1.005502_System.String[];HandRight_(0.5, -1.0, -0.1)_(-0.2, -0.3, 0.2, 0.9)_1.046027_System.String[];HandRight_(-0.5, -0.5, 0.0)_(0.6, 0.4, 0.2, -0.7)_1.005502_System.String[];41.4465;-0.0262;0.0635;-56.2462;35.3015;0.8338;1.1622;4.9967;2.7210;8.9947;334.8087;211.1571;88.0601;11.7152;8.3445
-0.5039;-0.1587;False;False;-56.1851;35.0491;-0.0141;-0.0122;5.0221;2.4840;359.9860;0.1496;261.8883;97.7239;0.0040;0.0041;0.6842;0.0000;-0.0006;0.0000;-0.1091;0.0000;194216;71.66027;Infinity;2680.96;-56.2881;35.4017;1.2859;1.1720;4.6134;2.1832;352.4860;352.8289;261.8878;85.0380;0.0040;1.6126;LeftFalse_RightFalse;LeftFalse_RightFalse;HandLeft_(0.3, -1.1, 0.0)_(0.7, 0.1, -0.6, 0.4)_1.046027_System.String[];HandLeft_(-0.7, -0.4, 0.0)_(0.9, 0.3, -0.2, 0.1)_1.005502_System.String[];HandRight_(0.5, -1.0, -0.1)_(-0.2, -0.3, 0.2, 0.9)_1.046027_System.String[];HandRight_(-0.5, -0.5, 0.0)_(0.6, 0.4, 0.2, -0.7)_1.005502_System.String[];41.4883;-0.0262;0.0635;-56.2464;35.3336;0.8338;1.1614;4.9971;2.7139;8.9952;334.6205;211.1582;87.8978;11.6661;8.6059
-0.5039;-0.1548;False;False;-56.1850;35.0769;-0.0141;-0.0122;5.0221;2.4795;359.9860;0.1455;261.8883;97.7523;0.0040;0.0035;0.6272;0.0000;-0.0005;0.0000;-0.1004;0.0000;194219;71.56033;Infinity;2681.01;-56.2881;35.4301;1.2859;1.1720;4.6134;2.1785;352.4860;352.8251;261.8878;85.0673;0.0040;1.6128;LeftFalse_RightFalse;LeftFalse_RightFalse;HandLeft_(0.3, -1.1, 0.0)_(0.7, 0.1, -0.6, 0.4)_1.046027_System.String[];HandLeft_(-0.7, -0.4, 0.0)_(0.9, 0.3, -0.2, 0.1)_1.005502_System.String[];HandRight_(0.5, -1.0, -0.1)_(-0.2, -0.3, 0.2, 0.9)_1.046027_System.String[];HandRight_(-0.5, -0.5, 0.0)_(0.6, 0.4, 0.2, -0.7)_1.005502_System.String[];41.5303;-0.0262;0.0635;-56.2465;35.3630;0.8338;1.1604;4.9975;2.7072;8.9641;334.3751;211.1963;87.7187;11.6237;8.8132
-0.5039;-0.1548;False;False;-56.1850;35.1021;-0.0141;-0.0123;5.0221;2.4755;359.9860;0.1411;261.8883;97.7780;0.0040;0.0030;0.5714;0.0000;-0.0005;0.0000;-0.0917;0.0000;194222;71.77178;Infinity;2681.05;-56.2881;35.4559;1.2859;1.1720;4.6134;2.1742;352.4860;352.8207;261.8878;85.0938;0.0040;1.6133;LeftFalse_RightFalse;LeftFalse_RightFalse;HandLeft_(0.3, -1.1, 0.0)_(0.7, 0.1, -0.6, 0.4)_1.046027_System.String[];HandLeft_(-0.7, -0.4, 0.0)_(0.9, 0.3, -0.2, 0.1)_1.005502_System.String[];HandRight_(0.5, -1.0, -0.1)_(-0.2, -0.3, 0.2, 0.9)_1.046027_System.String[];HandRight_(-0.5, -0.5, 0.0)_(0.6, 0.4, 0.2, -0.7)_1.005502_System.String[];41.5720;-0.0262;0.0635;-56.2466;35.3895;0.8339;1.1598;4.9981;2.7008;8.9060;334.1286;211.2535;87.5331;11.6085;8.9847
-0.5039;-0.1468;False;False;-56.1851;35.1248;-0.0141;-0.0123;5.0221;2.4719;359.9860;0.1366;261.8883;97.8012;0.0040;0.0026;0.5167;0.0000;-0.0005;0.0000;-0.0832;0.0000;194225;71.87976;Infinity;2681.09;-56.2881;35.4792;1.2859;1.1720;4.6134;2.1702;352.4860;352.8163;261.8878;85.1178;0.0040;1.6139;LeftFalse_RightFalse;LeftFalse_RightFalse;HandLeft_(0.3, -1.1, 0.0)_(0.7, 0.1, -0.6, 0.4)_1.046027_System.String[];HandLeft_(-0.7, -0.4, 0.0)_(0.9, 0.3, -0.2, 0.1)_1.005502_System.String[];HandRight_(0.5, -1.0, -0.1)_(-0.2, -0.3, 0.2, 0.9)_1.046027_System.String[];HandRight_(-0.5, -0.5, 0.0)_(0.6, 0.4, 0.2, -0.7)_1.005502_System.String[];41.6135;-0.0262;0.0635;-56.2467;35.4136;0.8342;1.1590;4.9984;2.6950;8.8384;333.8752;211.3125;87.2859;11.6150;9.2019
-0.5039;-0.1508;False;False;-56.1851;35.1454;-0.0141;-0.0123;5.0221;2.4686;359.9860;0.1323;261.8883;97.8222;0.0040;0.0022;0.4639;0.0000;-0.0005;0.0000;-0.0748;0.0000;194228;71.75189;Infinity;2681.13;-56.2881;35.5003;1.2859;1.1720;4.6134;2.1667;352.4860;352.8119;261.8878;85.1394;0.0040;1.6145;LeftFalse_RightFalse;LeftFalse_RightFalse;HandLeft_(0.3, -1.1, 0.0)_(0.7, 0.1, -0.6, 0.4)_1.046027_System.String[];HandLeft_(-0.7, -0.4, 0.0)_(0.9, 0.3, -0.2, 0.1)_1.005502_System.String[];HandRight_(0.5, -1.0, -0.1)_(-0.2, -0.3, 0.2, 0.9)_1.046027_System.String[];HandRight_(-0.5, -0.5, 0.0)_(0.6, 0.4, 0.2, -0.7)_1.005502_System.String[];41.6555;-0.0262;0.0635;-56.2467;35.4355;0.8344;1.1585;4.9987;2.6900;8.7881;333.6241;211.3499;87.0155;11.6390;9.3574
-0.5000;-0.1429;False;False;-56.1850;35.1635;-0.0141;-0.0123;5.0221;2.4656;359.9860;0.1284;261.8883;97.8407;0.0040;0.0019;0.4121;0.0000;-0.0004;0.0000;-0.0666;0.0000;194231;71.87242;Infinity;2681.17;-56.2881;35.5190;1.2859;1.1720;4.6134;2.1635;352.4860;352.8078;261.8878;85.1587;0.0040;1.6151;LeftFalse_RightFalse;LeftFalse_RightFalse;HandLeft_(0.3, -1.1, 0.0)_(0.7, 0.1, -0.6, 0.4)_1.046027_System.String[];HandLeft_(-0.7, -0.4, 0.0)_(0.9, 0.3, -0.2, 0.1)_1.005502_System.String[];HandRight_(0.5, -1.0, -0.1)_(-0.2, -0.3, 0.2, 0.9)_1.046027_System.String[];HandRight_(-0.5, -0.5, 0.0)_(0.6, 0.4, 0.2, -0.7)_1.005502_System.String[];41.6973;-0.0262;0.0635;-56.2467;35.4553;0.8346;1.1583;4.9988;2.6855;8.7358;333.4441;211.3495;86.7904;11.6842;9.4059
-0.5000;-0.1270;False;False;-56.1851;35.1795;-0.0141;-0.0123;5.0221;2.4630;359.9860;0.1246;261.8883;97.8570;0.0040;0.0017;0.3633;0.0000;-0.0004;0.0000;-0.0588;0.0000;194234;71.73766;Infinity;2681.22;-56.2881;35.5355;1.2859;1.1720;4.6134;2.1607;352.4860;352.8041;261.8878;85.1756;0.0040;1.6157;LeftFalse_RightFalse;LeftFalse_RightFalse;HandLeft_(0.3, -1.1, 0.0)_(0.7, 0.1, -0.6, 0.4)_1.046027_System.String[];HandLeft_(-0.7, -0.4, 0.0)_(0.9, 0.3, -0.2, 0.1)_1.005502_System.String[];HandRight_(0.5, -1.0, -0.1)_(-0.2, -0.3, 0.2, 0.9)_1.046027_System.String[];HandRight_(-0.5, -0.5, 0.0)_(0.6, 0.4, 0.2, -0.7)_1.005502_System.String[];41.7390;-0.0262;0.0635;-56.2465;35.4730;0.8347;1.1582;4.9989;2.6819;8.6625;333.3630;211.3154;86.6117;11.7318;9.3666
-0.5000;-0.1349;False;False;-56.1851;35.1936;-0.0141;-0.0124;5.0221;2.4608;359.9860;0.1208;261.8883;97.8713;0.0040;0.0016;0.3179;0.0000;-0.0004;0.0000;-0.0515;0.0000;194237;71.53532;Infinity;2681.26;-56.2881;35.5501;1.2859;1.1721;4.6134;2.1583;352.4860;352.8003;261.8878;85.1905;0.0040;1.6164;LeftFalse_RightFalse;LeftFalse_RightFalse;HandLeft_(0.3, -1.1, 0.0)_(0.7, 0.1, -0.6, 0.4)_1.046027_System.String[];HandLeft_(-0.7, -0.4, 0.0)_(0.9, 0.3, -0.2, 0.1)_1.005502_System.String[];HandRight_(0.5, -1.0, -0.1)_(-0.2, -0.3, 0.2, 0.9)_1.046027_System.String[];HandRight_(-0.5, -0.5, 0.0)_(0.6, 0.4, 0.2, -0.7)_1.005502_System.String[];41.7810;-0.0262;0.0635;-56.2462;35.4888;0.8347;1.1580;4.9990;2.6785;8.5890;333.3736;211.2825;86.4670;11.7859;9.2644
-0.5000;-0.1429;False;False;-56.1851;35.2056;-0.0141;-0.0124;5.0221;2.4588;359.9860;0.1174;261.8883;97.8835;0.0040;0.0015;0.2697;0.0000;-0.0003;0.0000;-0.0438;0.0000;194240;71.64906;Infinity;2681.30;-56.2881;35.5626;1.2859;1.1721;4.6134;2.1561;352.4860;352.7968;261.8878;85.2032;0.0040;1.6170;LeftFalse_RightFalse;LeftFalse_RightFalse;HandLeft_(0.3, -1.1, 0.0)_(0.7, 0.1, -0.6, 0.4)_1.046027_System.String[];HandLeft_(-0.7, -0.4, 0.0)_(0.9, 0.3, -0.2, 0.1)_1.005502_System.String[];HandRight_(0.5, -1.0, -0.1)_(-0.2, -0.3, 0.2, 0.9)_1.046027_System.String[];HandRight_(-0.5, -0.5, 0.0)_(0.6, 0.4, 0.2, -0.7)_1.005502_System.String[];41.8230;-0.0262;0.0635;-56.2460;35.5028;0.8347;1.1578;4.9991;2.6757;8.5117;333.4469;211.2715;86.3613;11.8531;9.1102
-0.5000;-0.1429;False;False;-56.1851;35.2101;-0.0141;-0.0124;5.0221;2.4581;359.9860;0.1289;261.8883;97.8927;0.0040;0.0000;-0.0002;0.0000;0.0001;0.0000;0.0001;0.0000;194243;56.58815;Infinity;2681.36;-56.2881;35.5708;1.2859;1.1720;4.6134;2.1547;352.4860;352.8024;261.8878;85.2135;0.0040;1.6149;LeftFalse_RightFalse;LeftFalse_RightFalse;HandLeft_(0.3, -1.1, 0.0)_(0.7, 0.1, -0.6, 0.4)_1.046027_System.String[];HandLeft_(-0.7, -0.4, 0.0)_(0.9, 0.3, -0.2, 0.1)_1.005502_System.String[];HandRight_(0.5, -1.0, -0.1)_(-0.2, -0.3, 0.2, 0.9)_1.046027_System.String[];HandRight_(-0.5, -0.5, 0.0)_(0.6, 0.4, 0.2, -0.7)_1.005502_System.String[];41.8833;-0.0262;0.0635;-56.2459;35.5135;0.8347;1.1576;4.9992;2.6733;8.3982;333.7916;211.2893;86.2392;11.9300;8.8603
