AccelA;AccelB;ButtonA;ButtonB;Car PositionXA;Car PositionXB;Car PositionYA;Car PositionYB;Car PositionZA;Car PositionZB;Car RotationXA;Car RotationXB;Car RotationYA;Car RotationYB;Car RotationZA;Car RotationZB;Car VelocityXB;Car VelocityYA;Car VelocityYB;Car VelocityZA;Car VelocityZB;CarVelocityXA;Frame Number;FrameRate ;FrameRate-XRDevice;GameTime;HeadPosXA;HeadPosXB;HeadPosYA;HeadPosYB;HeadPosZA;HeadPosZB;HeadrotXA;HeadrotXB;HeadrotYA;HeadrotYB;HeadrotZA;HeadrotZB;IndicatorsA;IndicatorsB;LeftHandA;LeftHandB;RightHandA;RightHandB;ScenarioTime;SteerA;SteerB;VRPosXA;VRPosXB;VRPosYA;VRPosYB;VRPosZA;VRPosZB;VRRotXA;VRRotXB;VRRotYA;VRRotYB;VRRotZA;VRRotZB
0.0000;0.0002;False;False;81.0092;-83.2000;-0.0027;-0.0142;-75.1205;77.9000;359.8682;0.0006;273.3849;147.7452;0.1469;-0.0027; ; ; ; ; ; ;170167;71.67877;Infinity;2364.94;80.9468;-82.4294;1.1453;1.4602;-75.3707;78.0231;354.7148;352.5449;320.8320;153.9915;354.4846;359.1837;;;HandLeft_(-0.4, -0.3, -0.1)_(0.3, 0.5, -0.8, -0.1)_1.012537_System.String[];HandLeft_(0.2, -0.6, -0.2)_(0.9, 0.5, 0.0, 0.0)_0.9825718_System.String[];HandRight_(-0.3, -0.3, -0.3)_(0.4, 0.3, 0.4, -0.8)_1.012537_System.String[];HandRight_(0.4, -0.7, -0.1)_(-0.2, -0.6, -0.6, 0.6)_0.9825718_System.String[];0.0000;-0.0147;-0.0185;80.9717;-82.7400;1.1730;1.0544;-75.4578;77.9044;359.9234;5.3986;272.9597;156.8507;355.5791;1.8494
0.0000;0.0002;False;False;81.0092;-83.2000;-0.0027;-0.0142;-75.1205;77.9000;359.8683;0.0006;273.3878;147.7461;0.1462;-0.0027;0.0002;0.0000;0.0000;-0.0013;-0.0004;0.0011;170170;65.27508;Infinity;2364.99;80.9468;-82.4294;1.1453;1.4602;-75.3707;78.0231;354.7153;352.5449;320.8340;153.9924;354.4843;359.1837;LeftFalse_RightFalse;LeftFalse_RightFalse;HandLeft_(-0.4, -0.3, -0.1)_(0.3, 0.5, -0.8, -0.1)_1.012537_System.String[];HandLeft_(0.2, -0.6, -0.2)_(0.9, 0.5, 0.0, 0.0)_0.9825718_System.String[];HandRight_(-0.3, -0.3, -0.3)_(0.4, 0.3, 0.4, -0.8)_1.012537_System.String[];HandRight_(0.4, -0.7, -0.1)_(-0.2, -0.6, -0.6, 0.6)_0.9825718_System.String[];0.0525;-0.0147;-0.0185;80.9706;-82.7400;1.1724;1.0549;-75.4589;77.9046;0.0717;5.1746;272.2897;156.5623;355.6420;1.9440
0.0000;0.0001;False;False;81.0093;-83.2000;-0.0027;-0.0142;-75.1206;77.9000;359.8684;0.0003;273.3891;147.7458;0.1460;-0.0027;0.0011;0.0000;0.0000;-0.0014;-0.0016;0.0013;170173;68.32915;Infinity;2365.03;80.9469;-82.4294;1.1453;1.4602;-75.3708;78.0231;354.7156;352.5447;320.8358;153.9920;354.4841;359.1837;LeftFalse_RightFalse;LeftFalse_RightFalse;HandLeft_(-0.4, -0.3, -0.1)_(0.3, 0.5, -0.8, -0.1)_1.012537_System.String[];HandLeft_(0.2, -0.6, -0.2)_(0.9, 0.5, 0.0, 0.0)_0.9825718_System.String[];HandRight_(-0.3, -0.3, -0.3)_(0.4, 0.3, 0.4, -0.8)_1.012537_System.String[];HandRight_(0.4, -0.7, -0.1)_(-0.2, -0.6, -0.6, 0.6)_0.9825718_System.String[];0.0942;-0.0147;-0.0185;80.9698;-82.7399;1.1718;1.0551;-75.4597;77.9051;0.1964;5.0420;271.7535;156.2984;355.6972;1.9955
0.0000;0.0001;False;False;81.0093;-83.2000;-0.0027;-0.0142;-75.1207;77.9000;359.8684;0.0004;273.3909;147.7460;0.1459;-0.0027;0.0001;0.0000;0.0000;-0.0014;-0.0002;0.0008;170176;69.96461;Infinity;2365.08;80.9469;-82.4294;1.1453;1.4602;-75.3708;78.0231;354.7158;352.5447;320.8370;153.9922;354.4841;359.1837;LeftFalse_RightFalse;LeftFalse_RightFalse;HandLeft_(-0.4, -0.3, -0.1)_(0.2, 0.5, -0.8, -0.1)_1.012537_System.String[];HandLeft_(0.2, -0.6, -0.2)_(0.9, 0.5, 0.0, 0.0)_0.9825718_System.String[];HandRight_(-0.3, -0.3, -0.3)_(0.4, 0.3, 0.4, -0.8)_1.012537_System.String[];HandRight_(0.4, -0.7, -0.1)_(-0.2, -0.6, -0.6, 0.6)_0.9825718_System.String[];0.1360;-0.0147;-0.0185;80.9691;-82.7397;1.1713;1.0552;-75.4604;77.9055;0.3417;4.9862;271.2608;156.0287;355.7770;2.0367
0.0000;0.0001;False;False;81.0094;-83.1999;-0.0027;-0.0142;-75.1207;77.8999;359.8683;0.0003;273.3939;147.7461;0.1459;-0.0027;0.0002;0.0000;0.0000;-0.0014;-0.0004;0.0000;170179;70.75059;Infinity;2365.12;80.9470;-82.4294;1.1453;1.4602;-75.3709;78.0230;354.7158;352.5446;320.8403;153.9921;354.4841;359.1837;LeftFalse_RightFalse;LeftFalse_RightFalse;HandLeft_(-0.4, -0.3, -0.1)_(0.2, 0.5, -0.8, -0.1)_1.012537_System.String[];HandLeft_(0.2, -0.6, -0.2)_(0.9, 0.5, 0.0, 0.0)_0.9825718_System.String[];HandRight_(-0.3, -0.3, -0.3)_(0.4, 0.3, 0.4, -0.8)_1.012537_System.String[];HandRight_(0.4, -0.7, -0.1)_(-0.1, -0.6, -0.6, 0.6)_0.9825718_System.String[];0.1780;-0.0147;-0.0185;80.9685;-82.7395;1.1710;1.0552;-75.4610;77.9063;0.4708;5.0473;270.9222;155.7569;355.8289;2.0799
0.0000;0.0000;False;False;81.0095;-83.1999;-0.0027;-0.0142;-75.1208;77.8999;359.8684;0.0005;273.3965;147.7466;0.1460;-0.0027;-0.0003;0.0000;0.0000;-0.0015;0.0004;0.0028;170182;71.36164;Infinity;2365.16;80.9470;-82.4294;1.1453;1.4602;-75.3710;78.0230;354.7156;352.5447;320.8429;153.9930;354.4840;359.1837;LeftFalse_RightFalse;LeftFalse_RightFalse;HandLeft_(-0.4, -0.3, -0.1)_(0.2, 0.5, -0.8, -0.1)_1.012537_System.String[];HandLeft_(0.2, -0.6, -0.2)_(0.9, 0.5, 0.0, 0.0)_0.9825718_System.String[];HandRight_(-0.3, -0.3, -0.3)_(0.4, 0.3, 0.4, -0.8)_1.012537_System.String[];HandRight_(0.4, -0.7, -0.1)_(-0.1, -0.6, -0.6, 0.6)_0.9825718_System.String[];0.2197;-0.0147;-0.0185;80.9679;-82.7394;1.1709;1.0548;-75.4613;77.9068;0.5708;5.2371;270.7573;155.4935;355.9027;2.1753
0.0000;0.0000;False;False;81.0095;-83.2000;-0.0027;-0.0142;-75.1209;77.9000;359.8683;0.0007;273.3973;147.7467;0.1460;-0.0026;0.0005;0.0000;0.0000;-0.0015;-0.0007;0.0022;170185;71.61806;Infinity;2365.20;80.9471;-82.4294;1.1453;1.4602;-75.3710;78.0231;354.7156;352.5449;320.8441;153.9929;354.4841;359.1837;LeftFalse_RightFalse;LeftFalse_RightFalse;HandLeft_(-0.4, -0.3, -0.1)_(0.2, 0.5, -0.8, -0.1)_1.012537_System.String[];HandLeft_(0.2, -0.6, -0.2)_(0.9, 0.5, 0.0, 0.0)_0.9825718_System.String[];HandRight_(-0.3, -0.3, -0.3)_(0.4, 0.4, 0.4, -0.8)_1.012537_System.String[];HandRight_(0.4, -0.7, -0.1)_(-0.1, -0.6, -0.6, 0.6)_0.9825718_System.String[];0.2615;-0.0147;-0.0185;80.9672;-82.7390;1.1705;1.0543;-75.4612;77.9076;0.7513;5.5691;270.8105;155.1982;356.0731;2.3424
0.0000;0.0000;False;False;81.0096;-83.2000;-0.0027;-0.0142;-75.1209;77.8999;359.8682;0.0005;273.4006;147.7471;0.1461;-0.0027;0.0007;0.0000;0.0000;-0.0016;-0.0011;0.0035;170188;71.49033;Infinity;2365.24;80.9471;-82.4294;1.1453;1.4602;-75.3711;78.0230;354.7155;352.5449;320.8467;153.9936;354.4841;359.1837;LeftFalse_RightFalse;LeftFalse_RightFalse;HandLeft_(-0.4, -0.3, -0.1)_(0.2, 0.5, -0.8, -0.1)_1.012537_System.String[];HandLeft_(0.2, -0.6, -0.2)_(0.9, 0.5, 0.0, 0.0)_0.9825718_System.String[];HandRight_(-0.3, -0.3, -0.3)_(0.4, 0.3, 0.4, -0.8)_1.012537_System.String[];HandRight_(0.4, -0.7, -0.1)_(-0.2, -0.6, -0.6, 0.6)_0.9825718_System.String[];0.3035;-0.0147;-0.0185;80.9664;-82.7384;1.1700;1.0536;-75.4608;77.9083;0.9901;5.9119;271.1248;154.8487;356.1184;2.4944
0.0000;0.0000;False;False;81.0097;-83.2000;-0.0027;-0.0142;-75.1210;77.9000;359.8683;0.0006;273.4026;147.7468;0.1462;-0.0027;-0.0003;0.0000;0.0000;-0.0015;0.0005;0.0024;170191;71.73698;Infinity;2365.29;80.9472;-82.4294;1.1453;1.4602;-75.3711;78.0230;354.7155;352.5449;320.8491;153.9930;354.4842;359.1837;LeftFalse_RightFalse;LeftFalse_RightFalse;HandLeft_(-0.4, -0.3, -0.1)_(0.2, 0.5, -0.8, -0.1)_1.012537_System.String[];HandLeft_(0.2, -0.6, -0.2)_(0.9, 0.5, 0.0, 0.0)_0.9825718_System.String[];HandRight_(-0.3, -0.3, -0.3)_(0.4, 0.3, 0.4, -0.8)_1.012537_System.String[];HandRight_(0.4, -0.7, -0.1)_(-0.2, -0.6, -0.6, 0.6)_0.9825718_System.String[];0.3452;-0.0147;-0.0185;80.9656;-82.7378;1.1695;1.0533;-75.4602;77.9085;1.2832;6.0331;271.5823;154.4563;356.1210;2.5909
0.0000;0.0000;False;False;81.0098;-83.2000;-0.0027;-0.0142;-75.1210;77.9000;359.8684;0.0007;273.4044;147.7475;0.1462;-0.0027;-0.0001;0.0000;0.0000;-0.0016;0.0001;0.0030;170194;71.86453;Infinity;2365.33;80.9473;-82.4294;1.1453;1.4602;-75.3712;78.0230;354.7155;352.5450;320.8508;153.9935;354.4843;359.1837;LeftFalse_RightFalse;LeftFalse_RightFalse;HandLeft_(-0.4, -0.3, -0.1)_(0.2, 0.5, -0.8, -0.1)_1.012537_System.String[];HandLeft_(0.2, -0.6, -0.2)_(0.9, 0.5, 0.0, 0.0)_0.9825718_System.String[];HandRight_(-0.3, -0.3, -0.3)_(0.4, 0.3, 0.4, -0.8)_1.012537_System.String[];HandRight_(0.4, -0.7, -0.1)_(-0.2, -0.6, -0.6, 0.6)_0.9825718_System.String[];0.3867;-0.0147;-0.0185;80.9649;-82.7371;1.1692;1.0531;-75.4595;77.9087;1.6103;5.9630;272.1227;154.1196;356.1860;2.5768
0.0000;0.0000;False;False;81.0100;-83.2000;-0.0027;-0.0142;-75.1211;77.9000;359.8684;0.0008;273.4072;147.7480;0.1463;-0.0026;-0.0006;0.0000;0.0000;-0.0015;0.0009;0.0012;170197;71.93224;Infinity;2365.37;80.9475;-82.4294;1.1453;1.4602;-75.3713;78.0230;354.7155;352.5450;320.8537;153.9943;354.4843;359.1837;LeftFalse_RightFalse;LeftFalse_RightFalse;HandLeft_(-0.4, -0.3, -0.1)_(0.2, 0.6, -0.8, -0.1)_1.012537_System.String[];HandLeft_(0.2, -0.6, -0.2)_(0.9, 0.5, 0.0, 0.0)_0.9825718_System.String[];HandRight_(-0.3, -0.3, -0.3)_(0.4, 0.3, 0.4, -0.8)_1.012537_System.String[];HandRight_(0.4, -0.7, -0.1)_(-0.1, -0.6, -0.6, 0.6)_0.9825718_System.String[];0.4285;-0.0147;-0.0185;80.9644;-82.7365;1.1691;1.0533;-75.4589;77.9089;1.9461;5.8031;272.7259;153.9361;356.2965;2.5301
0.0000;0.0000;False;False;81.0101;-83.2000;-0.0027;-0.0142;-75.1212;77.9000;359.8683;0.0009;273.4089;147.7485;0.1463;-0.0026;-0.0002;0.0000;0.0000;-0.0017;0.0003;0.0053;170200;71.89795;Infinity;2365.41;80.9475;-82.4294;1.1453;1.4602;-75.3713;78.0231;354.7153;352.5452;320.8555;153.9946;354.4842;359.1838;LeftFalse_RightFalse;LeftFalse_RightFalse;HandLeft_(-0.4, -0.3, -0.1)_(0.2, 0.6, -0.8, -0.1)_1.012537_System.String[];HandLeft_(0.2, -0.6, -0.2)_(0.9, 0.5, 0.0, 0.0)_0.9825718_System.String[];HandRight_(-0.3, -0.3, -0.3)_(0.4, 0.3, 0.4, -0.8)_1.012537_System.String[];HandRight_(0.4, -0.7, -0.1)_(-0.1, -0.6, -0.6, 0.6)_0.9825718_System.String[];0.4702;-0.0147;-0.0185;80.9635;-82.7362;1.1690;1.0535;-75.4578;77.9090;2.2176;5.6829;273.6819;153.9378;356.4559;2.4966
0.0000;0.0000;False;False;81.0103;-83.2000;-0.0027;-0.0142;-75.1212;77.9000;359.8683;0.0008;273.4110;147.7489;0.1463;-0.0026;0.0004;0.0000;0.0000;-0.0015;-0.0007;0.0021;170203;71.94756;Infinity;2365.45;80.9477;-82.4294;1.1453;1.4602;-75.3714;78.0231;354.7155;352.5452;320.8574;153.9953;354.4844;359.1838;LeftFalse_RightFalse;LeftFalse_RightFalse;HandLeft_(-0.4, -0.3, -0.1)_(0.2, 0.5, -0.8, -0.1)_1.012537_System.String[];HandLeft_(0.2, -0.6, -0.2)_(0.9, 0.5, 0.0, 0.0)_0.9825718_System.String[];HandRight_(-0.3, -0.3, -0.3)_(0.4, 0.3, 0.4, -0.8)_1.012537_System.String[];HandRight_(0.4, -0.7, -0.1)_(-0.1, -0.6, -0.6, 0.6)_0.9825718_System.String[];0.5120;-0.0147;-0.0185;80.9634;-82.7364;1.1684;1.0536;-75.4564;77.9089;2.5787;5.5979;275.0165;154.1183;356.6465;2.4669
0.0000;0.0000;False;False;81.0104;-83.2000;-0.0027;-0.0142;-75.1213;77.9000;359.8684;0.0005;273.4137;147.7495;0.1463;-0.0027;-0.0002;0.0000;0.0000;-0.0017;0.0003;0.0058;170206;71.74741;Infinity;2365.49;80.9479;-82.4294;1.1453;1.4602;-75.3714;78.0231;354.7154;352.5449;320.8600;153.9955;354.4843;359.1837;LeftFalse_RightFalse;LeftFalse_RightFalse;HandLeft_(-0.4, -0.3, -0.1)_(0.2, 0.5, -0.8, -0.1)_1.012537_System.String[];HandLeft_(0.2, -0.6, -0.2)_(0.9, 0.5, 0.0, 0.0)_0.9825718_System.String[];HandRight_(-0.3, -0.3, -0.3)_(0.4, 0.3, 0.4, -0.8)_1.012537_System.String[];HandRight_(0.4, -0.7, -0.1)_(-0.1, -0.6, -0.6, 0.6)_0.9825718_System.String[];0.5537;-0.0147;-0.0183;80.9632;-82.7368;1.1677;1.0536;-75.4549;77.9086;3.0330;5.5355;276.4973;154.3996;356.8426;2.4255
0.0000;0.0000;False;False;81.0106;-83.2000;-0.0027;-0.0142;-75.1214;77.9000;359.8683;0.0004;273.4170;147.7504;0.1463;-0.0027;-0.0002;0.0000;0.0000;-0.0016;0.0003;0.0037;170209;71.81888;Infinity;2365.54;80.9480;-82.4294;1.1453;1.4602;-75.3715;78.0230;354.7154;352.5447;320.8632;153.9959;354.4843;359.1837;LeftFalse_RightFalse;LeftFalse_RightFalse;HandLeft_(-0.4, -0.3, -0.1)_(0.2, 0.5, -0.8, -0.1)_1.012537_System.String[];HandLeft_(0.2, -0.6, -0.2)_(0.9, 0.5, 0.0, 0.0)_0.9825718_System.String[];HandRight_(-0.3, -0.3, -0.3)_(0.4, 0.4, 0.4, -0.8)_1.012537_System.String[];HandRight_(0.4, -0.7, -0.1)_(-0.1, -0.6, -0.6, 0.6)_0.9825718_System.String[];0.5955;-0.0147;-0.0179;80.9633;-82.7373;1.1670;1.0537;-75.4533;77.9079;3.4599;5.4867;277.9473;154.7609;356.9968;2.3356
0.0000;0.0000;False;False;81.0108;-83.2000;-0.0027;-0.0142;-75.1214;77.9000;359.8681;0.0005;273.4193;147.7504;0.1463;-0.0027;0.0001;0.0000;0.0000;-0.0016;-0.0002;0.0037;170212;71.56573;Infinity;2365.58;80.9482;-82.4294;1.1453;1.4602;-75.3716;78.0230;354.7153;352.5448;320.8659;153.9967;354.4842;359.1837;LeftFalse_RightFalse;LeftFalse_RightFalse;HandLeft_(-0.4, -0.3, -0.1)_(0.2, 0.6, -0.8, -0.1)_1.012537_System.String[];HandLeft_(0.2, -0.6, -0.2)_(0.9, 0.5, 0.0, 0.0)_0.9825718_System.String[];HandRight_(-0.3, -0.3, -0.3)_(0.4, 0.4, 0.4, -0.8)_1.012537_System.String[];HandRight_(0.4, -0.7, -0.1)_(-0.1, -0.6, -0.6, 0.6)_0.9825718_System.String[];0.6377;-0.0147;-0.0179;80.9634;-82.7379;1.1663;1.0537;-75.4521;77.9073;3.8147;5.4252;279.2012;155.1494;357.0540;2.1846
0.0000;0.0000;False;False;81.0109;-83.2000;-0.0027;-0.0142;-75.1215;77.9000;359.8680;0.0007;273.4207;147.7500;0.1463;-0.0027;0.0000;0.0000;0.0000;-0.0016;0.0000;0.0044;170215;71.70451;Infinity;2365.62;80.9483;-82.4294;1.1453;1.4602;-75.3716;78.0231;354.7152;352.5450;320.8671;153.9966;354.4840;359.1837;LeftFalse_RightFalse;LeftFalse_RightFalse;HandLeft_(-0.4, -0.3, -0.1)_(0.2, 0.5, -0.8, -0.1)_1.012537_System.String[];HandLeft_(0.2, -0.6, -0.2)_(0.9, 0.5, 0.0, 0.0)_0.9825718_System.String[];HandRight_(-0.3, -0.3, -0.3)_(0.4, 0.3, 0.4, -0.8)_1.012537_System.String[];HandRight_(0.4, -0.7, -0.1)_(-0.1, -0.6, -0.6, 0.6)_0.9825718_System.String[];0.6794;-0.0147;-0.0179;80.9635;-82.7385;1.1658;1.0538;-75.4514;77.9068;4.0862;5.3978;280.1349;155.4646;357.0724;2.0845
0.0000;0.0000;False;False;81.0111;-83.2000;-0.0027;-0.0142;-75.1216;77.9000;359.8680;0.0005;273.4222;147.7504;0.1462;-0.0027;0.0003;0.0000;0.0000;-0.0016;-0.0004;0.0031;170218;71.80452;Infinity;2365.66;80.9485;-82.4294;1.1453;1.4602;-75.3717;78.0231;354.7152;352.5450;320.8684;153.9966;354.4840;359.1837;LeftFalse_RightFalse;LeftFalse_RightFalse;HandLeft_(-0.4, -0.3, -0.1)_(0.2, 0.5, -0.8, -0.1)_1.012537_System.String[];HandLeft_(0.2, -0.6, -0.2)_(0.9, 0.5, 0.0, 0.0)_0.9825718_System.String[];HandRight_(-0.3, -0.3, -0.3)_(0.4, 0.4, 0.4, -0.8)_1.012537_System.String[];HandRight_(0.4, -0.7, -0.1)_(-0.1, -0.6, -0.6, 0.6)_0.9825718_System.String[];0.7212;-0.0147;-0.0179;80.9636;-82.7389;1.1654;1.0538;-75.4510;77.9060;4.2555;5.3563;280.8364;155.7117;357.0376;2.0499
0.0000;0.0016;False;False;81.0112;-83.2000;-0.0027;-0.0142;-75.1216;77.9000;359.8677;0.0005;273.4245;147.7515;0.1462;-0.0027;0.0000;0.0000;0.0000;-0.0017;0.0000;0.0066;170221;71.92876;Infinity;2365.70;80.9486;-82.4294;1.1453;1.4602;-75.3718;78.0230;354.7151;352.5448;320.8711;153.9975;354.4838;359.1837;LeftFalse_RightFalse;LeftFalse_RightFalse;HandLeft_(-0.4, -0.3, -0.1)_(0.2, 0.5, -0.8, -0.1)_1.012537_System.String[];HandLeft_(0.2, -0.6, -0.2)_(0.9, 0.5, 0.0, 0.0)_0.9825718_System.String[];HandRight_(-0.3, -0.3, -0.3)_(0.4, 0.4, 0.4, -0.8)_1.012537_System.String[];HandRight_(0.4, -0.7, -0.1)_(-0.1, -0.6, -0.6, 0.6)_0.9825718_System.String[];0.7627;-0.0147;-0.0179;80.9637;-82.7392;1.1652;1.0539;-75.4508;77.9055;4.3875;5.2804;281.4420;155.8234;356.9510;2.0647
0.0000;0.0125;False;False;81.0115;-83.2000;-0.0027;-0.0142;-75.1217;77.9000;359.8680;0.0006;273.4269;147.7521;0.1462;-0.0027;0.0008;0.0000;0.0000;-0.0018;-0.0013;0.0071;170224;71.96346;Infinity;2365.74;80.9488;-82.4294;1.1453;1.4602;-75.3718;78.0230;354.7152;352.5449;320.8731;153.9985;354.4839;359.1837;LeftFalse_RightFalse;LeftFalse_RightFalse;HandLeft_(-0.4, -0.3, -0.1)_(0.2, 0.6, -0.8, -0.1)_1.012537_System.String[];HandLeft_(0.2, -0.6, -0.2)_(0.9, 0.5, 0.0, 0.0)_0.9825718_System.String[];HandRight_(-0.3, -0.3, -0.3)_(0.4, 0.4, 0.4, -0.8)_1.012537_System.String[];HandRight_(0.4, -0.7, -0.1)_(-0.1, -0.6, -0.6, 0.6)_0.9825718_System.String[];0.8044;-0.0147;-0.0179;80.9637;-82.7394;1.1650;1.0539;-75.4504;77.9052;4.4680;5.1229;281.9893;155.7917;356.9152;2.1078
0.0000;0.0260;False;False;81.0118;-83.2000;-0.0027;-0.0142;-75.1218;77.9000;359.8683;0.0003;273.4286;147.7527;0.1462;-0.0027;0.0013;0.0000;0.0000;-0.0017;-0.0020;0.0062;170227;71.967;Infinity;2365.79;80.9491;-82.4294;1.1453;1.4602;-75.3719;78.0230;354.7154;352.5447;320.8753;153.9989;354.4842;359.1837;LeftFalse_RightFalse;LeftFalse_RightFalse;HandLeft_(-0.4, -0.3, -0.1)_(0.2, 0.6, -0.8, -0.1)_1.012537_System.String[];HandLeft_(0.2, -0.6, -0.2)_(0.9, 0.5, 0.0, 0.0)_0.9825718_System.String[];HandRight_(-0.3, -0.3, -0.3)_(0.4, 0.3, 0.4, -0.8)_1.012537_System.String[];HandRight_(0.4, -0.7, -0.1)_(-0.1, -0.6, -0.6, 0.6)_0.9825718_System.String[];0.8459;-0.0147;-0.0180;80.9637;-82.7393;1.1649;1.0541;-75.4501;77.9051;4.4918;4.9286;282.3737;155.6313;356.9351;2.1401
0.0000;0.0357;False;False;81.0120;-83.1999;-0.0027;-0.0142;-75.1218;77.8998;359.8680;-0.0001;273.4308;147.7525;0.1462;-0.0027;0.0024;0.0000;0.0000;-0.0016;-0.0038;0.0043;170230;71.9947;Infinity;2365.83;80.9493;-82.4293;1.1453;1.4602;-75.3720;78.0229;354.7154;352.5443;320.8773;153.9986;354.4841;359.1836;LeftFalse_RightFalse;LeftFalse_RightFalse;HandLeft_(-0.4, -0.3, -0.1)_(0.2, 0.6, -0.8, -0.1)_1.012537_System.String[];HandLeft_(0.2, -0.6, -0.2)_(0.9, 0.5, 0.0, 0.0)_0.9825718_System.String[];HandRight_(-0.3, -0.3, -0.3)_(0.4, 0.3, 0.4, -0.8)_1.012537_System.String[];HandRight_(0.4, -0.7, -0.1)_(-0.1, -0.6, -0.6, 0.6)_0.9825718_System.String[];0.8877;-0.0147;-0.0180;80.9635;-82.7390;1.1645;1.0545;-75.4501;77.9051;4.5015;4.6712;282.4729;155.3776;356.9501;2.1894
0.0162;0.0392;False;False;81.0122;-83.1997;-0.0027;-0.0142;-75.1219;77.8996;359.8679;-0.0006;273.4334;147.7534;0.1461;-0.0027;0.0059;0.0000;0.0000;-0.0017;-0.0092;0.0058;170233;71.81375;Infinity;2365.87;80.9495;-82.4292;1.1453;1.4602;-75.3720;78.0227;354.7152;352.5439;320.8798;153.9996;354.4839;359.1836;LeftFalse_RightFalse;LeftFalse_RightFalse;HandLeft_(-0.4, -0.3, -0.1)_(0.2, 0.6, -0.8, -0.1)_1.012537_System.String[];HandLeft_(0.2, -0.6, -0.2)_(0.9, 0.5, 0.1, 0.0)_0.9825718_System.String[];HandRight_(-0.3, -0.3, -0.3)_(0.4, 0.3, 0.4, -0.8)_1.012537_System.String[];HandRight_(0.4, -0.7, -0.1)_(-0.1, -0.6, -0.6, 0.5)_0.9825718_System.String[];0.9297;-0.0147;-0.0181;80.9631;-82.7381;1.1643;1.0549;-75.4509;77.9053;4.5266;4.3570;282.2107;155.0117;357.0034;2.3378
0.0594;0.0367;False;False;81.0123;-83.1994;-0.0027;-0.0142;-75.1220;77.8992;359.8676;-0.0015;273.4364;147.7537;0.1461;-0.0027;0.0070;0.0000;0.0000;-0.0015;-0.0110;0.0019;170236;71.73744;Infinity;2365.91;80.9497;-82.4290;1.1453;1.4602;-75.3721;78.0224;354.7152;352.5431;320.8825;153.9999;354.4838;359.1835;LeftFalse_RightFalse;LeftFalse_RightFalse;HandLeft_(-0.4, -0.3, -0.1)_(0.2, 0.6, -0.8, 0.0)_1.012537_System.String[];HandLeft_(0.2, -0.6, -0.2)_(0.9, 0.5, 0.0, 0.0)_0.9825718_System.String[];HandRight_(-0.3, -0.3, -0.3)_(0.4, 0.3, 0.4, -0.8)_1.012537_System.String[];HandRight_(0.4, -0.7, -0.1)_(-0.1, -0.6, -0.6, 0.5)_0.9825718_System.String[];0.9714;-0.0147;-0.0188;80.9625;-82.7366;1.1642;1.0555;-75.4523;77.9055;4.5220;4.0056;281.5039;154.3108;356.9708;2.5761
0.1158;0.0303;False;False;81.0123;-83.1991;-0.0027;-0.0142;-75.1220;77.8987;359.8668;-0.0020;273.4382;147.7536;0.1460;-0.0027;0.0084;0.0000;0.0000;-0.0011;-0.0131;-0.0048;170239;71.8096;Infinity;2365.95;80.9498;-82.4287;1.1453;1.4602;-75.3722;78.0219;354.7148;352.5425;320.8845;154.0000;354.4833;359.1834;LeftFalse_RightFalse;LeftFalse_RightFalse;HandLeft_(-0.4, -0.3, -0.1)_(0.2, 0.6, -0.8, -0.1)_1.012537_System.String[];HandLeft_(0.2, -0.6, -0.2)_(0.9, 0.5, 0.0, 0.0)_0.9825718_System.String[];HandRight_(-0.3, -0.3, -0.3)_(0.4, 0.3, 0.4, -0.8)_1.012537_System.String[];HandRight_(0.4, -0.7, -0.1)_(-0.1, -0.6, -0.6, 0.5)_0.9825718_System.String[];1.0132;-0.0147;-0.0203;80.9617;-82.7343;1.1642;1.0559;-75.4538;77.9057;4.5272;3.6381;280.5567;153.1523;356.8558;2.7187
0.1729;0.0221;False;False;81.0118;-83.1987;-0.0027;-0.0142;-75.1221;77.8981;359.8652;-0.0024;273.4412;147.7541;0.1460;-0.0027;0.0095;0.0000;0.0000;-0.0005;-0.0148;-0.0165;170242;71.78402;Infinity;2365.99;80.9495;-82.4283;1.1453;1.4602;-75.3722;78.0213;354.7140;352.5420;320.8883;154.0000;354.4823;359.1833;LeftFalse_RightFalse;LeftFalse_RightFalse;HandLeft_(-0.4, -0.3, -0.1)_(0.2, 0.6, -0.8, -0.1)_1.012537_System.String[];HandLeft_(0.2, -0.6, -0.2)_(0.9, 0.5, 0.0, 0.0)_0.9825718_System.String[];HandRight_(-0.3, -0.3, -0.3)_(0.4, 0.3, 0.4, -0.8)_1.012537_System.String[];HandRight_(0.4, -0.7, -0.1)_(-0.1, -0.7, -0.5, 0.5)_0.9825718_System.String[];1.0549;-0.0147;-0.0224;80.9605;-82.7315;1.1640;1.0565;-75.4554;77.9059;4.5257;3.2391;279.5729;151.6729;356.7145;2.8653
0.2167;0.0161;False;False;81.0106;-83.1983;-0.0027;-0.0142;-75.1221;77.8974;359.8626;-0.0028;273.4437;147.7540;0.1459;-0.0028;0.0114;-0.0001;0.0000;0.0004;-0.0178;-0.0340;170245;71.57053;Infinity;2366.04;80.9486;-82.4279;1.1453;1.4602;-75.3722;78.0207;354.7125;352.5417;320.8904;154.0008;354.4805;359.1833;LeftFalse_RightFalse;LeftFalse_RightFalse;HandLeft_(-0.4, -0.3, -0.1)_(0.2, 0.6, -0.8, 0.0)_1.012537_System.String[];HandLeft_(0.2, -0.6, -0.2)_(0.9, 0.5, 0.0, 0.0)_0.9825718_System.String[];HandRight_(-0.3, -0.3, -0.3)_(0.4, 0.4, 0.4, -0.7)_1.012537_System.String[];HandRight_(0.4, -0.7, -0.1)_(-0.1, -0.7, -0.5, 0.5)_0.9825718_System.String[];1.0969;-0.0147;-0.0256;80.9586;-82.7283;1.1637;1.0570;-75.4568;77.9060;4.4468;2.8484;278.6697;150.0480;356.5832;2.9828
0.2468;0.0117;False;False;81.0086;-83.1978;-0.0027;-0.0142;-75.1220;77.8966;359.8591;-0.0029;273.4460;147.7537;0.1457;-0.0028;0.0117;-0.0001;0.0000;0.0015;-0.0181;-0.0548;170248;71.71916;Infinity;2366.08;80.9469;-82.4274;1.1453;1.4602;-75.3722;78.0199;354.7104;352.5415;320.8931;154.0004;354.4780;359.1832;LeftFalse_RightFalse;LeftFalse_RightFalse;HandLeft_(-0.4, -0.3, -0.1)_(0.2, 0.6, -0.8, -0.1)_1.012537_System.String[];HandLeft_(0.2, -0.6, -0.2)_(0.8, 0.5, 0.1, 0.0)_0.9825718_System.String[];HandRight_(-0.3, -0.3, -0.3)_(0.4, 0.3, 0.4, -0.8)_1.012537_System.String[];HandRight_(0.4, -0.7, -0.1)_(-0.1, -0.7, -0.5, 0.5)_0.9825718_System.String[];1.1387;-0.0147;-0.0300;80.9561;-82.7250;1.1636;1.0574;-75.4580;77.9062;4.4001;2.5318;277.8785;148.3899;356.5011;3.1559
0.2660;0.0133;False;False;81.0057;-83.1973;-0.0027;-0.0142;-75.1219;77.8958;359.8553;-0.0030;273.4478;147.7518;0.1456;-0.0028;0.0123;-0.0001;0.0000;0.0027;-0.0191;-0.0764;170251;71.85697;Infinity;2366.12;80.9443;-82.4269;1.1453;1.4602;-75.3721;78.0192;354.7079;352.5414;320.8958;153.9987;354.4751;359.1832;LeftFalse_RightFalse;LeftFalse_RightFalse;HandLeft_(-0.4, -0.3, -0.1)_(0.2, 0.6, -0.8, 0.0)_1.012537_System.String[];HandLeft_(0.2, -0.6, -0.2)_(0.8, 0.5, 0.1, 0.0)_0.9825718_System.String[];HandRight_(-0.3, -0.3, -0.3)_(0.4, 0.4, 0.4, -0.8)_1.012537_System.String[];HandRight_(0.4, -0.7, -0.1)_(-0.1, -0.7, -0.5, 0.5)_0.9825718_System.String[];1.1804;-0.0147;-0.0349;80.9528;-82.7213;1.1635;1.0577;-75.4591;77.9062;4.4280;2.2910;277.1746;146.6691;356.4868;3.4358
0.2799;0.0206;False;False;81.0016;-83.1968;-0.0027;-0.0142;-75.1218;77.8950;359.8510;-0.0029;273.4493;147.7499;0.1455;-0.0028;0.0140;-0.0001;0.0000;0.0048;-0.0215;-0.1154;170254;71.82658;Infinity;2366.16;80.9407;-82.4264;1.1453;1.4602;-75.3719;78.0184;354.7052;352.5415;320.8969;153.9969;354.4720;359.1832;LeftFalse_RightFalse;LeftFalse_RightFalse;HandLeft_(-0.4, -0.3, -0.1)_(0.2, 0.6, -0.8, 0.0)_1.012537_System.String[];HandLeft_(0.2, -0.6, -0.2)_(0.9, 0.5, 0.0, 0.0)_0.9825718_System.String[];HandRight_(-0.3, -0.3, -0.3)_(0.4, 0.4, 0.4, -0.8)_1.012537_System.String[];HandRight_(0.4, -0.7, -0.1)_(-0.1, -0.6, -0.5, 0.5)_0.9825718_System.String[];1.2222;-0.0147;-0.0393;80.9484;-82.7177;1.1635;1.0580;-75.4600;77.9060;4.4644;2.1199;276.5258;145.0862;356.4793;3.7184
0.2922;0.0345;False;False;80.9964;-83.1962;-0.0027;-0.0142;-75.1215;77.8941;359.8467;-0.0029;273.4494;147.7487;0.1453;-0.0029;0.0148;-0.0001;0.0000;0.0062;-0.0227;-0.1414;170257;71.75553;Infinity;2366.20;80.9360;-82.4258;1.1453;1.4602;-75.3717;78.0175;354.7025;352.5415;320.8980;153.9954;354.4687;359.1832;LeftFalse_RightFalse;LeftFalse_RightFalse;HandLeft_(-0.4, -0.3, -0.1)_(0.2, 0.5, -0.8, 0.0)_1.012537_System.String[];HandLeft_(0.2, -0.7, -0.2)_(0.8, 0.5, 0.0, 0.0)_0.9825718_System.String[];HandRight_(-0.3, -0.3, -0.3)_(0.4, 0.4, 0.4, -0.8)_1.012537_System.String[];HandRight_(0.4, -0.7, -0.1)_(-0.1, -0.6, -0.5, 0.5)_0.9825718_System.String[];1.2642;-0.0147;-0.0427;80.9428;-82.7147;1.1636;1.0582;-75.4612;77.9056;4.4290;2.0071;275.8515;143.8548;356.4681;3.9525
0.3012;0.0518;False;False;80.9901;-83.1955;-0.0027;-0.0142;-75.1213;77.8931;359.8428;-0.0030;273.4506;147.7471;0.1452;-0.0029;0.0176;-0.0001;0.0000;0.0076;-0.0268;-0.1677;170260;71.84975;Infinity;2366.25;80.9301;-82.4252;1.1453;1.4602;-75.3715;78.0166;354.6998;352.5415;320.8993;153.9940;354.4656;359.1831;LeftFalse_RightFalse;LeftFalse_RightFalse;HandLeft_(-0.4, -0.3, -0.1)_(0.2, 0.6, -0.8, 0.0)_1.012537_System.String[];HandLeft_(0.2, -0.7, -0.2)_(0.8, 0.5, 0.0, 0.0)_0.9825718_System.String[];HandRight_(-0.3, -0.3, -0.3)_(0.4, 0.4, 0.4, -0.8)_1.012537_System.String[];HandRight_(0.4, -0.7, -0.1)_(-0.1, -0.7, -0.5, 0.5)_0.9825718_System.String[];1.3059;-0.0147;-0.0448;80.9362;-82.7119;1.1636;1.0583;-75.4622;77.9049;4.2934;1.9108;275.1190;142.8058;356.4454;4.1799
0.3078;0.0691;False;False;80.9825;-83.1947;-0.0027;-0.0142;-75.1209;77.8919;359.8391;-0.0035;273.4511;147.7461;0.1450;-0.0030;0.0211;0.0000;0.0000;0.0092;-0.0321;-0.1972;170263;71.92224;Infinity;2366.29;80.9230;-82.4245;1.1453;1.4603;-75.3712;78.0155;354.6974;352.5411;320.9000;153.9928;354.4627;359.1830;LeftFalse_RightFalse;LeftFalse_RightFalse;HandLeft_(-0.4, -0.3, -0.1)_(0.2, 0.6, -0.8, 0.0)_1.012537_System.String[];HandLeft_(0.2, -0.7, -0.2)_(0.8, 0.5, 0.0, 0.0)_0.9825718_System.String[];HandRight_(-0.3, -0.3, -0.3)_(0.4, 0.4, 0.4, -0.8)_1.012537_System.String[];HandRight_(0.4, -0.7, -0.1)_(-0.1, -0.7, -0.5, 0.5)_0.9825718_System.String[];1.3474;-0.0147;-0.0452;80.9287;-82.7094;1.1636;1.0585;-75.4632;77.9041;4.2654;1.8328;274.3600;141.9989;356.4096;4.3076
0.3129;0.0856;False;False;80.9737;-83.1938;-0.0027;-0.0142;-75.1205;77.8905;359.8359;-0.0043;273.4515;147.7443;0.1448;-0.0030;0.0231;0.0000;0.0000;0.0108;-0.0353;-0.2255;170266;71.58926;Infinity;2366.33;80.9148;-82.4236;1.1453;1.4603;-75.3708;78.0142;354.6952;352.5403;320.9010;153.9911;354.4601;359.1829;LeftFalse_RightFalse;LeftFalse_RightFalse;HandLeft_(-0.4, -0.3, -0.1)_(0.2, 0.6, -0.8, 0.0)_1.012537_System.String[];HandLeft_(0.2, -0.7, -0.2)_(0.8, 0.6, 0.0, 0.0)_0.9825718_System.String[];HandRight_(-0.3, -0.3, -0.3)_(0.4, 0.4, 0.4, -0.7)_1.012537_System.String[];HandRight_(0.4, -0.7, -0.1)_(-0.1, -0.6, -0.5, 0.6)_0.9825718_System.String[];1.3894;-0.0147;-0.0452;80.9200;-82.7072;1.1637;1.0586;-75.4642;77.9028;4.2660;1.7558;273.5995;141.4613;356.3691;4.3676
0.3170;0.1008;False;False;80.9636;-83.1927;-0.0027;-0.0142;-75.1200;77.8888;359.8331;-0.0051;273.4513;147.7440;0.1447;-0.0031;0.0284;0.0000;0.0000;0.0123;-0.0432;-0.2544;170269;71.51138;Infinity;2366.37;80.9051;-82.4226;1.1453;1.4603;-75.3703;78.0127;354.6933;352.5396;320.9010;153.9908;354.4578;359.1828;LeftFalse_RightFalse;LeftFalse_RightFalse;HandLeft_(-0.4, -0.3, -0.1)_(0.2, 0.5, -0.8, -0.1)_1.012537_System.String[];HandLeft_(0.2, -0.7, -0.2)_(0.8, 0.6, 0.0, 0.0)_0.9825718_System.String[];HandRight_(-0.3, -0.3, -0.3)_(0.4, 0.4, 0.4, -0.8)_1.012537_System.String[];HandRight_(0.4, -0.7, -0.1)_(-0.1, -0.6, -0.5, 0.6)_0.9825718_System.String[];1.4314;-0.0147;-0.0452;80.9098;-82.7050;1.1637;1.0587;-75.4649;77.9013;4.2532;1.6741;272.8959;141.0645;356.3505;4.4400
0.3167;0.1144;False;False;80.9522;-83.1914;-0.0027;-0.0142;-75.1195;77.8869;359.8307;359.9938;273.4509;147.7418;0.1445;-0.0031;0.0333;0.0001;0.0000;0.0139;-0.0508;-0.2831;170272;71.45583;Infinity;2366.41;80.8942;-82.4214;1.1453;1.4603;-75.3698;78.0109;354.6918;352.5386;320.9009;153.9894;354.4558;359.1826;LeftFalse_RightFalse;LeftFalse_RightFalse;HandLeft_(-0.4, -0.3, -0.1)_(0.2, 0.5, -0.8, -0.1)_1.012537_System.String[];HandLeft_(0.2, -0.7, -0.2)_(0.8, 0.6, 0.0, 0.0)_0.9825718_System.String[];HandRight_(-0.3, -0.3, -0.3)_(0.4, 0.4, 0.4, -0.8)_1.012537_System.String[];HandRight_(0.4, -0.7, -0.1)_(-0.1, -0.6, -0.5, 0.6)_0.9825718_System.String[];1.4734;-0.0147;-0.0452;80.8986;-82.7030;1.1637;1.0587;-75.4656;77.8995;4.2112;1.5732;272.3456;140.7439;356.3753;4.5399
0.3166;0.1276;False;False;80.9397;-83.1899;-0.0027;-0.0142;-75.1189;77.8845;359.8288;359.9922;273.4503;147.7393;0.1442;-0.0032;0.0395;0.0001;0.0000;0.0154;-0.0602;-0.3117;170275;71.72272;Infinity;2366.46;80.8821;-82.4200;1.1453;1.4603;-75.3692;78.0087;354.6905;352.5372;320.9005;153.9872;354.4541;359.1824;LeftFalse_RightFalse;LeftFalse_RightFalse;HandLeft_(-0.4, -0.3, -0.1)_(0.2, 0.5, -0.8, -0.1)_1.012537_System.String[];HandLeft_(0.2, -0.7, -0.2)_(0.8, 0.6, 0.0, 0.0)_0.9825718_System.String[];HandRight_(-0.3, -0.3, -0.3)_(0.4, 0.4, 0.4, -0.8)_1.012537_System.String[];HandRight_(0.4, -0.7, -0.1)_(-0.1, -0.6, -0.5, 0.6)_0.9825718_System.String[];1.5151;-0.0147;-0.0452;80.8863;-82.7010;1.1638;1.0588;-75.4659;77.8974;4.1933;1.4958;271.9950;140.4453;356.4388;4.6255
0.3178;0.1408;False;False;80.9259;-83.1881;-0.0027;-0.0142;-75.1182;77.8817;359.8273;359.9903;273.4494;147.7360;0.1440;-0.0033;0.0469;0.0002;0.0000;0.0170;-0.0713;-0.3402;170278;71.85085;Infinity;2366.50;80.8688;-82.4183;1.1453;1.4603;-75.3686;78.0062;354.6896;352.5355;320.8998;153.9833;354.4528;359.1821;LeftFalse_RightFalse;LeftFalse_RightFalse;HandLeft_(-0.4, -0.3, -0.1)_(0.2, 0.5, -0.8, -0.1)_1.012537_System.String[];HandLeft_(0.2, -0.7, -0.2)_(0.8, 0.6, 0.0, 0.0)_0.9825718_System.String[];HandRight_(-0.3, -0.3, -0.3)_(0.4, 0.4, 0.4, -0.8)_1.012537_System.String[];HandRight_(0.4, -0.7, -0.1)_(-0.1, -0.7, -0.5, 0.5)_0.9825718_System.String[];1.5569;-0.0147;-0.0452;80.8728;-82.6987;1.1638;1.0588;-75.4658;77.8950;4.1974;1.5022;271.8742;140.1312;356.5134;4.6182
0.3140;0.1539;False;False;80.9110;-83.1859;-0.0027;-0.0142;-75.1174;77.8785;359.8262;359.9886;273.4482;147.7331;0.1438;-0.0034;0.0526;0.0002;-0.0001;0.0185;-0.0802;-0.3686;170281;71.92827;Infinity;2366.54;80.8543;-82.4163;1.1453;1.4603;-75.3678;78.0031;354.6889;352.5336;320.8988;153.9807;354.4517;359.1818;LeftFalse_RightFalse;LeftFalse_RightFalse;HandLeft_(-0.4, -0.3, -0.1)_(0.2, 0.5, -0.8, -0.1)_1.012537_System.String[];HandLeft_(0.2, -0.7, -0.2)_(0.8, 0.6, 0.0, 0.0)_0.9825718_System.String[];HandRight_(-0.3, -0.3, -0.3)_(0.4, 0.4, 0.4, -0.8)_1.012537_System.String[];HandRight_(0.4, -0.7, -0.1)_(-0.1, -0.7, -0.5, 0.5)_0.9825718_System.String[];1.5984;-0.0147;-0.0449;80.8581;-82.6962;1.1635;1.0588;-75.4653;77.8921;4.2789;1.4908;271.9815;139.8984;356.5706;4.5760
0.3009;0.1671;False;False;80.8947;-83.1835;-0.0027;-0.0142;-75.1166;77.8748;359.8254;359.9867;273.4468;147.7304;0.1436;-0.0035;0.0612;0.0002;-0.0001;0.0200;-0.0932;-0.3963;170284;71.62452;Infinity;2366.58;80.8385;-82.4140;1.1453;1.4603;-75.3670;77.9997;354.6885;352.5319;320.8975;153.9776;354.4510;359.1815;LeftFalse_RightFalse;LeftFalse_RightFalse;HandLeft_(-0.4, -0.3, -0.1)_(0.2, 0.5, -0.8, -0.1)_1.012537_System.String[];HandLeft_(0.2, -0.7, -0.2)_(0.8, 0.6, 0.0, 0.0)_0.9825718_System.String[];HandRight_(-0.3, -0.3, -0.3)_(0.4, 0.4, 0.4, -0.8)_1.012537_System.String[];HandRight_(0.4, -0.7, -0.1)_(-0.1, -0.6, -0.5, 0.5)_0.9825718_System.String[];1.6404;-0.0147;-0.0439;80.8420;-82.6936;1.1632;1.0589;-75.4644;77.8887;4.4244;1.5015;272.3123;139.7664;356.6445;4.5245
0.2727;0.1825;False;False;80.8771;-83.1806;-0.0027;-0.0142;-75.1157;77.8704;359.8252;359.9845;273.4451;147.7268;0.1434;-0.0036;0.0749;0.0003;-0.0001;0.0220;-0.1142;-0.4346;170287;71.46906;Infinity;2366.62;80.8214;-82.4113;1.1453;1.4603;-75.3662;77.9956;354.6884;352.5298;320.8960;153.9753;354.4505;359.1812;LeftFalse_RightFalse;LeftFalse_RightFalse;HandLeft_(-0.4, -0.3, -0.1)_(0.2, 0.5, -0.8, -0.1)_1.012537_System.String[];HandLeft_(0.2, -0.7, -0.2)_(0.8, 0.6, 0.0, 0.0)_0.9825718_System.String[];HandRight_(-0.3, -0.3, -0.3)_(0.4, 0.4, 0.4, -0.8)_1.012537_System.String[];HandRight_(0.4, -0.7, -0.1)_(-0.1, -0.7, -0.5, 0.5)_0.9825718_System.String[];1.6824;-0.0147;-0.0427;80.8243;-82.6908;1.1631;1.0589;-75.4631;77.8846;4.5599;1.5873;272.7952;139.8297;356.6709;4.4891
0.2429;0.2010;False;False;80.8585;-83.1773;-0.0027;-0.0142;-75.1148;77.8654;359.8256;359.9821;273.4432;147.7219;0.1431;-0.0037;0.0845;0.0003;-0.0001;0.0232;-0.1289;-0.4564;170290;71.37804;Infinity;2366.66;80.8030;-82.4082;1.1453;1.4603;-75.3652;77.9909;354.6886;352.5274;320.8941;153.9702;354.4504;359.1808;LeftFalse_RightFalse;LeftFalse_RightFalse;HandLeft_(-0.4, -0.3, -0.1)_(0.2, 0.5, -0.8, -0.1)_1.012537_System.String[];HandLeft_(0.2, -0.7, -0.2)_(0.8, 0.6, 0.0, 0.0)_0.9825718_System.String[];HandRight_(-0.3, -0.3, -0.3)_(0.4, 0.3, 0.4, -0.8)_1.012537_System.String[];HandRight_(0.4, -0.7, -0.1)_(-0.1, -0.7, -0.5, 0.5)_0.9825718_System.String[];1.7246;-0.0147;-0.0416;80.8056;-82.6882;1.1629;1.0585;-75.4616;77.8795;4.6425;1.7082;273.3311;140.1389;356.6835;4.4365
0.2351;0.2265;False;False;80.8391;-83.1736;-0.0026;-0.0142;-75.1138;77.8598;359.8266;359.9798;273.4412;147.7176;0.1429;-0.0038;0.0951;0.0004;-0.0001;0.0242;-0.1452;-0.4759;170293;71.49059;Infinity;2366.71;80.7840;-82.4047;1.1453;1.4603;-75.3643;77.9856;354.6894;352.5251;320.8921;153.9657;354.4509;359.1804;LeftFalse_RightFalse;LeftFalse_RightFalse;HandLeft_(-0.4, -0.3, -0.1)_(0.2, 0.5, -0.8, -0.1)_1.012537_System.String[];HandLeft_(0.2, -0.7, -0.2)_(0.8, 0.6, 0.0, 0.0)_0.9825718_System.String[];HandRight_(-0.3, -0.3, -0.3)_(0.4, 0.3, 0.4, -0.8)_1.012537_System.String[];HandRight_(0.4, -0.7, -0.1)_(-0.1, -0.6, -0.5, 0.5)_0.9825718_System.String[];1.7664;-0.0147;-0.0410;80.7862;-82.6853;1.1625;1.0581;-75.4598;77.8738;4.6844;1.9441;273.8413;140.6540;356.6755;4.3410
0.2597;0.2627;False;False;80.8187;-83.1694;-0.0026;-0.0142;-75.1128;77.8533;359.8281;359.9772;273.4389;147.7122;0.1427;-0.0040;0.1073;0.0004;-0.0001;0.0253;-0.1638;-0.4962;170296;71.34296;Infinity;2366.75;80.7637;-82.4007;1.1454;1.4603;-75.3632;77.9795;354.6905;352.5227;320.8898;153.9609;354.4518;359.1800;LeftFalse_RightFalse;LeftFalse_RightFalse;HandLeft_(-0.4, -0.3, -0.1)_(0.2, 0.5, -0.8, -0.1)_1.012537_System.String[];HandLeft_(0.2, -0.7, -0.2)_(0.8, 0.6, 0.0, 0.0)_0.9825718_System.String[];HandRight_(-0.3, -0.3, -0.3)_(0.4, 0.3, 0.4, -0.8)_1.012537_System.String[];HandRight_(0.4, -0.7, -0.1)_(-0.1, -0.6, -0.5, 0.5)_0.9825718_System.String[];1.8086;-0.0147;-0.0410;80.7657;-82.6821;1.1623;1.0578;-75.4579;77.8672;4.7086;2.1625;274.3222;141.1928;356.6144;4.3217
0.2936;0.3133;False;False;80.7975;-83.1647;-0.0026;-0.0142;-75.1117;77.8461;359.8296;359.9746;273.4365;147.7061;0.1424;-0.0041;0.1205;0.0004;-0.0001;0.0265;-0.1840;-0.5190;170299;71.48804;Infinity;2366.79;80.7429;-82.3962;1.1454;1.4604;-75.3622;77.9727;354.6917;352.5201;320.8874;153.9551;354.4527;359.1796;LeftFalse_RightFalse;LeftFalse_RightFalse;HandLeft_(-0.4, -0.3, -0.1)_(0.2, 0.5, -0.8, -0.1)_1.012537_System.String[];HandLeft_(0.2, -0.7, -0.2)_(0.8, 0.6, 0.0, 0.0)_0.9825718_System.String[];HandRight_(-0.3, -0.3, -0.3)_(0.4, 0.3, 0.4, -0.8)_1.012537_System.String[];HandRight_(0.4, -0.7, -0.1)_(-0.2, -0.6, -0.5, 0.5)_0.9825718_System.String[];1.8503;-0.0147;-0.0410;80.7449;-82.6783;1.1621;1.0572;-75.4560;77.8599;4.8103;2.3035;274.7668;141.5864;356.5700;4.3320
0.3330;0.3688;False;False;80.7753;-83.1593;-0.0026;-0.0142;-75.1106;77.8378;359.8306;359.9713;273.4338;147.6992;0.1421;-0.0043;0.1378;0.0004;-0.0001;0.0279;-0.2103;-0.5452;170302;71.74871;Infinity;2366.83;80.7210;-82.3911;1.1454;1.4604;-75.3611;77.9650;354.6927;352.5172;320.8848;153.9486;354.4534;359.1791;LeftFalse_RightFalse;LeftFalse_RightFalse;HandLeft_(-0.4, -0.3, -0.1)_(0.2, 0.5, -0.8, -0.1)_1.012537_System.String[];HandLeft_(0.2, -0.7, -0.2)_(0.8, 0.6, 0.0, 0.0)_0.9825718_System.String[];HandRight_(-0.3, -0.3, -0.3)_(0.4, 0.3, 0.4, -0.8)_1.012537_System.String[];HandRight_(0.4, -0.7, -0.1)_(-0.1, -0.6, -0.5, 0.5)_0.9825718_System.String[];1.8921;-0.0147;-0.0410;80.7230;-82.6737;1.1620;1.0568;-75.4539;77.8518;4.8532;2.4259;275.2083;141.8578;356.6119;4.2980
0.3835;0.4170;False;False;80.7519;-83.1530;-0.0026;-0.0142;-75.1094;77.8283;359.8308;359.9672;273.4309;147.6912;0.1418;-0.0046;0.1574;0.0004;-0.0001;0.0295;-0.2402;-0.5755;170305;71.77345;Infinity;2366.87;80.6981;-82.3853;1.1454;1.4604;-75.3599;77.9562;354.6933;352.5134;320.8819;153.9411;354.4536;359.1784;LeftFalse_RightFalse;LeftFalse_RightFalse;HandLeft_(-0.4, -0.3, -0.1)_(0.2, 0.5, -0.8, -0.1)_1.012537_System.String[];HandLeft_(0.2, -0.7, -0.2)_(0.8, 0.6, 0.0, 0.0)_0.9825718_System.String[];HandRight_(-0.3, -0.3, -0.3)_(0.4, 0.3, 0.4, -0.8)_1.012537_System.String[];HandRight_(0.4, -0.7, -0.1)_(-0.1, -0.6, -0.5, 0.5)_0.9825718_System.String[];1.9338;-0.0150;-0.0410;80.7003;-82.6681;1.1619;1.0565;-75.4517;77.8426;4.7940;2.4994;275.6267;141.9787;356.6711;4.2462
0.4621;0.4515;False;False;80.7269;-83.1459;-0.0026;-0.0142;-75.1081;77.8174;359.8301;359.9624;273.4275;147.6820;0.1414;-0.0049;0.1791;0.0004;-0.0001;0.0312;-0.2732;-0.6103;170308;71.71594;Infinity;2366.92;80.6736;-82.3785;1.1454;1.4604;-75.3586;77.9459;354.6933;352.5088;320.8787;153.9323;354.4531;359.1776;LeftFalse_RightFalse;LeftFalse_RightFalse;HandLeft_(-0.4, -0.3, -0.1)_(0.2, 0.5, -0.8, -0.1)_1.012537_System.String[];HandLeft_(0.2, -0.7, -0.2)_(0.8, 0.6, 0.0, 0.0)_0.9825718_System.String[];HandRight_(-0.3, -0.3, -0.3)_(0.4, 0.3, 0.4, -0.8)_1.012537_System.String[];HandRight_(0.4, -0.7, -0.1)_(-0.1, -0.6, -0.5, 0.5)_0.9825718_System.String[];1.9758;-0.0162;-0.0412;80.6757;-82.6614;1.1619;1.0564;-75.4495;77.8319;4.7003;2.5435;276.0004;141.9726;356.6527;4.2293
0.5667;0.4763;False;False;80.7003;-83.1378;-0.0025;-0.0142;-75.1067;77.8050;359.8281;359.9571;273.4232;147.6714;0.1409;-0.0052;0.2025;0.0004;-0.0001;0.0331;-0.3086;-0.6534;170311;71.79756;Infinity;2366.96;80.6476;-82.3708;1.1455;1.4604;-75.3573;77.9343;354.6926;352.5037;320.8749;153.9223;354.4516;359.1767;LeftFalse_RightFalse;LeftFalse_RightFalse;HandLeft_(-0.4, -0.3, -0.1)_(0.2, 0.5, -0.8, -0.1)_1.012537_System.String[];HandLeft_(0.2, -0.7, -0.2)_(0.8, 0.6, 0.0, 0.0)_0.9825718_System.String[];HandRight_(-0.3, -0.3, -0.3)_(0.4, 0.3, 0.4, -0.8)_1.012537_System.String[];HandRight_(0.4, -0.7, -0.1)_(-0.1, -0.6, -0.5, 0.5)_0.9825718_System.String[];2.0176;-0.0190;-0.0419;80.6498;-82.6537;1.1619;1.0564;-75.4473;77.8199;4.5735;2.5120;276.3176;141.8369;356.5819;4.2595
0.6704;0.4947;False;False;80.6713;-83.1285;-0.0025;-0.0142;-75.1053;77.7910;359.8243;359.9515;273.4170;147.6593;0.1402;-0.0056;0.2271;0.0004;-0.0002;0.0351;-0.3458;-0.7070;170314;71.62619;Infinity;2367.00;80.6196;-82.3621;1.1455;1.4605;-75.3559;77.9211;354.6909;352.4983;320.8697;153.9109;354.4488;359.1758;LeftFalse_RightFalse;LeftFalse_RightFalse;HandLeft_(-0.4, -0.3, -0.1)_(0.2, 0.5, -0.8, -0.1)_1.012537_System.String[];HandLeft_(0.2, -0.7, -0.2)_(0.8, 0.6, 0.0, 0.0)_0.9825718_System.String[];HandRight_(-0.3, -0.3, -0.3)_(0.4, 0.3, 0.4, -0.8)_1.012537_System.String[];HandRight_(0.4, -0.7, -0.1)_(-0.1, -0.6, -0.5, 0.5)_0.9825718_System.String[];2.0596;-0.0235;-0.0429;80.6217;-82.6447;1.1619;1.0563;-75.4450;77.8065;4.4568;2.4578;276.5136;141.6311;356.5317;4.2828
0.7571;0.5107;False;False;80.6398;-83.1182;-0.0025;-0.0142;-75.1038;77.7753;359.8186;359.9460;273.4077;147.6456;0.1390;359.9941;0.2656;0.0014;-0.0001;0.0378;-0.4039;-0.8040;170317;71.75191;Infinity;2367.04;80.5890;-82.3522;1.1455;1.4605;-75.3544;77.9062;354.6883;352.4928;320.8620;153.8978;354.4443;359.1748;LeftFalse_RightFalse;LeftFalse_RightFalse;HandLeft_(-0.4, -0.3, -0.1)_(0.2, 0.6, -0.8, -0.1)_1.012537_System.String[];HandLeft_(0.2, -0.7, -0.2)_(0.8, 0.6, 0.0, 0.0)_0.9825718_System.String[];HandRight_(-0.3, -0.3, -0.3)_(0.4, 0.3, 0.4, -0.8)_1.012537_System.String[];HandRight_(0.4, -0.7, -0.1)_(-0.1, -0.6, -0.5, 0.5)_0.9825718_System.String[];2.1013;-0.0290;-0.0433;80.5910;-82.6345;1.1620;1.0563;-75.4429;77.7916;4.3677;2.4104;276.5214;141.4126;356.5216;4.2790
0.8229;0.5296;False;False;80.6053;-83.1068;-0.0024;-0.0142;-75.1022;77.7579;359.8141;359.9406;273.3953;147.6302;0.1427;359.9938;0.2922;0.0028;-0.0001;0.0389;-0.4440;-0.8766;170320;71.8672;Infinity;2367.08;80.5557;-82.3413;1.1455;1.4605;-75.3528;77.8897;354.6835;352.4874;320.8510;153.8831;354.4417;359.1739;LeftFalse_RightFalse;LeftFalse_RightFalse;HandLeft_(-0.4, -0.3, -0.1)_(0.2, 0.6, -0.8, 0.0)_1.012537_System.String[];HandLeft_(0.2, -0.7, -0.2)_(0.8, 0.6, 0.0, 0.0)_0.9825718_System.String[];HandRight_(-0.3, -0.3, -0.3)_(0.4, 0.3, 0.4, -0.8)_1.012537_System.String[];HandRight_(0.4, -0.7, -0.1)_(-0.1, -0.6, -0.5, 0.5)_0.9825718_System.String[];2.1428;-0.0347;-0.0433;80.5578;-82.6234;1.1620;1.0563;-75.4410;77.7750;4.2915;2.4084;276.3618;141.2083;356.5186;4.2648
0.8709;0.5561;False;False;80.5676;-83.0942;-0.0023;-0.0142;-75.1005;77.7388;359.8108;359.9355;273.3782;147.6133;0.1498;359.9935;0.3199;0.0039;-0.0001;0.0398;-0.4859;-0.9549;170323;71.86716;Infinity;2367.12;80.5193;-82.3292;1.1456;1.4605;-75.3513;77.8715;354.6765;352.4823;320.8355;153.8668;354.4431;359.1730;LeftFalse_RightFalse;LeftFalse_RightFalse;HandLeft_(-0.4, -0.3, -0.1)_(0.2, 0.6, -0.8, 0.0)_1.012537_System.String[];HandLeft_(0.2, -0.7, -0.2)_(0.8, 0.6, 0.0, 0.0)_0.9825718_System.String[];HandRight_(-0.3, -0.3, -0.3)_(0.4, 0.3, 0.4, -0.8)_1.012537_System.String[];HandRight_(0.4, -0.7, -0.1)_(-0.1, -0.6, -0.5, 0.5)_0.9825718_System.String[];2.1846;-0.0402;-0.0433;80.5213;-82.6112;1.1621;1.0563;-75.4392;77.7567;4.1871;2.4296;276.0755;141.0481;356.4893;4.2689
0.9059;0.5892;False;False;80.5264;-83.0803;-0.0021;-0.0142;-75.0988;77.7177;359.8082;359.9305;273.3550;147.5946;0.1582;359.9932;0.3493;0.0025;-0.0001;0.0420;-0.5301;-1.0383;170326;71.7707;Infinity;2367.17;80.4795;-82.3159;1.1458;1.4606;-75.3498;77.8515;354.6684;352.4774;320.8143;153.8489;354.4471;359.1721;LeftFalse_RightFalse;LeftFalse_RightFalse;HandLeft_(-0.4, -0.4, -0.1)_(0.1, 0.6, -0.8, 0.0)_1.012537_System.String[];HandLeft_(0.2, -0.7, -0.2)_(0.8, 0.6, 0.0, 0.0)_0.9825718_System.String[];HandRight_(-0.3, -0.3, -0.3)_(0.3, 0.3, 0.4, -0.8)_1.012537_System.String[];HandRight_(0.4, -0.7, -0.1)_(-0.1, -0.6, -0.5, 0.5)_0.9825718_System.String[];2.2266;-0.0449;-0.0434;80.4814;-82.5977;1.1622;1.0563;-75.4377;77.7366;4.0880;2.4354;275.7362;140.9417;356.4511;4.3134
0.9314;0.6197;False;False;80.4814;-83.0652;-0.0020;-0.0142;-75.0969;77.6948;359.8024;359.9255;273.3228;147.5743;0.1595;359.9929;0.3804;0.0017;-0.0001;0.0445;-0.5770;-1.1258;170329;71.82924;Infinity;2367.21;80.4359;-82.3013;1.1459;1.4606;-75.3481;77.8295;354.6626;352.4724;320.7852;153.8292;354.4459;359.1713;LeftFalse_RightFalse;LeftFalse_RightFalse;HandLeft_(-0.4, -0.4, -0.1)_(0.1, 0.6, -0.8, 0.0)_1.012537_System.String[];HandLeft_(0.2, -0.7, -0.2)_(0.8, 0.6, 0.0, 0.0)_0.9825718_System.String[];HandRight_(-0.3, -0.3, -0.3)_(0.4, 0.3, 0.4, -0.8)_1.012537_System.String[];HandRight_(0.4, -0.7, -0.1)_(-0.1, -0.6, -0.5, 0.5)_0.9825718_System.String[];2.2683;-0.0486;-0.0434;80.4376;-82.5827;1.1623;1.0564;-75.4362;77.7146;4.0740;2.4515;275.3367;140.8325;356.4273;4.3416
0.9500;0.6397;False;False;80.4327;-83.0487;-0.0020;-0.0143;-75.0951;77.6698;359.7956;359.9204;273.2835;147.5521;0.1588;359.9926;0.4127;0.0011;-0.0001;0.0464;-0.6255;-1.2152;170332;71.89758;Infinity;2367.25;80.3888;-82.2854;1.1459;1.4606;-75.3463;77.8056;354.6582;352.4674;320.7486;153.8077;354.4410;359.1704;LeftFalse_RightFalse;LeftFalse_RightFalse;HandLeft_(-0.4, -0.4, -0.1)_(0.1, 0.6, -0.8, 0.0)_1.012537_System.String[];HandLeft_(0.2, -0.7, -0.2)_(0.8, 0.6, 0.0, 0.0)_0.9825718_System.String[];HandRight_(-0.3, -0.3, -0.3)_(0.4, 0.3, 0.4, -0.8)_1.012537_System.String[];HandRight_(0.4, -0.7, -0.1)_(-0.1, -0.6, -0.5, 0.5)_0.9825718_System.String[];2.3098;-0.0511;-0.0434;80.3904;-82.5665;1.1624;1.0564;-75.4349;77.6907;4.0614;2.4390;274.8995;140.7085;356.4691;4.3458
0.9635;0.6457;False;False;80.3800;-83.0307;-0.0020;-0.0143;-75.0931;77.6426;359.7885;359.9154;273.2382;147.5280;0.1569;359.9922;0.4459;0.0007;-0.0001;0.0481;-0.6752;-1.3063;170335;71.85618;Infinity;2367.29;80.3379;-82.2681;1.1460;1.4606;-75.3444;77.7796;354.6546;352.4624;320.7058;153.7844;354.4347;359.1696;LeftFalse_RightFalse;LeftFalse_RightFalse;HandLeft_(-0.4, -0.4, -0.1)_(0.1, 0.6, -0.8, 0.0)_1.012537_System.String[];HandLeft_(0.2, -0.7, -0.2)_(0.8, 0.6, 0.0, 0.0)_0.9825718_System.String[];HandRight_(-0.3, -0.3, -0.3)_(0.3, 0.2, 0.4, -0.8)_1.012537_System.String[];HandRight_(0.4, -0.7, -0.1)_(-0.1, -0.6, -0.5, 0.5)_0.9825718_System.String[];2.3516;-0.0522;-0.0434;80.3392;-82.5490;1.1629;1.0564;-75.4337;77.6646;4.0016;2.3875;274.4372;140.5457;356.5508;4.3457
0.9734;0.6421;False;False;80.3235;-83.0114;-0.0019;-0.0143;-75.0911;77.6133;359.7816;359.9106;273.1878;147.5019;0.1544;359.9919;0.4792;0.0005;-0.0001;0.0501;-0.7248;-1.3987;170338;71.92812;Infinity;2367.33;80.2829;-82.2493;1.1460;1.4607;-75.3424;77.7514;354.6516;352.4576;320.6576;153.7592;354.4279;359.1687;LeftFalse_RightFalse;LeftFalse_RightFalse;HandLeft_(-0.4, -0.4, -0.1)_(0.1, 0.6, -0.8, 0.0)_1.012537_System.String[];HandLeft_(0.2, -0.7, -0.2)_(0.8, 0.6, 0.0, 0.0)_0.9825718_System.String[];HandRight_(-0.3, -0.3, -0.3)_(0.3, 0.2, 0.4, -0.8)_1.012537_System.String[];HandRight_(0.4, -0.7, -0.1)_(-0.1, -0.6, -0.5, 0.5)_0.9825718_System.String[];2.3933;-0.0523;-0.0451;80.2839;-82.5300;1.1632;1.0564;-75.4325;77.6364;3.9061;2.3291;273.9518;140.3551;356.6151;4.3794
0.9806;0.6346;False;False;80.2626;-82.9905;-0.0019;-0.0143;-75.0889;77.5817;359.7752;359.9062;273.1331;147.4731;0.1517;359.9914;0.5127;0.0004;-0.0001;0.0520;-0.7737;-1.4918;170341;71.85451;Infinity;2367.38;80.2238;-82.2290;1.1461;1.4607;-75.3403;77.7211;354.6492;352.4531;320.6048;153.7315;354.4212;359.1678;LeftFalse_RightFalse;LeftFalse_RightFalse;HandLeft_(-0.4, -0.4, -0.1)_(0.1, 0.6, -0.8, 0.0)_1.012537_System.String[];HandLeft_(0.2, -0.7, -0.2)_(0.8, 0.6, 0.0, 0.0)_0.9825718_System.String[];HandRight_(-0.3, -0.3, -0.3)_(0.3, 0.2, 0.4, -0.8)_1.012537_System.String[];HandRight_(0.4, -0.7, -0.1)_(-0.1, -0.6, -0.5, 0.6)_0.9825718_System.String[];2.4351;-0.0523;-0.0492;80.2244;-82.5096;1.1635;1.0564;-75.4315;77.6059;3.8586;2.3062;273.4661;140.1190;356.6497;4.4202
0.9859;0.6288;False;False;80.1980;-82.9683;-0.0019;-0.0143;-75.0867;77.5482;359.7696;359.9024;273.0746;147.4405;0.1489;359.9905;0.5463;0.0003;-0.0001;0.0539;-0.8212;-1.5856;170344;71.92017;Infinity;2367.42;80.1608;-82.2074;1.1461;1.4607;-75.3382;77.6887;354.6473;352.4492;320.5482;153.7004;354.4149;359.1666;LeftFalse_RightFalse;LeftFalse_RightFalse;HandLeft_(-0.4, -0.4, -0.1)_(0.1, 0.6, -0.8, 0.0)_1.012537_System.String[];HandLeft_(0.2, -0.7, -0.2)_(0.8, 0.6, 0.0, 0.0)_0.9825718_System.String[];HandRight_(-0.3, -0.3, -0.3)_(0.3, 0.3, 0.4, -0.8)_1.012537_System.String[];HandRight_(0.4, -0.7, -0.1)_(-0.1, -0.6, -0.5, 0.6)_0.9825718_System.String[];2.4768;-0.0525;-0.0550;80.1609;-82.4878;1.1637;1.0564;-75.4302;77.5734;3.8758;2.3196;273.0239;139.8241;356.6604;4.4355
0.9897;0.6286;False;False;80.1292;-82.9445;-0.0019;-0.0143;-75.0845;77.5127;359.7648;359.8992;273.0124;147.4022;0.1459;359.9892;0.5804;0.0003;-0.0001;0.0553;-0.8676;-1.6799;170347;71.9638;Infinity;2367.46;80.0938;-82.1843;1.1461;1.4608;-75.3359;77.6544;354.6460;352.4460;320.4877;153.6643;354.4092;359.1650;LeftFalse_RightFalse;LeftFalse_RightFalse;HandLeft_(-0.4, -0.4, -0.1)_(0.1, 0.6, -0.8, 0.0)_1.012537_System.String[];HandLeft_(0.2, -0.7, -0.2)_(0.8, 0.6, 0.0, 0.0)_0.9825718_System.String[];HandRight_(-0.3, -0.3, -0.3)_(0.3, 0.3, 0.4, -0.8)_1.012537_System.String[];HandRight_(0.4, -0.6, -0.1)_(-0.1, -0.6, -0.5, 0.6)_0.9825718_System.String[];2.5186;-0.0547;-0.0617;80.0935;-82.4643;1.1635;1.0565;-75.4289;77.5390;3.9038;2.3139;272.6320;139.4705;356.6417;4.4440
0.9925;0.6352;False;False;80.0559;-82.9191;-0.0019;-0.0143;-75.0822;77.4749;359.7608;359.8965;272.9441;147.3566;0.1423;359.9874;0.6151;0.0004;0.0000;0.0554;-0.9134;-1.7746;170350;71.72876;Infinity;2367.50;80.0223;-82.1596;1.1462;1.4608;-75.3336;77.6179;354.6456;352.4433;320.4221;153.6214;354.4038;359.1630;LeftFalse_RightFalse;LeftFalse_RightFalse;HandLeft_(-0.4, -0.4, -0.1)_(0.1, 0.6, -0.8, 0.0)_1.012537_System.String[];HandLeft_(0.2, -0.7, -0.2)_(0.8, 0.6, 0.0, 0.0)_0.9825718_System.String[];HandRight_(-0.3, -0.3, -0.3)_(0.3, 0.3, 0.4, -0.8)_1.012537_System.String[];HandRight_(0.4, -0.6, -0.2)_(-0.1, -0.6, -0.5, 0.6)_0.9825718_System.String[];2.5605;-0.0616;-0.0677;80.0216;-82.4392;1.1632;1.0565;-75.4275;77.5025;4.0056;2.2253;272.2236;139.0847;356.7051;4.4415
0.9945;0.6478;False;False;79.9781;-82.8920;-0.0018;-0.0143;-75.0800;77.4350;359.7575;359.8941;272.8649;147.3031;0.1373;359.9854;0.6679;0.0005;0.0000;0.0501;-0.9829;-1.9170;170353;71.51721;Infinity;2367.54;79.9464;-82.1333;1.1462;1.4608;-75.3314;77.5794;354.6465;352.4410;320.3476;153.5709;354.3981;359.1608;LeftFalse_RightFalse;LeftFalse_RightFalse;HandLeft_(-0.4, -0.4, -0.1)_(0.1, 0.6, -0.8, 0.0)_1.012537_System.String[];HandLeft_(0.2, -0.7, -0.2)_(0.8, 0.7, -0.1, 0.0)_0.9825718_System.String[];HandRight_(-0.3, -0.3, -0.3)_(0.3, 0.3, 0.4, -0.8)_1.012537_System.String[];HandRight_(0.4, -0.6, -0.2)_(-0.1, -0.6, -0.5, 0.6)_0.9825718_System.String[];2.6025;-0.0729;-0.0726;79.9455;-82.4123;1.1631;1.0565;-75.4259;77.4640;4.0172;2.0780;271.8027;138.7111;356.8504;4.4659
0.9960;0.6640;False;False;79.8963;-82.8635;-0.0018;-0.0143;-75.0780;77.3930;359.7550;359.8918;272.7706;147.2429;0.1307;359.9834;0.7041;0.0005;0.0000;0.0424;-1.0304;-2.0121;170356;71.47841;Infinity;2367.58;79.8665;-82.1055;1.1463;1.4609;-75.3293;77.5390;354.6490;352.4390;320.2598;153.5133;354.3921;359.1586;LeftFalse_RightFalse;LeftFalse_RightFalse;HandLeft_(-0.4, -0.4, -0.1)_(0.1, 0.6, -0.8, 0.0)_1.012537_System.String[];HandLeft_(0.2, -0.7, -0.2)_(0.8, 0.7, -0.1, 0.0)_0.9825718_System.String[];HandRight_(-0.3, -0.3, -0.3)_(0.3, 0.2, 0.4, -0.8)_1.012537_System.String[];HandRight_(0.4, -0.6, -0.2)_(-0.1, -0.6, -0.5, 0.6)_0.9825718_System.String[];2.6445;-0.0855;-0.0760;79.8652;-82.3840;1.1631;1.0566;-75.4244;77.4234;3.9340;1.9229;271.4288;138.3545;356.9729;4.5734
0.9971;0.6817;False;False;79.8097;-82.8331;-0.0018;-0.0143;-75.0765;77.3487;359.7531;359.8894;272.6546;147.1755;0.1222;359.9817;0.7411;0.0006;0.0000;0.0319;-1.0793;-2.1072;170359;71.28042;Infinity;2367.63;79.7819;-82.0759;1.1463;1.4609;-75.3275;77.4963;354.6534;352.4369;320.1520;153.4484;354.3851;359.1565;LeftFalse_RightFalse;LeftFalse_RightFalse;HandLeft_(-0.4, -0.4, -0.1)_(0.0, 0.7, -0.8, 0.0)_1.012537_System.String[];HandLeft_(0.2, -0.7, -0.2)_(0.7, 0.7, -0.1, 0.0)_0.9825718_System.String[];HandRight_(-0.3, -0.3, -0.3)_(0.2, 0.2, 0.3, -0.9)_1.012537_System.String[];HandRight_(0.4, -0.6, -0.2)_(-0.1, -0.6, -0.5, 0.6)_0.9825718_System.String[];2.6868;-0.0979;-0.0781;79.7800;-82.3537;1.1632;1.0566;-75.4229;77.3807;3.8290;1.8242;271.0531;138.0076;357.0691;4.7004
0.9979;0.6956;False;False;79.7192;-82.8012;-0.0018;-0.0143;-75.0754;77.3024;359.7518;359.8869;272.5161;147.1025;0.1126;359.9802;0.7786;0.0007;0.0000;0.0203;-1.1295;-2.2023;170362;71.28663;Infinity;2367.67;79.6931;-82.0447;1.1464;1.4609;-75.3262;77.4515;354.6593;352.4346;320.0214;153.3772;354.3777;359.1546;LeftFalse_RightFalse;LeftFalse_RightFalse;HandLeft_(-0.4, -0.4, -0.1)_(0.0, 0.7, -0.7, 0.0)_1.012537_System.String[];HandLeft_(0.2, -0.7, -0.2)_(0.7, 0.7, -0.1, 0.0)_0.9825718_System.String[];HandRight_(-0.3, -0.3, -0.3)_(0.2, 0.2, 0.3, -0.9)_1.012537_System.String[];HandRight_(0.4, -0.6, -0.2)_(-0.1, -0.6, -0.5, 0.6)_0.9825718_System.String[];2.7288;-0.1087;-0.0787;79.6907;-82.3219;1.1633;1.0566;-75.4219;77.3357;3.7476;1.7683;270.7331;137.6816;357.0565;4.7954
0.9984;0.6989;False;False;79.6249;-82.7678;-0.0017;-0.0143;-75.0748;77.2539;359.7510;359.8841;272.3545;147.0248;0.1025;359.9789;0.8164;0.0007;0.0001;0.0074;-1.1806;-2.2974;170365;71.39748;Infinity;2367.71;79.6009;-82.0120;1.1465;1.4610;-75.3254;77.4049;354.6660;352.4320;319.8685;153.3014;354.3702;359.1529;LeftFalse_RightFalse;LeftFalse_RightFalse;HandLeft_(-0.4, -0.4, -0.1)_(0.0, 0.7, -0.7, 0.0)_1.012537_System.String[];HandLeft_(0.2, -0.7, -0.2)_(0.7, 0.7, -0.1, 0.0)_0.9825718_System.String[];HandRight_(-0.3, -0.3, -0.3)_(0.2, 0.2, 0.3, -0.9)_1.012537_System.String[];HandRight_(0.4, -0.6, -0.2)_(0.0, -0.6, -0.5, 0.6)_0.9825718_System.String[];2.7708;-0.1165;-0.0787;79.5981;-82.2886;1.1635;1.0568;-75.4216;77.2891;3.7822;1.7367;270.4811;137.3631;357.0650;4.8468
0.9989;0.6888;False;False;79.5271;-82.7329;-0.0017;-0.0143;-75.0749;77.2036;359.7510;359.8812;272.1714;146.9436;0.0915;359.9779;0.8541;0.0012;0.0001;-0.0055;-1.2315;-2.3922;170368;71.68894;Infinity;2367.75;79.5053;-81.9780;1.1465;1.4610;-75.3253;77.3565;354.6736;352.4292;319.6934;153.2216;354.3627;359.1515;LeftFalse_RightFalse;LeftFalse_RightFalse;HandLeft_(-0.4, -0.4, -0.1)_(-0.1, 0.7, -0.7, 0.0)_1.012537_System.String[];HandLeft_(0.2, -0.7, -0.2)_(0.7, 0.7, -0.1, 0.0)_0.9825718_System.String[];HandRight_(-0.3, -0.3, -0.3)_(0.2, 0.1, 0.3, -0.9)_1.012537_System.String[];HandRight_(0.4, -0.6, -0.2)_(0.0, -0.6, -0.5, 0.7)_0.9825718_System.String[];2.8125;-0.1204;-0.0787;79.5021;-82.2540;1.1636;1.0572;-75.4218;77.2404;3.8788;1.6879;270.2460;137.0270;357.1339;4.8876
0.9992;0.6703;False;False;79.4246;-82.6962;-0.0016;-0.0143;-75.0755;77.1508;359.7518;359.8785;271.9687;146.8581;0.0804;359.9771;0.8911;0.0015;0.0002;-0.0172;-1.2810;-2.4872;170371;71.64825;Infinity;2367.79;79.4050;-81.9421;1.1466;1.4610;-75.3256;77.3056;354.6823;352.4265;319.4969;153.1376;354.3555;359.1504;LeftFalse_RightFalse;LeftFalse_RightFalse;HandLeft_(-0.4, -0.4, -0.1)_(-0.1, 0.7, -0.7, 0.0)_1.012537_System.String[];HandLeft_(0.2, -0.7, -0.2)_(0.7, 0.7, -0.1, 0.0)_0.9825718_System.String[];HandRight_(-0.3, -0.3, -0.3)_(0.2, 0.1, 0.3, -0.9)_1.012537_System.String[];HandRight_(0.4, -0.6, -0.2)_(0.0, -0.6, -0.5, 0.7)_0.9825718_System.String[];2.8542;-0.1201;-0.0799;79.4014;-82.2172;1.1639;1.0574;-75.4228;77.1894;3.9023;1.6100;269.9594;136.6828;357.2507;4.9601
0.9994;0.6520;False;False;79.3173;-82.6577;-0.0016;-0.0143;-75.0765;77.0956;359.7532;359.8764;271.7516;146.7680;0.0703;359.9762;0.9275;0.0018;0.0003;-0.0275;-1.3284;-2.5822;170374;71.4685;Infinity;2367.84;79.3003;-81.9044;1.1468;1.4611;-75.3265;77.2524;354.6908;352.4243;319.2844;153.0493;354.3493;359.1493;LeftFalse_RightFalse;LeftFalse_RightFalse;HandLeft_(-0.4, -0.4, -0.1)_(-0.1, 0.7, -0.7, 0.0)_1.012537_System.String[];HandLeft_(0.2, -0.7, -0.2)_(0.7, 0.7, -0.1, 0.0)_0.9825718_System.String[];HandRight_(-0.3, -0.3, -0.3)_(0.2, 0.1, 0.3, -0.9)_1.012537_System.String[];HandRight_(0.4, -0.6, -0.2)_(0.0, -0.6, -0.5, 0.7)_0.9825718_System.String[];2.8965;-0.1156;-0.0836;79.2965;-82.1785;1.1640;1.0577;-75.4241;77.1358;3.9884;1.5646;269.5864;136.3368;357.3596;5.0420
0.9995;0.6383;False;False;79.2071;-82.6180;-0.0015;-0.0142;-75.0780;77.0390;359.7550;359.8749;271.5306;146.6727;0.0619;359.9748;0.9640;0.0019;0.0004;-0.0354;-1.3732;-2.6774;170377;71.72578;Infinity;2367.88;79.1920;-81.8655;1.1469;1.4611;-75.3279;77.1975;354.6985;352.4228;319.0644;152.9562;354.3444;359.1479;LeftFalse_RightFalse;LeftFalse_RightFalse;HandLeft_(-0.4, -0.4, -0.1)_(-0.1, 0.7, -0.7, 0.0)_1.012537_System.String[];HandLeft_(0.2, -0.7, -0.2)_(0.8, 0.6, 0.0, 0.0)_0.9825718_System.String[];HandRight_(-0.3, -0.3, -0.3)_(0.2, 0.1, 0.3, -0.9)_1.012537_System.String[];HandRight_(0.4, -0.6, -0.2)_(0.0, -0.6, -0.5, 0.7)_0.9825718_System.String[];2.9382;-0.1079;-0.0897;79.1880;-82.1387;1.1642;1.0578;-75.4262;77.0806;4.0649;1.5687;269.1581;135.9813;357.4000;5.1271
0.9997;0.6294;False;False;79.0923;-82.5766;-0.0014;-0.0142;-75.0796;76.9803;359.7570;359.8739;271.3091;146.5680;0.0555;359.9724;1.0010;0.0021;0.0004;-0.0408;-1.4155;-2.7726;170380;71.68723;Infinity;2367.92;79.0798;-81.8250;1.1470;1.4611;-75.3296;77.1409;354.7051;352.4219;318.8431;152.8552;354.3411;359.1457;LeftFalse_RightFalse;LeftFalse_RightFalse;HandLeft_(-0.4, -0.4, -0.1)_(0.0, 0.7, -0.7, 0.0)_1.012537_System.String[];HandLeft_(0.2, -0.7, -0.2)_(0.8, 0.6, 0.0, 0.0)_0.9825718_System.String[];HandRight_(-0.3, -0.3, -0.3)_(0.2, 0.2, 0.3, -0.9)_1.012537_System.String[];HandRight_(0.4, -0.6, -0.2)_(0.0, -0.6, -0.5, 0.7)_0.9825718_System.String[];2.9800;-0.0988;-0.0977;79.0760;-82.0972;1.1644;1.0579;-75.4287;77.0237;4.1442;1.6694;268.7120;135.6312;357.3845;5.1953
0.9998;0.6229;False;False;78.9736;-82.5335;-0.0008;-0.0142;-75.0818;76.9199;359.7806;359.8734;271.0961;146.4513;0.0043;359.9691;1.0578;0.0202;0.0005;-0.0466;-1.4755;-2.9095;170383;71.75516;Infinity;2367.96;78.9627;-81.7827;1.1475;1.4612;-75.3311;77.0824;354.7408;352.4216;318.6271;152.7428;354.3290;359.1426;LeftFalse_RightFalse;LeftFalse_RightFalse;HandLeft_(-0.4, -0.4, -0.1)_(0.0, 0.7, -0.7, 0.0)_1.012537_System.String[];HandLeft_(0.2, -0.7, -0.1)_(0.6, 0.7, -0.3, 0.2)_0.9825718_System.String[];HandRight_(-0.3, -0.3, -0.3)_(0.2, 0.2, 0.3, -0.9)_1.012537_System.String[];HandRight_(0.4, -0.6, -0.2)_(0.0, -0.6, -0.5, 0.7)_0.9825718_System.String[];3.0217;-0.0901;-0.1065;78.9596;-82.0541;1.1650;1.0580;-75.4311;76.9649;4.2578;1.7995;268.3092;135.2979;357.2646;5.2282
0.9998;0.6182;False;False;78.8492;-82.4882;-0.0001;-0.0142;-75.0841;76.8569;359.8055;359.8732;270.8890;146.3198;359.9620;359.9651;1.0963;0.0101;0.0005;-0.0480;-1.5137;-3.0049;170386;71.23448;Infinity;2368.00;78.8415;-81.7388;1.1485;1.4613;-75.3324;77.0223;354.7984;352.4216;318.4205;152.6178;354.3137;359.1388;LeftFalse_RightFalse;LeftFalse_RightFalse;HandLeft_(-0.4, -0.4, -0.1)_(0.0, 0.7, -0.7, 0.0)_1.012537_System.String[];HandLeft_(0.2, -0.7, -0.1)_(0.5, 0.7, -0.5, 0.1)_0.9825718_System.String[];HandRight_(-0.3, -0.3, -0.3)_(0.2, 0.2, 0.3, -0.9)_1.012537_System.String[];HandRight_(0.4, -0.6, -0.2)_(0.0, -0.5, -0.5, 0.7)_0.9825718_System.String[];3.0642;-0.0840;-0.1150;78.8391;-82.0092;1.1659;1.0581;-75.4333;76.9045;4.2406;1.8235;267.9432;135.0057;357.2253;5.2617
0.9999;0.6147;False;False;78.7215;-82.4414;0.0002;-0.0142;-75.0862;76.7926;359.8183;359.8731;270.6904;146.1742;359.9477;359.9605;1.1355;0.0064;0.0005;-0.0531;-1.5505;-3.1000;170389;71.35195;Infinity;2368.05;78.7144;-81.6926;1.1490;1.4613;-75.3344;76.9598;354.8228;352.4220;318.2176;152.4767;354.3123;359.1344;LeftFalse_RightFalse;LeftFalse_RightFalse;HandLeft_(-0.4, -0.4, -0.1)_(0.0, 0.7, -0.7, -0.1)_1.012537_System.String[];HandLeft_(0.2, -0.7, -0.1)_(0.4, 0.6, -0.6, 0.2)_0.9825718_System.String[];HandRight_(-0.3, -0.3, -0.3)_(0.2, 0.2, 0.3, -0.9)_1.012537_System.String[];HandRight_(0.4, -0.6, -0.2)_(0.1, -0.5, -0.5, 0.7)_0.9825718_System.String[];3.1062;-0.0818;-0.1235;78.7130;-81.9621;1.1664;1.0582;-75.4357;76.8416;4.1352;1.7351;267.5803;134.7218;357.3093;5.3468
0.9999;0.6130;False;False;78.5895;-82.3929;0.0005;-0.0141;-75.0887;76.7268;359.8254;359.8730;270.4953;146.0126;359.9412;359.9555;1.1752;0.0037;0.0006;-0.0617;-1.5862;-3.1947;170392;71.33512;Infinity;2368.09;78.5850;-81.6454;1.1493;1.4614;-75.3367;76.8967;354.8350;352.4225;318.0227;152.3218;354.3130;359.1295;LeftFalse_RightFalse;LeftFalse_RightFalse;HandLeft_(-0.4, -0.4, -0.1)_(0.0, 0.6, -0.8, -0.1)_1.012537_System.String[];HandLeft_(0.2, -0.7, -0.1)_(0.4, 0.6, -0.6, 0.2)_0.9825718_System.String[];HandRight_(-0.3, -0.3, -0.3)_(0.2, 0.2, 0.3, -0.9)_1.012537_System.String[];HandRight_(0.4, -0.6, -0.2)_(0.1, -0.5, -0.4, 0.8)_0.9825718_System.String[];3.1482;-0.0825;-0.1321;78.5846;-81.9140;1.1669;1.0583;-75.4384;76.7781;3.9489;1.6058;267.1821;134.4172;357.4687;5.4644
0.9999;0.6127;False;False;78.4540;-82.3430;0.0006;-0.0141;-75.0915;76.6598;359.8286;359.8730;270.2998;145.8362;359.9375;359.9505;1.2151;0.0019;0.0006;-0.0735;-1.6214;-3.2892;170395;71.53098;Infinity;2368.13;78.4512;-81.5964;1.1494;1.4615;-75.3395;76.8322;354.8411;352.4230;317.8275;152.1507;354.3134;359.1245;LeftFalse_RightFalse;LeftFalse_RightFalse;HandLeft_(-0.4, -0.4, -0.1)_(0.0, 0.6, -0.8, -0.1)_1.012537_System.String[];HandLeft_(0.2, -0.7, -0.1)_(0.4, 0.6, -0.6, 0.3)_0.9825718_System.String[];HandRight_(-0.3, -0.3, -0.3)_(0.3, 0.2, 0.3, -0.9)_1.012537_System.String[];HandRight_(0.4, -0.6, -0.2)_(0.1, -0.4, -0.4, 0.8)_0.9825718_System.String[];3.1902;-0.0855;-0.1393;78.4517;-81.8640;1.1673;1.0584;-75.4416;76.7131;3.7239;1.4902;266.8016;134.0920;357.5293;5.5399
0.9999;0.6114;False;False;78.3149;-82.2915;0.0006;-0.0141;-75.0949;76.5915;359.8294;359.8728;270.0983;145.6451;359.9343;359.9456;1.2552;0.0007;0.0006;-0.0879;-1.6561;-3.3834;170398;71.75018;Infinity;2368.17;78.3143;-81.5461;1.1495;1.4616;-75.3427;76.7669;354.8445;352.4234;317.6289;151.9654;354.3123;359.1194;LeftFalse_RightFalse;LeftFalse_RightFalse;HandLeft_(-0.4, -0.4, -0.1)_(0.0, 0.6, -0.8, 0.0)_1.012537_System.String[];HandLeft_(0.2, -0.7, -0.1)_(0.4, 0.6, -0.6, 0.3)_0.9825718_System.String[];HandRight_(-0.3, -0.3, -0.3)_(0.3, 0.2, 0.3, -0.9)_1.012537_System.String[];HandRight_(0.4, -0.6, -0.2)_(0.1, -0.4, -0.4, 0.8)_0.9825718_System.String[];3.2317;-0.0883;-0.1446;78.3156;-81.8128;1.1676;1.0584;-75.4451;76.6475;3.6300;1.4903;266.4300;133.7272;357.5721;5.6045
0.9999;0.6098;False;False;78.1709;-82.2379;0.0006;-0.0141;-75.0990;76.5213;359.8285;359.8726;269.8860;145.4385;359.9313;359.9409;1.2952;0.0002;0.0006;-0.1039;-1.6904;-3.4773;170401;71.61571;Infinity;2368.21;78.1735;-81.4940;1.1496;1.4617;-75.3467;76.7002;354.8467;352.4237;317.4215;151.7653;354.3098;359.1146;LeftFalse_RightFalse;LeftFalse_RightFalse;HandLeft_(-0.4, -0.4, -0.1)_(0.0, 0.7, -0.8, 0.0)_1.012537_System.String[];HandLeft_(0.2, -0.7, -0.1)_(0.4, 0.6, -0.6, 0.2)_0.9825718_System.String[];HandRight_(-0.3, -0.3, -0.3)_(0.3, 0.2, 0.3, -0.9)_1.012537_System.String[];HandRight_(0.4, -0.6, -0.2)_(0.1, -0.4, -0.4, 0.8)_0.9825718_System.String[];3.2737;-0.0894;-0.1487;78.1753;-81.7599;1.1678;1.0584;-75.4492;76.5804;3.6171;1.4752;266.1073;133.2859;357.6132;5.7271
1.0000;0.6086;False;False;78.0199;-82.1815;0.0007;-0.0140;-75.1038;76.4482;359.8245;359.8722;269.6596;145.2148;359.9275;359.9366;1.3349;0.0010;0.0006;-0.1201;-1.7245;-3.5708;170404;71.10368;Infinity;2368.26;78.0240;-81.4386;1.1496;1.4618;-75.3514;76.6300;354.8471;352.4239;317.1971;151.5448;354.3054;359.1100;LeftFalse_RightFalse;LeftFalse_RightFalse;HandLeft_(-0.4, -0.4, -0.1)_(0.0, 0.7, -0.7, 0.0)_1.012537_System.String[];HandLeft_(0.2, -0.7, -0.1)_(0.4, 0.7, -0.5, 0.3)_0.9825718_System.String[];HandRight_(-0.3, -0.3, -0.3)_(0.2, 0.2, 0.3, -0.9)_1.012537_System.String[];HandRight_(0.4, -0.6, -0.2)_(0.2, -0.4, -0.4, 0.8)_0.9825718_System.String[];3.3164;-0.0883;-0.1525;78.0262;-81.7036;1.1679;1.0585;-75.4542;76.5100;3.5557;1.3511;265.7982;132.7643;357.6781;5.8437
1.0000;0.6078;False;False;77.8685;-82.1247;0.0007;-0.0140;-75.1093;76.3754;359.8189;359.8717;269.4319;144.9847;359.9238;359.9327;1.3750;0.0013;0.0006;-0.1356;-1.7578;-3.6642;170407;71.53162;Infinity;2368.30;77.8750;-81.3831;1.1497;1.4619;-75.3568;76.5607;354.8464;352.4239;316.9718;151.3190;354.2989;359.1061;LeftFalse_RightFalse;LeftFalse_RightFalse;HandLeft_(-0.4, -0.4, -0.1)_(0.0, 0.7, -0.7, 0.0)_1.012537_System.String[];HandLeft_(0.2, -0.7, -0.1)_(0.4, 0.7, -0.5, 0.3)_0.9825718_System.String[];HandRight_(-0.3, -0.3, -0.3)_(0.2, 0.2, 0.3, -0.9)_1.012537_System.String[];HandRight_(0.4, -0.6, -0.2)_(0.1, -0.4, -0.4, 0.8)_0.9825718_System.String[];3.3582;-0.0843;-0.1573;77.8774;-81.6475;1.1681;1.0589;-75.4599;76.4402;3.5003;1.1614;265.5226;132.2197;357.7059;5.9089
1.0000;0.6071;False;False;77.7130;-82.0662;0.0008;-0.0140;-75.1154;76.3013;359.8122;359.8711;269.2023;144.7422;359.9214;359.9289;1.4159;0.0017;0.0006;-0.1494;-1.7900;-3.7575;170410;71.76485;Infinity;2368.34;77.7220;-81.3259;1.1497;1.4619;-75.3628;76.4901;354.8443;352.4237;316.7428;151.0812;354.2922;359.1022;LeftFalse_RightFalse;LeftFalse_RightFalse;HandLeft_(-0.4, -0.4, -0.1)_(0.0, 0.7, -0.8, 0.0)_1.012537_System.String[];HandLeft_(0.2, -0.7, -0.1)_(0.4, 0.7, -0.6, 0.2)_0.9825718_System.String[];HandRight_(-0.3, -0.3, -0.3)_(0.3, 0.2, 0.3, -0.9)_1.012537_System.String[];HandRight_(0.4, -0.6, -0.2)_(0.1, -0.4, -0.4, 0.8)_0.9825718_System.String[];3.3997;-0.0787;-0.1635;77.7245;-81.5897;1.1682;1.0592;-75.4663;76.3688;3.4320;1.0297;265.2538;131.6778;357.6651;5.8804
1.0000;0.6067;False;False;77.5533;-82.0058;0.0009;-0.0140;-75.1220;76.2256;359.8047;359.8704;268.9757;144.4845;359.9211;359.9244;1.4797;0.0014;0.0007;-0.1678;-1.8354;-3.8973;170413;71.82028;Infinity;2368.38;77.5649;-81.2670;1.1498;1.4620;-75.3694;76.4183;354.8401;352.4235;316.5155;150.8295;354.2861;359.0978;LeftFalse_RightFalse;LeftFalse_RightFalse;HandLeft_(-0.4, -0.4, -0.1)_(0.0, 0.6, -0.8, -0.1)_1.012537_System.String[];HandLeft_(0.2, -0.8, -0.1)_(0.4, 0.7, -0.5, 0.3)_0.9825718_System.String[];HandRight_(-0.3, -0.3, -0.3)_(0.3, 0.2, 0.3, -0.9)_1.012537_System.String[];HandRight_(0.4, -0.6, -0.2)_(0.2, -0.4, -0.4, 0.8)_0.9825718_System.String[];3.4414;-0.0721;-0.1723;77.5674;-81.5302;1.1684;1.0594;-75.4733;76.2963;3.4292;0.9311;264.9695;131.1690;357.5400;5.7588
1.0000;0.6063;False;False;77.3882;-81.9430;0.0009;-0.0139;-75.1292;76.1482;359.7993;359.8697;268.7543;144.2080;359.9231;359.9192;1.5241;-0.0002;0.0007;-0.1790;-1.8634;-3.9907;170416;71.6745;Infinity;2368.42;77.4022;-81.2057;1.1499;1.4621;-75.3766;76.3447;354.8344;352.4233;316.2915;150.5594;354.2825;359.0928;LeftFalse_RightFalse;LeftFalse_RightFalse;HandLeft_(-0.4, -0.4, -0.1)_(0.1, 0.6, -0.8, -0.1)_1.012537_System.String[];HandLeft_(0.2, -0.8, -0.1)_(0.4, 0.7, -0.5, 0.3)_0.9825718_System.String[];HandRight_(-0.3, -0.3, -0.3)_(0.3, 0.2, 0.3, -0.9)_1.012537_System.String[];HandRight_(0.4, -0.6, -0.2)_(0.2, -0.4, -0.3, 0.8)_0.9825718_System.String[];3.4834;-0.0667;-0.1812;77.4049;-81.4688;1.1685;1.0595;-75.4808;76.2217;3.4731;0.8264;264.6789;130.6905;357.3907;5.6107
1.0000;0.6061;False;False;77.2193;-81.8783;0.0009;-0.0139;-75.1369;76.0696;359.7965;359.8688;268.5417;143.9118;359.9247;359.9130;1.5700;-0.0009;0.0008;-0.1906;-1.8896;-4.0839;170419;71.61028;Infinity;2368.47;77.2356;-81.1427;1.1499;1.4622;-75.3843;76.2702;354.8310;352.4232;316.0762;150.2708;354.2809;359.0868;LeftFalse_RightFalse;LeftFalse_RightFalse;HandLeft_(-0.4, -0.4, -0.1)_(0.1, 0.6, -0.8, -0.1)_1.012537_System.String[];HandLeft_(0.2, -0.8, -0.1)_(0.4, 0.7, -0.5, 0.3)_0.9825718_System.String[];HandRight_(-0.3, -0.3, -0.3)_(0.3, 0.3, 0.3, -0.9)_1.012537_System.String[];HandRight_(0.4, -0.6, -0.2)_(0.2, -0.4, -0.3, 0.8)_0.9825718_System.String[];3.5254;-0.0638;-0.1906;77.2386;-81.4054;1.1685;1.0597;-75.4886;76.1461;3.4821;0.7298;264.3943;130.2063;357.3216;5.4582
1.0000;0.6059;False;False;77.0476;-81.8121;0.0008;-0.0139;-75.1450;75.9905;359.7950;359.8679;268.3378;143.5963;359.9261;359.9065;1.6169;-0.0013;0.0008;-0.2041;-1.9143;-4.1767;170422;71.80135;Infinity;2368.51;77.0662;-81.0782;1.1498;1.4623;-75.3924;76.1955;354.8286;352.4230;315.8703;149.9635;354.2806;359.0803;LeftFalse_RightFalse;LeftFalse_RightFalse;HandLeft_(-0.4, -0.4, -0.1)_(0.1, 0.6, -0.8, -0.1)_1.012537_System.String[];HandLeft_(0.2, -0.8, -0.1)_(0.4, 0.7, -0.5, 0.3)_0.9825718_System.String[];HandRight_(-0.3, -0.3, -0.3)_(0.3, 0.2, 0.4, -0.9)_1.012537_System.String[];HandRight_(0.4, -0.6, -0.2)_(0.2, -0.4, -0.3, 0.9)_0.9825718_System.String[];3.5671;-0.0634;-0.1993;77.0693;-81.3404;1.1685;1.0598;-75.4970;76.0700;3.4281;0.6212;264.1385;129.6716;357.3399;5.3287
1.0000;0.6054;False;False;76.8708;-81.7434;0.0008;-0.0138;-75.1539;75.9098;359.7944;359.8669;268.1359;143.2577;359.9266;359.9000;1.6642;-0.0015;0.0008;-0.2202;-1.9383;-4.2691;170425;71.63621;Infinity;2368.55;76.8927;-81.0119;1.1498;1.4625;-75.4012;76.1199;354.8274;352.4227;315.6691;149.6349;354.2805;359.0737;LeftFalse_RightFalse;LeftFalse_RightFalse;HandLeft_(-0.4, -0.4, -0.1)_(0.1, 0.6, -0.8, -0.1)_1.012537_System.String[];HandLeft_(0.2, -0.8, -0.1)_(0.4, 0.7, -0.5, 0.3)_0.9825718_System.String[];HandRight_(-0.3, -0.3, -0.3)_(0.3, 0.2, 0.4, -0.9)_1.012537_System.String[];HandRight_(0.4, -0.6, -0.2)_(0.2, -0.4, -0.3, 0.9)_0.9825718_System.String[];3.6091;-0.0658;-0.2067;76.8959;-81.2734;1.1685;1.0599;-75.5060;75.9930;3.3650;0.5720;263.9201;129.0858;357.4036;5.1846
1.0000;0.6040;False;False;76.6897;-81.6725;0.0007;-0.0138;-75.1635;75.8280;359.7944;359.8659;267.9310;142.8978;359.9253;359.8936;1.7120;-0.0016;0.0009;-0.2400;-1.9613;-4.3609;170428;71.54932;Infinity;2368.59;76.7136;-80.9429;1.1497;1.4626;-75.4106;76.0429;354.8277;352.4224;315.4657;149.2824;354.2800;359.0670;LeftFalse_RightFalse;LeftFalse_RightFalse;HandLeft_(-0.4, -0.4, -0.1)_(0.1, 0.6, -0.8, -0.1)_1.012537_System.String[];HandLeft_(0.2, -0.8, -0.1)_(0.4, 0.7, -0.5, 0.3)_0.9825718_System.String[];HandRight_(-0.3, -0.3, -0.3)_(0.3, 0.2, 0.4, -0.8)_1.012537_System.String[];HandRight_(0.4, -0.6, -0.2)_(0.2, -0.4, -0.3, 0.9)_0.9825718_System.String[];3.6511;-0.0707;-0.2123;76.7170;-81.2037;1.1685;1.0600;-75.5156;75.9144;3.3234;0.5483;263.6891;128.4450;357.4873;5.0314
0.9992;0.5979;False;False;76.5051;-81.5997;0.0006;-0.0138;-75.1741;75.7454;359.7948;359.8649;267.7170;142.5193;359.9217;359.8872;1.7598;-0.0016;0.0010;-0.2637;-1.9835;-4.4521;170431;71.57507;Infinity;2368.63;76.5309;-80.8721;1.1497;1.4627;-75.4210;75.9653;354.8300;352.4221;315.2556;148.9106;354.2783;359.0605;LeftFalse_RightFalse;LeftFalse_RightFalse;HandLeft_(-0.4, -0.4, -0.1)_(0.1, 0.6, -0.8, 0.0)_1.012537_System.String[];HandLeft_(0.2, -0.8, -0.1)_(0.4, 0.7, -0.5, 0.3)_0.9825718_System.String[];HandRight_(-0.3, -0.3, -0.3)_(0.3, 0.2, 0.4, -0.9)_1.012537_System.String[];HandRight_(0.4, -0.5, -0.2)_(0.2, -0.4, -0.3, 0.9)_0.9825718_System.String[];3.6929;-0.0765;-0.2171;76.5346;-81.1321;1.1684;1.0601;-75.5261;75.8351;3.3244;0.5076;263.4637;127.7641;357.4795;4.9438
0.9962;0.5852;False;False;76.3155;-81.5245;0.0006;-0.0137;-75.1859;75.6614;359.7955;359.8641;267.4868;142.1212;359.9160;359.8811;1.8072;-0.0016;0.0011;-0.2901;-2.0047;-4.5425;170434;71.49812;Infinity;2368.67;76.3432;-80.7988;1.1496;1.4628;-75.4324;75.8865;354.8341;352.4219;315.0305;148.5179;354.2753;359.0541;LeftFalse_RightFalse;LeftFalse_RightFalse;HandLeft_(-0.4, -0.4, -0.1)_(0.1, 0.6, -0.8, 0.0)_1.012537_System.String[];HandLeft_(0.3, -0.8, -0.1)_(0.4, 0.7, -0.5, 0.4)_0.9825718_System.String[];HandRight_(-0.3, -0.3, -0.3)_(0.3, 0.2, 0.4, -0.9)_1.012537_System.String[];HandRight_(0.4, -0.5, -0.2)_(0.2, -0.4, -0.2, 0.9)_0.9825718_System.String[];3.7349;-0.0821;-0.2225;76.3472;-81.0579;1.1684;1.0604;-75.5376;75.7546;3.3521;0.4664;263.2276;127.0779;357.4855;4.8955
0.9930;0.5599;False;False;76.1239;-81.4479;0.0005;-0.0137;-75.1988;75.5774;359.7964;359.8635;267.2408;141.7102;359.9089;359.8754;1.8545;-0.0016;0.0012;-0.3194;-2.0231;-4.6320;170437;71.74118;Infinity;2368.72;76.1539;-80.7244;1.1496;1.4629;-75.4449;75.8080;354.8396;352.4218;314.7909;148.1131;354.2713;359.0482;LeftFalse_RightFalse;LeftFalse_RightFalse;HandLeft_(-0.4, -0.4, -0.1)_(0.1, 0.7, -0.8, 0.0)_1.012537_System.String[];HandLeft_(0.3, -0.8, -0.1)_(0.4, 0.6, -0.5, 0.4)_0.9825718_System.String[];HandRight_(-0.3, -0.3, -0.3)_(0.3, 0.2, 0.3, -0.9)_1.012537_System.String[];HandRight_(0.4, -0.5, -0.2)_(0.2, -0.4, -0.2, 0.9)_0.9825718_System.String[];3.7766;-0.0862;-0.2295;76.1580;-80.9821;1.1681;1.0609;-75.5499;75.6742;3.4028;0.4524;262.9842;126.3901;357.4745;4.8703
0.9903;0.5176;False;False;75.9278;-81.3691;0.0005;-0.0136;-75.2130;75.4925;359.7975;359.8636;266.9749;141.2797;359.9009;359.8697;1.9012;-0.0015;0.0013;-0.3500;-2.0371;-4.7206;170440;71.72641;Infinity;2368.76;75.9608;-80.6481;1.1495;1.4631;-75.4587;75.7290;354.8461;352.4223;314.5323;147.6907;354.2668;359.0426;LeftFalse_RightFalse;LeftFalse_RightFalse;HandLeft_(-0.4, -0.4, -0.1)_(0.0, 0.7, -0.7, 0.0)_1.012537_System.String[];HandLeft_(0.3, -0.8, -0.1)_(0.4, 0.6, -0.5, 0.4)_0.9825718_System.String[];HandRight_(-0.3, -0.3, -0.3)_(0.2, 0.2, 0.3, -0.9)_1.012537_System.String[];HandRight_(0.4, -0.5, -0.2)_(0.2, -0.3, -0.2, 0.9)_0.9825718_System.String[];3.8184;-0.0878;-0.2379;75.9648;-80.9045;1.1679;1.0612;-75.5638;75.5933;3.4333;0.4686;262.7203;125.6965;357.4713;4.8347
0.9854;0.4617;False;False;75.7268;-81.2878;0.0004;-0.0136;-75.2287;75.4067;359.7988;359.8646;266.6913;140.8270;359.8931;359.8634;1.9456;-0.0015;0.0013;-0.3807;-2.0452;-4.8085;170443;71.58092;Infinity;2368.80;75.7617;-80.5691;1.1495;1.4632;-75.4740;75.6488;354.8528;352.4236;314.2533;147.2443;354.2623;359.0365;LeftFalse_RightFalse;LeftFalse_RightFalse;HandLeft_(-0.4, -0.4, -0.1)_(0.0, 0.7, -0.7, 0.0)_1.012537_System.String[];HandLeft_(0.3, -0.8, -0.1)_(0.4, 0.6, -0.6, 0.5)_0.9825718_System.String[];HandRight_(-0.3, -0.3, -0.3)_(0.2, 0.2, 0.3, -0.9)_1.012537_System.String[];HandRight_(0.4, -0.5, -0.2)_(0.3, -0.3, -0.2, 0.9)_0.9825718_System.String[];3.8604;-0.0877;-0.2469;75.7660;-80.8241;1.1677;1.0614;-75.5791;75.5111;3.4757;0.4402;262.4181;125.0375;357.5078;4.7634
0.9795;0.3940;False;False;75.5237;-81.2054;0.0003;-0.0135;-75.2456;75.3215;359.8001;359.8669;266.3980;140.3576;359.8860;359.8567;2.0054;-0.0015;0.0014;-0.4261;-2.0456;-4.9387;170446;71.79025;Infinity;2368.84;75.5609;-80.4890;1.1495;1.4633;-75.4905;75.5694;354.8591;352.4262;313.9636;146.7820;354.2583;359.0302;LeftFalse_RightFalse;LeftFalse_RightFalse;HandLeft_(-0.4, -0.4, -0.1)_(0.0, 0.7, -0.8, 0.0)_1.012537_System.String[];HandLeft_(0.3, -0.8, -0.1)_(0.4, 0.5, -0.5, 0.5)_0.9825718_System.String[];HandRight_(-0.3, -0.3, -0.3)_(0.2, 0.2, 0.3, -0.9)_1.012537_System.String[];HandRight_(0.4, -0.5, -0.2)_(0.3, -0.3, -0.2, 0.9)_0.9825718_System.String[];3.9021;-0.0857;-0.2563;75.5654;-80.7428;1.1676;1.0620;-75.5956;75.4297;3.5147;0.2919;262.1076;124.3663;357.5583;4.7300
0.9726;0.3212;False;False;75.3168;-81.1213;0.0003;-0.0134;-75.2638;75.2364;359.8027;359.8705;266.0977;139.8695;359.8819;359.8502;2.0396;0.0005;0.0015;-0.4563;-2.0366;-5.0244;170449;71.88538;Infinity;2368.88;75.3565;-80.4075;1.1494;1.4634;-75.5083;75.4903;354.8644;352.4300;313.6653;146.3011;354.2560;359.0239;LeftFalse_RightFalse;LeftFalse_RightFalse;HandLeft_(-0.4, -0.4, -0.1)_(0.0, 0.7, -0.8, 0.0)_1.012537_System.String[];HandLeft_(0.3, -0.8, -0.1)_(0.4, 0.5, -0.5, 0.6)_0.9825718_System.String[];HandRight_(-0.3, -0.3, -0.3)_(0.2, 0.2, 0.3, -0.9)_1.012537_System.String[];HandRight_(0.3, -0.5, -0.2)_(0.3, -0.4, -0.2, 0.9)_0.9825718_System.String[];3.9438;-0.0823;-0.2663;75.3614;-80.6596;1.1675;1.0624;-75.6134;75.3488;3.5151;0.1353;261.8039;123.6844;357.5733;4.7206
0.9648;0.2514;False;False;75.1062;-81.0359;0.0003;-0.0134;-75.2833;75.1518;359.8069;359.8757;265.7962;139.3627;359.8766;359.8436;2.0684;0.0024;0.0015;-0.4860;-2.0199;-5.1087;170452;71.94328;Infinity;2368.93;75.1484;-80.3245;1.1495;1.4636;-75.5274;75.4118;354.8704;352.4354;313.3637;145.8013;354.2558;359.0179;LeftFalse_RightFalse;LeftFalse_RightFalse;HandLeft_(-0.4, -0.4, -0.1)_(0.0, 0.6, -0.8, -0.1)_1.012537_System.String[];HandLeft_(0.3, -0.8, -0.1)_(0.4, 0.4, -0.5, 0.6)_0.9825718_System.String[];HandRight_(-0.3, -0.3, -0.3)_(0.2, 0.2, 0.3, -0.9)_1.012537_System.String[];HandRight_(0.3, -0.5, -0.2)_(0.3, -0.4, -0.1, 0.9)_0.9825718_System.String[];3.9854;-0.0792;-0.2762;75.1540;-80.5751;1.1675;1.0627;-75.6327;75.2682;3.5081;0.0302;261.5260;122.9826;357.5874;4.7075
0.9519;0.1918;False;False;74.8919;-80.9493;0.0004;-0.0133;-75.3040;75.0681;359.8123;359.8822;265.4966;138.8378;359.8727;359.8366;2.0917;0.0032;0.0019;-0.5153;-1.9966;-5.1912;170455;71.95309;Infinity;2368.97;74.9366;-80.2405;1.1496;1.4637;-75.5478;75.3342;354.8770;352.4422;313.0633;145.2833;354.2564;359.0117;LeftFalse_RightFalse;LeftFalse_RightFalse;HandLeft_(-0.4, -0.4, -0.1)_(0.0, 0.6, -0.8, -0.1)_1.012537_System.String[];HandLeft_(0.3, -0.8, -0.1)_(0.4, 0.4, -0.5, 0.6)_0.9825718_System.String[];HandRight_(-0.3, -0.3, -0.3)_(0.3, 0.2, 0.3, -0.9)_1.012537_System.String[];HandRight_(0.3, -0.5, -0.2)_(0.3, -0.4, -0.1, 0.9)_0.9825718_System.String[];4.0271;-0.0775;-0.2845;74.9429;-80.4893;1.1676;1.0629;-75.6533;75.1884;3.4902;359.9666;261.2714;122.2214;357.5997;4.6263
0.9281;0.1481;False;False;74.6742;-80.8618;0.0006;-0.0132;-75.3261;74.9854;359.8185;359.8898;265.1994;138.2984;359.8690;359.8297;2.1106;0.0028;0.0021;-0.5461;-1.9695;-5.2716;170458;71.98451;Infinity;2369.01;74.7212;-80.1555;1.1497;1.4638;-75.5695;75.2578;354.8835;352.4502;312.7653;144.7493;354.2589;359.0055;LeftFalse_RightFalse;LeftFalse_RightFalse;HandLeft_(-0.4, -0.4, -0.1)_(0.1, 0.6, -0.8, -0.1)_1.012537_System.String[];HandLeft_(0.3, -0.8, -0.1)_(0.4, 0.4, -0.5, 0.7)_0.9825718_System.String[];HandRight_(-0.3, -0.3, -0.3)_(0.3, 0.2, 0.3, -0.9)_1.012537_System.String[];HandRight_(0.3, -0.5, -0.2)_(0.3, -0.3, -0.1, 0.9)_0.9825718_System.String[];4.0688;-0.0779;-0.2917;74.7284;-80.4023;1.1677;1.0632;-75.6752;75.1096;3.4648;359.8429;260.9877;121.3676;357.6545;4.4586
0.8830;0.1240;False;False;74.4531;-80.7736;0.0006;-0.0131;-75.3495;74.9041;359.8222;359.8979;264.9012;137.7465;359.8645;359.8236;2.1259;0.0008;0.0022;-0.5790;-1.9391;-5.3478;170461;71.99397;Infinity;2369.05;74.5024;-80.0698;1.1498;1.4639;-75.5925;75.1827;354.8903;352.4588;312.4678;144.2020;354.2591;358.9999;LeftFalse_RightFalse;LeftFalse_RightFalse;HandLeft_(-0.4, -0.4, -0.1)_(0.1, 0.6, -0.8, 0.0)_1.012537_System.String[];HandLeft_(0.3, -0.8, -0.1)_(0.4, 0.3, -0.5, 0.7)_0.9825718_System.String[];HandRight_(-0.3, -0.3, -0.3)_(0.3, 0.2, 0.3, -0.9)_1.012537_System.String[];HandRight_(0.3, -0.5, -0.2)_(0.3, -0.3, -0.1, 0.9)_0.9825718_System.String[];4.1104;-0.0806;-0.2973;74.5104;-80.3147;1.1678;1.0638;-75.6985;75.0320;3.4380;359.6180;260.6800;120.4599;357.6932;4.2656
0.8135;0.1187;False;False;74.2285;-80.6846;0.0007;-0.0130;-75.3745;74.8239;359.8244;359.9062;264.5971;137.1840;359.8601;359.8183;2.1390;-0.0002;0.0023;-0.6151;-1.9073;-5.4163;170464;71.9342;Infinity;2369.09;74.2804;-79.9836;1.1499;1.4641;-75.6169;75.1091;354.8949;352.4677;312.1668;143.6439;354.2581;358.9952;LeftFalse_RightFalse;LeftFalse_RightFalse;HandLeft_(-0.4, -0.4, -0.1)_(0.0, 0.6, -0.8, 0.0)_1.012537_System.String[];HandLeft_(0.3, -0.8, -0.1)_(0.4, 0.3, -0.5, 0.7)_0.9825718_System.String[];HandRight_(-0.3, -0.3, -0.3)_(0.3, 0.2, 0.3, -0.9)_1.012537_System.String[];HandRight_(0.3, -0.5, -0.2)_(0.3, -0.3, -0.1, 0.9)_0.9825718_System.String[];4.1521;-0.0857;-0.3013;74.2891;-80.2265;1.1678;1.0643;-75.7231;74.9553;3.3429;359.3737;260.3300;119.5137;357.7969;4.0548
0.7267;0.1265;False;False;73.9989;-80.5942;0.0006;-0.0129;-75.4014;74.7444;359.8266;359.9140;264.2782;136.6085;359.8539;359.8139;2.1513;-0.0008;0.0023;-0.6541;-1.8758;-5.4739;170467;71.65558;Infinity;2369.13;74.0527;-79.8959;1.1499;1.4642;-75.6433;75.0361;354.9004;352.4763;311.8525;143.0702;354.2559;358.9914;LeftFalse_RightFalse;LeftFalse_RightFalse;HandLeft_(-0.4, -0.4, -0.1)_(0.0, 0.7, -0.8, 0.0)_1.012537_System.String[];HandLeft_(0.3, -0.8, -0.1)_(0.4, 0.3, -0.5, 0.7)_0.9825718_System.String[];HandRight_(-0.3, -0.3, -0.3)_(0.2, 0.2, 0.3, -0.9)_1.012537_System.String[];HandRight_(0.3, -0.5, -0.2)_(0.3, -0.3, 0.0, 0.9)_0.9825718_System.String[];4.1943;-0.0916;-0.3048;74.0621;-80.1368;1.1681;1.0648;-75.7495;74.8785;3.2284;359.1929;259.9801;118.5289;357.8709;3.7972
0.6288;0.1430;False;False;73.7697;-80.5043;0.0006;-0.0128;-75.4297;74.6671;359.8298;359.9208;263.9465;136.0331;359.8462;359.8104;2.1639;-0.0011;0.0023;-0.6944;-1.8452;-5.5200;170470;71.82046;Infinity;2369.18;73.8255;-79.8088;1.1499;1.4643;-75.6710;74.9654;354.9077;352.4837;311.5265;142.4973;354.2530;358.9884;LeftFalse_RightFalse;LeftFalse_RightFalse;HandLeft_(-0.4, -0.4, -0.1)_(0.0, 0.7, -0.7, 0.0)_1.012537_System.String[];HandLeft_(0.3, -0.8, -0.1)_(0.4, 0.3, -0.5, 0.7)_0.9825718_System.String[];HandRight_(-0.3, -0.3, -0.3)_(0.2, 0.2, 0.3, -0.9)_1.012537_System.String[];HandRight_(0.3, -0.5, -0.2)_(0.3, -0.3, 0.0, 0.9)_0.9825718_System.String[];4.2361;-0.0973;-0.3091;73.8357;-80.0478;1.1684;1.0651;-75.7772;74.8042;3.1631;359.0987;259.6548;117.5793;357.9253;3.5427
0.5156;0.1651;False;False;73.5381;-80.4134;0.0005;-0.0127;-75.4599;74.5908;359.8347;359.9263;263.5956;135.4496;359.8373;359.8072;2.1782;-0.0013;0.0023;-0.7360;-1.8151;-5.5523;170473;71.76945;Infinity;2369.22;73.5965;-79.7212;1.1499;1.4644;-75.7005;74.8962;354.9168;352.4900;311.1829;141.9181;354.2503;358.9858;LeftFalse_RightFalse;LeftFalse_RightFalse;HandLeft_(-0.4, -0.4, -0.1)_(0.0, 0.7, -0.7, 0.0)_1.012537_System.String[];HandLeft_(0.3, -0.8, -0.1)_(0.4, 0.3, -0.5, 0.7)_0.9825718_System.String[];HandRight_(-0.3, -0.3, -0.3)_(0.2, 0.2, 0.3, -0.9)_1.012537_System.String[];HandRight_(0.3, -0.5, -0.2)_(0.3, -0.4, 0.0, 0.9)_0.9825718_System.String[];4.2778;-0.1016;-0.3143;73.6073;-79.9583;1.1685;1.0652;-75.8067;74.7311;3.0983;359.0950;259.3652;116.6866;357.9532;3.3440
0.4038;0.1886;False;False;73.3027;-80.3208;0.0005;-0.0127;-75.4923;74.5149;359.8418;359.9304;263.2227;134.8503;359.8280;359.8038;2.1949;-0.0014;0.0021;-0.7765;-1.7856;-5.5686;170476;71.353;Infinity;2369.26;73.3626;-79.6316;1.1499;1.4645;-75.7323;74.8272;354.9280;352.4948;310.8152;141.3217;354.2487;358.9829;LeftFalse_RightFalse;LeftFalse_RightFalse;HandLeft_(-0.4, -0.4, -0.1)_(0.0, 0.7, -0.7, 0.0)_1.012537_System.String[];HandLeft_(0.3, -0.8, -0.1)_(0.4, 0.3, -0.5, 0.7)_0.9825718_System.String[];HandRight_(-0.3, -0.3, -0.3)_(0.2, 0.2, 0.3, -0.9)_1.012537_System.String[];HandRight_(0.3, -0.5, -0.2)_(0.3, -0.3, 0.0, 0.9)_0.9825718_System.String[];4.3201;-0.1037;-0.3215;73.3742;-79.8670;1.1687;1.0652;-75.8385;74.6582;3.0453;359.1416;259.0754;115.8177;357.9412;3.1150
0.3097;0.2107;False;False;73.0682;-80.2277;0.0004;-0.0126;-75.5263;74.4408;359.8513;359.9333;262.8383;134.2418;359.8197;359.8002;2.2245;-0.0013;0.0019;-0.8320;-1.7421;-5.5663;170479;71.29618;Infinity;2369.30;73.1299;-79.5421;1.1498;1.4646;-75.7657;74.7601;354.9403;352.4985;310.4348;140.7185;354.2493;358.9798;LeftFalse_RightFalse;LeftFalse_RightFalse;HandLeft_(-0.4, -0.4, -0.1)_(0.0, 0.7, -0.7, 0.0)_1.012537_System.String[];HandLeft_(0.3, -0.8, -0.1)_(0.4, 0.2, -0.6, 0.7)_0.9825718_System.String[];HandRight_(-0.3, -0.3, -0.3)_(0.2, 0.2, 0.3, -0.9)_1.012537_System.String[];HandRight_(0.3, -0.5, -0.2)_(0.3, -0.3, 0.0, 0.9)_0.9825718_System.String[];4.3623;-0.1038;-0.3285;73.1422;-79.7758;1.1687;1.0652;-75.8717;74.5872;2.9838;359.1771;258.7756;114.9952;357.9319;2.8734
0.2413;0.2278;False;False;72.8343;-80.1339;0.0004;-0.0125;-75.5618;74.3679;359.8627;359.9349;262.4478;133.6213;359.8130;359.7964;2.2464;-0.0013;0.0018;-0.8653;-1.7139;-5.5511;170482;71.23061;Infinity;2369.34;72.8987;-79.4523;1.1498;1.4647;-75.8004;74.6948;354.9530;352.5009;310.0480;140.1066;354.2523;358.9763;LeftFalse_RightFalse;LeftFalse_RightFalse;HandLeft_(-0.4, -0.4, -0.1)_(0.0, 0.7, -0.7, 0.0)_1.012537_System.String[];HandLeft_(0.2, -0.8, -0.1)_(0.4, 0.2, -0.5, 0.7)_0.9825718_System.String[];HandRight_(-0.3, -0.3, -0.3)_(0.2, 0.2, 0.3, -0.9)_1.012537_System.String[];HandRight_(0.3, -0.5, -0.2)_(0.3, -0.3, 0.0, 0.9)_0.9825718_System.String[];4.4043;-0.1016;-0.3339;72.9118;-79.6847;1.1687;1.0653;-75.9064;74.5182;2.9201;359.1453;258.4248;114.2340;357.9583;2.5705
0.1946;0.2403;False;False;72.6011;-80.0389;0.0003;-0.0124;-75.5987;74.2962;359.8752;359.9355;262.0575;132.9879;359.8080;359.7927;2.2690;-0.0017;0.0018;-0.8949;-1.6874;-5.5282;170485;71.23353;Infinity;2369.39;72.6654;-79.3607;1.1497;1.4648;-75.8371;74.6301;354.9653;352.5023;309.6543;139.4746;354.2577;358.9725;LeftFalse_RightFalse;LeftFalse_RightFalse;HandLeft_(-0.4, -0.4, -0.1)_(0.0, 0.7, -0.7, 0.0)_1.012537_System.String[];HandLeft_(0.2, -0.8, -0.1)_(0.4, 0.2, -0.5, 0.7)_0.9825718_System.String[];HandRight_(-0.3, -0.3, -0.3)_(0.2, 0.2, 0.3, -0.9)_1.012537_System.String[];HandRight_(0.3, -0.5, -0.2)_(0.4, -0.3, 0.1, 0.9)_0.9825718_System.String[];4.4463;-0.0978;-0.3359;72.6792;-79.5914;1.1687;1.0654;-75.9430;74.4501;2.8752;358.9999;258.0396;113.5409;357.9650;2.3144
0.1597;0.2494;False;False;72.3697;-79.9433;0.0002;-0.0123;-75.6367;74.2259;359.8875;359.9351;261.6757;132.3474;359.8065;359.7906;2.2916;-0.0009;0.0021;-0.9214;-1.6630;-5.5001;170488;71.33344;Infinity;2369.43;72.4353;-79.2690;1.1497;1.4650;-75.8747;74.5673;354.9758;352.5026;309.2690;138.8376;354.2646;358.9698;LeftFalse_RightFalse;LeftFalse_RightFalse;HandLeft_(-0.4, -0.4, -0.1)_(0.0, 0.7, -0.7, 0.0)_1.012537_System.String[];HandLeft_(0.2, -0.8, -0.1)_(0.4, 0.3, -0.5, 0.7)_0.9825718_System.String[];HandRight_(-0.3, -0.3, -0.3)_(0.2, 0.2, 0.3, -0.9)_1.012537_System.String[];HandRight_(0.3, -0.5, -0.2)_(0.4, -0.3, 0.1, 0.9)_0.9825718_System.String[];4.4883;-0.0935;-0.3359;72.4500;-79.4981;1.1689;1.0655;-75.9807;74.3838;2.8273;358.8311;257.6073;112.8761;358.0287;2.2038
0.1328;0.2571;False;False;72.1413;-79.8474;0.0002;-0.0122;-75.6756;74.1571;359.9007;359.9338;261.3081;131.7060;359.8063;359.7903;2.3141;-0.0004;0.0022;-0.9460;-1.6399;-5.4685;170491;71.66745;Infinity;2369.47;72.2062;-79.1764;1.1496;1.4651;-75.9136;74.5056;354.9849;352.5016;308.8940;138.1936;354.2740;358.9689;LeftFalse_RightFalse;LeftFalse_RightFalse;HandLeft_(-0.4, -0.4, -0.1)_(0.0, 0.7, -0.7, 0.0)_1.012537_System.String[];HandLeft_(0.2, -0.8, -0.1)_(0.4, 0.3, -0.5, 0.7)_0.9825718_System.String[];HandRight_(-0.3, -0.3, -0.3)_(0.2, 0.2, 0.3, -0.9)_1.012537_System.String[];HandRight_(0.3, -0.5, -0.2)_(0.4, -0.3, 0.1, 0.9)_0.9825718_System.String[];4.5300;-0.0897;-0.3359;72.2220;-79.4037;1.1691;1.0656;-76.0200;74.3188;2.7476;358.7881;257.1410;112.2514;358.0765;2.1126
0.1077;0.2672;False;False;71.9119;-79.7495;0.0002;-0.0122;-75.7159;74.0885;359.9138;359.9319;260.9503;131.0546;359.8078;359.7911;2.3370;0.0000;0.0022;-0.9690;-1.6175;-5.4337;170494;71.39977;Infinity;2369.51;71.9801;-79.0837;1.1496;1.4651;-75.9532;74.4453;354.9931;352.4999;308.5345;137.5502;354.2845;358.9691;LeftFalse_RightFalse;LeftFalse_RightFalse;HandLeft_(-0.4, -0.4, -0.1)_(0.0, 0.7, -0.7, 0.0)_1.012537_System.String[];HandLeft_(0.2, -0.8, -0.1)_(0.4, 0.3, -0.5, 0.7)_0.9825718_System.String[];HandRight_(-0.3, -0.3, -0.3)_(0.2, 0.2, 0.3, -0.9)_1.012537_System.String[];HandRight_(0.3, -0.5, -0.2)_(0.4, -0.3, 0.0, 0.9)_0.9825718_System.String[];4.5720;-0.0873;-0.3361;71.9969;-79.3092;1.1692;1.0657;-76.0602;74.2553;2.6673;358.8494;256.6325;111.6462;358.1285;2.0601
0.0798;0.2842;False;False;71.6835;-79.6503;0.0002;-0.0121;-75.7573;74.0207;359.9264;359.9300;260.6048;130.3980;359.8103;359.7917;2.3608;0.0002;0.0020;-0.9911;-1.5957;-5.3953;170497;71.20904;Infinity;2369.55;71.7510;-78.9881;1.1496;1.4652;-75.9947;74.3849;355.0001;352.4978;308.1814;136.8905;354.2955;358.9698;LeftFalse_RightFalse;LeftFalse_RightFalse;HandLeft_(-0.4, -0.4, -0.1)_(0.0, 0.7, -0.8, 0.0)_1.012537_System.String[];HandLeft_(0.2, -0.8, -0.1)_(0.4, 0.2, -0.5, 0.7)_0.9825718_System.String[];HandRight_(-0.3, -0.3, -0.3)_(0.2, 0.2, 0.3, -0.9)_1.012537_System.String[];HandRight_(0.3, -0.5, -0.2)_(0.4, -0.3, 0.0, 0.9)_0.9825718_System.String[];4.6143;-0.0867;-0.3372;71.7688;-79.2121;1.1694;1.0657;-76.1022;74.1919;2.5715;358.8775;256.1434;111.0346;358.1791;1.9963
0.0582;0.3078;False;False;71.4556;-79.5494;0.0002;-0.0120;-75.7999;73.9536;359.9382;359.9279;260.2680;129.7336;359.8130;359.7921;2.3863;0.0004;0.0019;-1.0132;-1.5740;-5.3537;170500;70.78994;Infinity;2369.60;71.5272;-78.8931;1.1496;1.4653;-76.0365;74.3264;355.0062;352.4958;307.8459;136.2379;354.3062;358.9700;LeftFalse_RightFalse;LeftFalse_RightFalse;HandLeft_(-0.4, -0.4, -0.1)_(0.0, 0.6, -0.8, 0.0)_1.012537_System.String[];HandLeft_(0.2, -0.8, -0.1)_(0.4, 0.2, -0.5, 0.7)_0.9825718_System.String[];HandRight_(-0.3, -0.3, -0.3)_(0.3, 0.2, 0.3, -0.9)_1.012537_System.String[];HandRight_(0.3, -0.5, -0.2)_(0.4, -0.3, 0.0, 0.9)_0.9825718_System.String[];4.6567;-0.0871;-0.3393;71.5461;-79.1158;1.1699;1.0658;-76.1443;74.1304;2.3932;358.7664;255.6936;110.4555;358.2694;1.9182
0.0424;0.3357;False;False;71.2338;-79.4492;0.0002;-0.0119;-75.8427;73.8886;359.9487;359.9256;259.9444;129.0756;359.8154;359.7918;2.4143;0.0004;0.0019;-1.0352;-1.5525;-5.3093;170503;71.37851;Infinity;2369.64;71.3019;-78.7956;1.1496;1.4654;-76.0799;74.2679;355.0118;352.4935;307.5135;135.5697;354.3161;358.9696;LeftFalse_RightFalse;LeftFalse_RightFalse;HandLeft_(-0.4, -0.4, -0.1)_(0.0, 0.6, -0.8, 0.0)_1.012537_System.String[];HandLeft_(0.2, -0.8, -0.1)_(0.5, 0.2, -0.5, 0.7)_0.9825718_System.String[];HandRight_(-0.3, -0.3, -0.3)_(0.3, 0.2, 0.3, -0.9)_1.012537_System.String[];HandRight_(0.3, -0.5, -0.2)_(0.4, -0.3, 0.0, 0.9)_0.9825718_System.String[];4.6985;-0.0890;-0.3413;71.3218;-79.0170;1.1701;1.0661;-76.1880;74.0690;2.2370;358.5339;255.2621;109.8673;358.3613;1.8265
0.0309;0.3639;False;False;71.0123;-79.3469;0.0003;-0.0118;-75.8869;73.8240;359.9583;359.9229;259.6209;128.4045;359.8170;359.7906;2.4451;0.0005;0.0018;-1.0579;-1.5319;-5.2627;170506;71.414;Infinity;2369.68;71.0816;-78.6982;1.1496;1.4655;-76.1237;74.2112;355.0172;352.4911;307.1897;134.9033;354.3247;358.9685;LeftFalse_RightFalse;LeftFalse_RightFalse;HandLeft_(-0.4, -0.4, -0.1)_(0.0, 0.6, -0.8, 0.0)_1.012537_System.String[];HandLeft_(0.2, -0.8, -0.1)_(0.4, 0.2, -0.5, 0.7)_0.9825718_System.String[];HandRight_(-0.3, -0.3, -0.3)_(0.2, 0.2, 0.3, -0.9)_1.012537_System.String[];HandRight_(0.3, -0.5, -0.2)_(0.4, -0.3, 0.0, 0.9)_0.9825718_System.String[];4.7405;-0.0920;-0.3423;71.1025;-78.9181;1.1703;1.0665;-76.2321;74.0094;2.1010;358.2679;254.8611;109.3085;358.4239;1.7258
0.0225;0.3857;False;False;70.7947;-79.2439;0.0003;-0.0118;-75.9317;73.7609;359.9668;359.9196;259.2984;127.7306;359.8176;359.7889;2.4957;0.0005;0.0018;-1.0931;-1.5034;-5.1898;170509;71.70845;Infinity;2369.72;70.8639;-78.5999;1.1496;1.4656;-76.1684;74.1556;355.0224;352.4882;306.8665;134.2305;354.3319;358.9666;LeftFalse_RightFalse;LeftFalse_RightFalse;HandLeft_(-0.4, -0.4, -0.1)_(0.0, 0.7, -0.8, 0.0)_1.012537_System.String[];HandLeft_(0.2, -0.8, -0.1)_(0.4, 0.2, -0.5, 0.7)_0.9825718_System.String[];HandRight_(-0.3, -0.3, -0.3)_(0.2, 0.2, 0.3, -0.9)_1.012537_System.String[];HandRight_(0.3, -0.5, -0.2)_(0.4, -0.3, 0.1, 0.9)_0.9825718_System.String[];4.7820;-0.0953;-0.3425;70.8858;-78.8183;1.1704;1.0667;-76.2768;73.9507;1.9925;358.0090;254.5037;108.7528;358.4590;1.6180
0.0164;0.3994;False;False;70.5774;-79.1386;0.0003;-0.0117;-75.9779;73.6980;359.9742;359.9159;258.9690;127.0434;359.8175;359.7867;2.5313;0.0005;0.0018;-1.1166;-1.4854;-5.1401;170512;71.49328;Infinity;2369.76;70.6489;-78.5006;1.1496;1.4658;-76.2139;74.1010;355.0276;352.4849;306.5410;133.5517;354.3377;358.9641;LeftFalse_RightFalse;LeftFalse_RightFalse;HandLeft_(-0.4, -0.4, -0.1)_(0.0, 0.7, -0.8, 0.0)_1.012537_System.String[];HandLeft_(0.2, -0.7, -0.1)_(0.4, 0.2, -0.5, 0.7)_0.9825718_System.String[];HandRight_(-0.3, -0.3, -0.3)_(0.2, 0.2, 0.3, -0.9)_1.012537_System.String[];HandRight_(0.3, -0.5, -0.2)_(0.4, -0.3, 0.0, 0.9)_0.9825718_System.String[];4.8240;-0.0977;-0.3425;70.6716;-78.7173;1.1705;1.0672;-76.3224;73.8928;1.9578;357.8271;254.1945;108.1998;358.4789;1.5499
0.0120;0.4061;False;False;70.3641;-79.0326;0.0003;-0.0116;-76.0248;73.6364;359.9811;359.9118;258.6375;126.3551;359.8182;359.7842;2.5679;-0.0021;0.0019;-1.1400;-1.4675;-5.0900;170515;71.74691;Infinity;2369.81;70.4344;-78.3990;1.1496;1.4659;-76.2609;74.0467;355.0324;352.4811;306.2079;132.8604;354.3424;358.9613;LeftFalse_RightFalse;LeftFalse_RightFalse;HandLeft_(-0.4, -0.4, -0.1)_(0.0, 0.7, -0.7, 0.0)_1.012537_System.String[];HandLeft_(0.2, -0.7, -0.1)_(0.4, 0.2, -0.5, 0.7)_0.9825718_System.String[];HandRight_(-0.3, -0.3, -0.3)_(0.2, 0.2, 0.3, -0.9)_1.012537_System.String[];HandRight_(0.3, -0.5, -0.2)_(0.4, -0.3, 0.0, 0.9)_0.9825718_System.String[];4.8657;-0.0984;-0.3425;70.4577;-78.6137;1.1705;1.0677;-76.3693;73.8355;1.9463;357.7263;253.9152;107.6579;358.4800;1.4650
0.0087;0.4105;False;False;70.1527;-78.9248;0.0002;-0.0115;-76.0726;73.5755;359.9925;359.9076;258.3009;125.6596;359.8298;359.7816;2.6049;-0.0040;0.0019;-1.1627;-1.4491;-5.0400;170518;71.83435;Infinity;2369.85;70.2236;-78.2967;1.1495;1.4660;-76.3086;73.9937;355.0331;352.4773;305.8717;132.1676;354.3552;358.9582;LeftFalse_RightFalse;LeftFalse_RightFalse;HandLeft_(-0.4, -0.4, -0.1)_(0.0, 0.7, -0.7, 0.0)_1.012537_System.String[];HandLeft_(0.3, -0.7, -0.1)_(0.4, 0.3, -0.5, 0.7)_0.9825718_System.String[];HandRight_(-0.3, -0.3, -0.3)_(0.2, 0.2, 0.3, -0.9)_1.012537_System.String[];HandRight_(0.3, -0.5, -0.2)_(0.4, -0.3, 0.0, 0.9)_0.9825718_System.String[];4.9075;-0.0980;-0.3425;70.2473;-78.5093;1.1705;1.0680;-76.4167;73.7790;1.9671;357.6921;253.6384;107.1459;358.4825;1.3185
0.0084;0.4158;False;False;69.9421;-78.8147;-0.0001;-0.0114;-76.1218;73.5150;0.0114;359.9036;257.9608;124.9530;359.8348;359.7788;2.6421;-0.0190;0.0020;-1.1813;-1.4301;-4.9924;170521;71.64231;Infinity;2369.89;70.0138;-78.1923;1.1492;1.4662;-76.3577;73.9411;355.0308;352.4735;305.5301;131.4645;354.3751;358.9550;LeftFalse_RightFalse;LeftFalse_RightFalse;HandLeft_(-0.4, -0.4, -0.1)_(0.0, 0.7, -0.7, 0.0)_1.012537_System.String[];HandLeft_(0.2, -0.7, 0.0)_(0.4, 0.3, -0.5, 0.7)_0.9825718_System.String[];HandRight_(-0.3, -0.3, -0.3)_(0.2, 0.2, 0.3, -0.9)_1.012537_System.String[];HandRight_(0.3, -0.5, -0.2)_(0.4, -0.3, 0.0, 0.9)_0.9825718_System.String[];4.9495;-0.0955;-0.3425;70.0380;-78.4024;1.1702;1.0679;-76.4656;73.7231;2.0754;357.6658;253.3446;106.6033;358.5366;1.1660
0.0221;0.4252;False;False;69.7332;-78.7026;-0.0013;-0.0114;-76.1721;73.4552;0.0653;359.8999;257.6240;124.2385;359.7762;359.7758;2.6799;-0.0349;0.0022;-1.1945;-1.4105;-4.9485;170524;71.38621;Infinity;2369.93;69.8063;-78.0869;1.1485;1.4663;-76.4067;73.8896;355.0880;352.4700;305.1936;130.7581;354.3796;358.9518;LeftFalse_RightFalse;LeftFalse_RightFalse;HandLeft_(-0.4, -0.4, -0.1)_(0.0, 0.7, -0.7, 0.0)_1.012537_System.String[];HandLeft_(0.2, -0.7, 0.0)_(0.4, 0.3, -0.5, 0.7)_0.9825718_System.String[];HandRight_(-0.3, -0.3, -0.3)_(0.2, 0.2, 0.3, -0.9)_1.012537_System.String[];HandRight_(0.3, -0.5, -0.2)_(0.4, -0.3, 0.0, 0.9)_0.9825718_System.String[];4.9915;-0.0911;-0.3425;69.8311;-78.2947;1.1696;1.0679;-76.5143;73.6682;2.1642;357.6217;253.0363;106.0198;358.5403;1.0063
0.0430;0.4403;False;False;69.5257;-78.5885;-0.0028;-0.0113;-76.2229;73.3961;0.1340;359.8967;257.2958;123.5151;359.7601;359.7719;2.7187;-0.0484;0.0023;-1.2086;-1.3905;-4.9053;170527;71.24464;Infinity;2369.97;69.5968;-77.9781;1.1474;1.4664;-76.4569;73.8381;355.1748;352.4671;304.8583;130.0330;354.3830;358.9477;LeftFalse_RightFalse;LeftFalse_RightFalse;HandLeft_(-0.4, -0.4, -0.1)_(0.0, 0.7, -0.7, 0.0)_1.012537_System.String[];HandLeft_(0.2, -0.7, 0.0)_(0.5, 0.3, -0.5, 0.7)_0.9825718_System.String[];HandRight_(-0.3, -0.3, -0.3)_(0.2, 0.2, 0.3, -0.9)_1.012537_System.String[];HandRight_(0.3, -0.5, -0.2)_(0.4, -0.3, 0.0, 0.9)_0.9825718_System.String[];5.0337;-0.0853;-0.3425;69.6221;-78.1834;1.1686;1.0679;-76.5644;73.6134;2.2264;357.5357;252.7237;105.4174;358.5128;0.8577
0.0711;0.4572;False;False;69.3228;-78.4743;-0.0044;-0.0112;-76.2733;73.3387;0.2029;359.8939;256.9881;122.7947;359.7988;359.7675;2.7590;-0.0314;0.0024;-1.2244;-1.3701;-4.8631;170530;71.61887;Infinity;2370.02;69.3928;-77.8695;1.1453;1.4666;-76.5085;73.7883;355.1917;352.4647;304.5369;129.3131;354.4751;358.9431;LeftFalse_RightFalse;LeftFalse_RightFalse;HandLeft_(-0.4, -0.4, -0.1)_(0.0, 0.7, -0.8, 0.0)_1.012537_System.String[];HandLeft_(0.2, -0.7, 0.0)_(0.5, 0.3, -0.5, 0.7)_0.9825718_System.String[];HandRight_(-0.3, -0.3, -0.3)_(0.2, 0.2, 0.3, -0.9)_1.012537_System.String[];HandRight_(0.3, -0.5, -0.2)_(0.4, -0.3, 0.0, 0.9)_0.9825718_System.String[];5.0754;-0.0793;-0.3425;69.4187;-78.0723;1.1664;1.0680;-76.6159;73.5605;2.3047;357.4268;252.4301;104.8009;358.5719;0.7703
0.1040;0.4750;False;False;69.1198;-78.3573;-0.0054;-0.0111;-76.3248;73.2818;0.2472;359.8913;256.6949;122.0612;359.8212;359.7629;2.8009;-0.0219;0.0024;-1.2349;-1.3493;-4.8263;170533;71.54451;Infinity;2370.06;69.1903;-77.7591;1.1440;1.4668;-76.5604;73.7393;355.2076;352.4624;304.2341;128.5846;354.5304;358.9382;LeftFalse_RightFalse;LeftFalse_RightFalse;HandLeft_(-0.4, -0.4, -0.1)_(0.0, 0.6, -0.8, -0.1)_1.012537_System.String[];HandLeft_(0.2, -0.7, 0.0)_(0.5, 0.3, -0.5, 0.7)_0.9825718_System.String[];HandRight_(-0.3, -0.3, -0.3)_(0.2, 0.2, 0.3, -0.9)_1.012537_System.String[];HandRight_(0.3, -0.5, -0.2)_(0.4, -0.3, 0.0, 0.9)_0.9825718_System.String[];5.1174;-0.0733;-0.3425;69.2170;-77.9591;1.1650;1.0681;-76.6679;73.5086;2.3295;357.3361;252.1340;104.1529;358.6167;0.7106
0.1329;0.4920;False;False;68.9179;-78.2382;-0.0061;-0.0110;-76.3768;73.2257;0.2728;359.8889;256.4194;121.3184;359.8376;359.7584;2.8447;-0.0134;0.0023;-1.2432;-1.3282;-4.7947;170536;71.45144;Infinity;2370.10;68.9889;-77.6466;1.1431;1.4670;-76.6127;73.6910;355.2153;352.4606;303.9499;127.8457;354.5651;358.9335;LeftFalse_RightFalse;LeftFalse_RightFalse;HandLeft_(-0.4, -0.4, -0.1)_(0.1, 0.6, -0.8, -0.1)_1.012537_System.String[];HandLeft_(0.2, -0.7, 0.0)_(0.5, 0.3, -0.5, 0.7)_0.9825718_System.String[];HandRight_(-0.3, -0.3, -0.3)_(0.3, 0.3, 0.3, -0.9)_1.012537_System.String[];HandRight_(0.3, -0.5, -0.2)_(0.4, -0.3, 0.0, 0.9)_0.9825718_System.String[];5.1594;-0.0681;-0.3425;69.0163;-77.8441;1.1641;1.0682;-76.7202;73.4574;2.3675;357.2842;251.8231;103.4943;358.6603;0.6224
0.1572;0.5040;False;False;68.7155;-78.1161;-0.0065;-0.0109;-76.4297;73.1701;0.2861;359.8866;256.1606;120.5602;359.8507;359.7536;2.9134;-0.0058;0.0023;-1.2562;-1.2957;-4.7544;170539;71.14964;Infinity;2370.14;68.7869;-77.5311;1.1425;1.4671;-76.6658;73.6433;355.2163;352.4588;303.6830;127.0909;354.5872;358.9285;LeftFalse_RightFalse;LeftFalse_RightFalse;HandLeft_(-0.4, -0.4, -0.1)_(0.1, 0.6, -0.8, -0.1)_1.012537_System.String[];HandLeft_(0.2, -0.8, 0.0)_(0.5, 0.3, -0.5, 0.7)_0.9825718_System.String[];HandRight_(-0.3, -0.3, -0.3)_(0.3, 0.3, 0.3, -0.9)_1.012537_System.String[];HandRight_(0.3, -0.5, -0.2)_(0.4, -0.3, 0.0, 0.9)_0.9825718_System.String[];5.2019;-0.0644;-0.3425;68.8153;-77.7260;1.1635;1.0683;-76.7734;73.4070;2.3447;357.2400;251.5315;102.8208;358.6588;0.5407
0.1763;0.5063;False;False;68.5165;-77.9933;-0.0067;-0.0108;-76.4824;73.1161;0.2915;359.8842;255.9209;119.8019;359.8612;359.7490;2.9602;-0.0029;0.0026;-1.2659;-1.2728;-4.7311;170542;71.39339;Infinity;2370.18;68.5879;-77.4148;1.1422;1.4673;-76.7188;73.5970;355.2132;352.4570;303.4362;126.3338;354.6005;358.9235;LeftFalse_RightFalse;LeftFalse_RightFalse;HandLeft_(-0.4, -0.4, -0.1)_(0.1, 0.6, -0.8, -0.1)_1.012537_System.String[];HandLeft_(0.2, -0.8, 0.0)_(0.4, 0.3, -0.5, 0.7)_0.9825718_System.String[];HandRight_(-0.3, -0.3, -0.3)_(0.3, 0.2, 0.4, -0.8)_1.012537_System.String[];HandRight_(0.3, -0.5, -0.2)_(0.4, -0.3, 0.0, 0.9)_0.9825718_System.String[];5.2439;-0.0630;-0.3425;68.6171;-77.6072;1.1636;1.0687;-76.8265;73.3577;2.2737;357.1817;251.2508;102.1356;358.6729;0.4842
0.1942;0.5019;False;False;68.3197;-77.8692;-0.0068;-0.0106;-76.5353;73.0634;0.2921;359.8818;255.6948;119.0396;359.8695;359.7449;3.0066;-0.0013;0.0029;-1.2772;-1.2487;-4.7099;170545;71.68636;Infinity;2370.23;68.3918;-77.2978;1.1421;1.4675;-76.7716;73.5521;355.2079;352.4550;303.2059;125.5752;354.6081;358.9189;LeftFalse_RightFalse;LeftFalse_RightFalse;HandLeft_(-0.4, -0.4, -0.1)_(0.1, 0.6, -0.8, -0.1)_1.012537_System.String[];HandLeft_(0.2, -0.8, 0.0)_(0.5, 0.3, -0.5, 0.7)_0.9825718_System.String[];HandRight_(-0.3, -0.3, -0.3)_(0.3, 0.2, 0.4, -0.8)_1.012537_System.String[];HandRight_(0.3, -0.5, -0.2)_(0.4, -0.3, 0.0, 0.9)_0.9825718_System.String[];5.2854;-0.0630;-0.3425;68.4216;-77.4873;1.1636;1.0691;-76.8793;73.3100;2.1587;357.1226;250.9584;101.4249;358.6594;0.4226
0.2131;0.4941;False;False;68.1231;-77.7428;-0.0068;-0.0105;-76.5889;73.0117;0.2901;359.8800;255.4756;118.2668;359.8757;359.7419;3.0522;-0.0004;0.0027;-1.2902;-1.2230;-4.6908;170548;71.74386;Infinity;2370.27;68.1960;-77.1784;1.1420;1.4676;-76.8251;73.5081;355.2019;352.4533;302.9842;124.8055;354.6118;358.9153;LeftFalse_RightFalse;LeftFalse_RightFalse;HandLeft_(-0.4, -0.4, -0.1)_(0.1, 0.6, -0.8, 0.0)_1.012537_System.String[];HandLeft_(0.2, -0.7, 0.0)_(0.5, 0.3, -0.5, 0.7)_0.9825718_System.String[];HandRight_(-0.3, -0.3, -0.3)_(0.3, 0.2, 0.4, -0.8)_1.012537_System.String[];HandRight_(0.3, -0.5, -0.2)_(0.4, -0.3, 0.0, 0.9)_0.9825718_System.String[];5.3274;-0.0648;-0.3425;68.2263;-77.3650;1.1637;1.0694;-76.9327;73.2633;2.0819;357.0564;250.5865;100.6887;358.6567;0.3296
0.2314;0.4883;False;False;67.9260;-77.6135;-0.0068;-0.0104;-76.6434;72.9608;0.2868;359.8788;255.2579;117.4812;359.8802;359.7392;3.0967;-0.0001;0.0027;-1.3052;-1.1957;-4.6733;170551;71.53072;Infinity;2370.31;67.9996;-77.0565;1.1419;1.4678;-76.8795;73.4650;355.1962;352.4523;302.7659;124.0227;354.6130;358.9124;LeftFalse_RightFalse;LeftFalse_RightFalse;HandLeft_(-0.4, -0.4, -0.1)_(0.1, 0.6, -0.8, 0.0)_1.012537_System.String[];HandLeft_(0.2, -0.8, 0.0)_(0.5, 0.3, -0.5, 0.7)_0.9825718_System.String[];HandRight_(-0.3, -0.3, -0.3)_(0.3, 0.2, 0.4, -0.8)_1.012537_System.String[];HandRight_(0.3, -0.5, -0.2)_(0.4, -0.3, 0.0, 0.9)_0.9825718_System.String[];5.3694;-0.0683;-0.3425;68.0305;-77.2398;1.1637;1.0696;-76.9871;73.2175;2.0299;356.9796;250.0156;99.9243;358.6823;0.2499
0.2476;0.4913;False;False;67.7306;-77.4829;-0.0068;-0.0103;-76.6984;72.9113;0.2816;359.8782;255.0395;116.6923;359.8856;359.7365;3.1406;-0.0033;0.0025;-1.3238;-1.1669;-4.6575;170554;71.60295;Infinity;2370.35;67.8051;-76.9334;1.1419;1.4679;-76.9342;73.4233;355.1914;352.4518;302.5486;123.2366;354.6124;358.9097;LeftFalse_RightFalse;LeftFalse_RightFalse;HandLeft_(-0.4, -0.4, -0.1)_(0.1, 0.6, -0.8, 0.0)_1.012537_System.String[];HandLeft_(0.2, -0.8, 0.0)_(0.5, 0.3, -0.5, 0.7)_0.9825718_System.String[];HandRight_(-0.3, -0.3, -0.3)_(0.3, 0.2, 0.4, -0.8)_1.012537_System.String[];HandRight_(0.3, -0.5, -0.2)_(0.4, -0.3, 0.0, 0.9)_0.9825718_System.String[];5.4111;-0.0724;-0.3425;67.8366;-77.1134;1.1638;1.0698;-77.0425;73.1731;2.0472;356.9618;249.2256;99.1636;358.7380;0.1717
0.2616;0.5024;False;False;67.5367;-77.3510;-0.0070;-0.0102;-76.7540;72.8634;0.2711;359.8777;254.8179;115.8993;359.8994;359.7332;3.1849;-0.0050;0.0024;-1.3451;-1.1369;-4.6431;170557;71.78084;Infinity;2370.39;67.6122;-76.8090;1.1417;1.4681;-76.9897;73.3829;355.1757;352.4516;302.3286;122.4466;354.6141;358.9066;LeftFalse_RightFalse;LeftFalse_RightFalse;HandLeft_(-0.4, -0.4, -0.1)_(0.1, 0.6, -0.8, 0.0)_1.012537_System.String[];HandLeft_(0.2, -0.8, 0.0)_(0.5, 0.3, -0.5, 0.7)_0.9825718_System.String[];HandRight_(-0.3, -0.3, -0.3)_(0.3, 0.2, 0.4, -0.9)_1.012537_System.String[];HandRight_(0.3, -0.5, -0.2)_(0.4, -0.3, 0.0, 0.9)_0.9825718_System.String[];5.4529;-0.0767;-0.3425;67.6446;-76.9859;1.1636;1.0700;-77.0994;73.1300;2.0513;357.0022;248.1220;98.4318;358.9352;0.0936
0.2735;0.5200;False;False;67.3432;-77.2170;-0.0073;-0.0101;-76.8106;72.8168;0.2590;359.8771;254.5884;115.0977;359.9138;359.7295;3.2300;-0.0062;0.0023;-1.3670;-1.1057;-4.6302;170560;71.85133;Infinity;2370.43;67.4198;-76.6828;1.1415;1.4682;-77.0461;73.3439;355.1573;352.4514;302.1017;121.6481;354.6151;358.9029;LeftFalse_RightFalse;LeftFalse_RightFalse;HandLeft_(-0.4, -0.4, -0.1)_(0.1, 0.6, -0.8, 0.0)_1.012537_System.String[];HandLeft_(0.2, -0.8, 0.0)_(0.5, 0.3, -0.5, 0.7)_0.9825718_System.String[];HandRight_(-0.3, -0.3, -0.3)_(0.3, 0.2, 0.4, -0.9)_1.012537_System.String[];HandRight_(0.3, -0.5, -0.2)_(0.4, -0.3, 0.0, 0.9)_0.9825718_System.String[];5.4946;-0.0811;-0.3425;67.4533;-76.8563;1.1633;1.0701;-77.1577;73.0883;2.0371;357.0538;246.7278;97.7029;359.2435;0.0506
0.2826;0.5452;False;False;67.1503;-77.0811;-0.0079;-0.0100;-76.8682;72.7715;0.2333;359.8763;254.3478;114.2880;359.8990;359.7253;3.2770;-0.0279;0.0023;-1.3878;-1.0736;-4.6201;170563;71.89597;Infinity;2370.48;67.2282;-76.5550;1.1411;1.4684;-77.1034;73.3062;355.1396;352.4512;301.8660;120.8420;354.6120;358.8987;LeftFalse_RightFalse;LeftFalse_RightFalse;HandLeft_(-0.4, -0.4, -0.1)_(0.0, 0.7, -0.8, 0.0)_1.012537_System.String[];HandLeft_(0.2, -0.8, 0.0)_(0.5, 0.3, -0.5, 0.7)_0.9825718_System.String[];HandRight_(-0.3, -0.3, -0.3)_(0.3, 0.3, 0.3, -0.9)_1.012537_System.String[];HandRight_(0.3, -0.5, -0.2)_(0.4, -0.3, 0.0, 0.9)_0.9825718_System.String[];5.5364;-0.0860;-0.3425;67.2629;-76.7249;1.1629;1.0703;-77.2169;73.0480;1.9752;357.0683;245.2224;96.9551;359.5102;0.0474
0.2909;0.5740;False;False;66.9572;-76.9429;-0.0095;-0.0099;-76.9274;72.7276;0.1729;359.8749;254.0894;113.4671;359.8151;359.7202;3.3266;-0.0425;0.0024;-1.4081;-1.0407;-4.6136;170566;71.86794;Infinity;2370.52;67.0369;-76.4250;1.1401;1.4685;-77.1603;73.2699;355.1576;352.4506;301.6212;120.0252;354.5220;358.8939;LeftFalse_RightFalse;LeftFalse_RightFalse;HandLeft_(-0.4, -0.4, -0.1)_(0.0, 0.7, -0.8, 0.0)_1.012537_System.String[];HandLeft_(0.2, -0.8, 0.0)_(0.5, 0.3, -0.5, 0.7)_0.9825718_System.String[];HandRight_(-0.3, -0.3, -0.3)_(0.2, 0.2, 0.4, -0.9)_1.012537_System.String[];HandRight_(0.3, -0.5, -0.2)_(0.4, -0.3, 0.0, 0.9)_0.9825718_System.String[];5.5781;-0.0911;-0.3425;67.0727;-76.5912;1.1621;1.0704;-77.2755;73.0093;1.8673;357.0717;243.7820;96.1675;359.6253;0.0589
0.2978;0.5987;False;False;66.7651;-76.8027;-0.0107;-0.0098;-76.9871;72.6853;0.1281;359.8728;253.8184;112.6375;359.7780;359.7144;3.3794;-0.0282;0.0024;-1.4346;-1.0070;-4.6032;170569;71.92639;Infinity;2370.56;66.8464;-76.2932;1.1389;1.4687;-77.2184;73.2350;355.1646;352.4493;301.3607;119.1997;354.4427;358.8881;LeftFalse_RightFalse;LeftFalse_RightFalse;HandLeft_(-0.4, -0.4, -0.1)_(0.0, 0.7, -0.7, 0.0)_1.012537_System.String[];HandLeft_(0.2, -0.8, 0.0)_(0.5, 0.3, -0.5, 0.6)_0.9825718_System.String[];HandRight_(-0.3, -0.3, -0.3)_(0.2, 0.2, 0.4, -0.9)_1.012537_System.String[];HandRight_(0.3, -0.5, -0.2)_(0.4, -0.3, 0.0, 0.9)_0.9825718_System.String[];5.6199;-0.0962;-0.3425;66.8834;-76.4557;1.1610;1.0706;-77.3350;72.9720;1.8494;357.0748;242.5938;95.3424;359.7458;0.0501
0.3031;0.6069;False;False;66.5723;-76.6595;-0.0126;-0.0097;-77.0479;72.6443;0.0626;359.8701;253.5298;111.7929;359.8311;359.7080;3.4623;-0.0310;0.0026;-1.4797;-0.9545;-4.5876;170572;71.84843;Infinity;2370.60;66.6561;-76.1589;1.1371;1.4689;-77.2791;73.2015;355.0951;352.4474;301.0797;118.3596;354.4218;358.8816;LeftFalse_RightFalse;LeftFalse_RightFalse;HandLeft_(-0.4, -0.4, -0.1)_(0.0, 0.7, -0.7, 0.0)_1.012537_System.String[];HandLeft_(0.2, -0.8, 0.0)_(0.5, 0.3, -0.5, 0.7)_0.9825718_System.String[];HandRight_(-0.3, -0.3, -0.3)_(0.2, 0.2, 0.4, -0.9)_1.012537_System.String[];HandRight_(0.3, -0.5, -0.2)_(0.4, -0.3, 0.0, 0.9)_0.9825718_System.String[];5.6616;-0.1026;-0.3425;66.6942;-76.3175;1.1591;1.0707;-77.3970;72.9361;1.8471;357.0836;241.5477;94.5004;0.0091;0.0425
0.3070;0.5991;False;False;66.3811;-76.5145;-0.0138;-0.0096;-77.1099;72.6050;0.0263;359.8672;253.2251;110.9402;359.8423;359.7010;3.5173;-0.0216;0.0027;-1.5099;-0.9175;-4.5766;170575;71.92352;Infinity;2370.64;66.4670;-76.0230;1.1357;1.4691;-77.3406;73.1697;355.0554;352.4453;300.7828;117.5119;354.4004;358.8745;LeftFalse_RightFalse;LeftFalse_RightFalse;HandLeft_(-0.4, -0.4, -0.1)_(0.0, 0.7, -0.7, 0.0)_1.012537_System.String[];HandLeft_(0.2, -0.8, 0.0)_(0.5, 0.3, -0.5, 0.7)_0.9825718_System.String[];HandRight_(-0.3, -0.3, -0.3)_(0.2, 0.2, 0.4, -0.9)_1.012537_System.String[];HandRight_(0.3, -0.5, -0.2)_(0.4, -0.3, 0.0, 0.9)_0.9825718_System.String[];5.7034;-0.1091;-0.3425;66.5063;-76.1777;1.1577;1.0709;-77.4597;72.9020;1.8635;357.0641;240.5976;93.6539;0.2894;0.0804
0.3098;0.5852;False;False;66.1884;-76.3656;-0.0146;-0.0095;-77.1740;72.5670;0.0054;359.8645;252.8974;110.0675;359.8447;359.6937;3.5705;-0.0151;0.0028;-1.5421;-0.8785;-4.5649;170578;71.644;Infinity;2370.69;66.2761;-75.8835;1.1348;1.4693;-77.4040;73.1391;355.0341;352.4433;300.4636;116.6442;354.3850;358.8668;LeftFalse_RightFalse;LeftFalse_RightFalse;HandLeft_(-0.4, -0.4, -0.1)_(0.0, 0.7, -0.7, 0.0)_1.012537_System.String[];HandLeft_(0.2, -0.8, 0.0)_(0.5, 0.3, -0.5, 0.7)_0.9825718_System.String[];HandRight_(-0.3, -0.3, -0.3)_(0.1, 0.2, 0.4, -0.9)_1.012537_System.String[];HandRight_(0.3, -0.5, -0.2)_(0.4, -0.3, 0.0, 0.9)_0.9825718_System.String[];5.7454;-0.1173;-0.3425;66.3168;-76.0341;1.1567;1.0711;-77.5241;72.8691;1.8913;357.0033;239.6892;92.7987;0.5298;0.1520
0.3119;0.5735;False;False;65.9961;-76.2142;-0.0151;-0.0094;-77.2397;72.5308;-0.0048;359.8625;252.5460;109.1836;359.8414;359.6866;3.6215;-0.0110;0.0027;-1.5766;-0.8373;-4.5524;170581;71.39912;Infinity;2370.73;66.0858;-75.7420;1.1342;1.4696;-77.4687;73.1102;355.0264;352.4418;300.1222;115.7666;354.3739;358.8593;LeftFalse_RightFalse;LeftFalse_RightFalse;HandLeft_(-0.4, -0.4, -0.1)_(0.0, 0.7, -0.7, 0.0)_1.012537_System.String[];HandLeft_(0.2, -0.8, 0.0)_(0.5, 0.3, -0.5, 0.7)_0.9825718_System.String[];HandRight_(-0.3, -0.3, -0.3)_(0.2, 0.2, 0.3, -0.9)_1.012537_System.String[];HandRight_(0.3, -0.5, -0.2)_(0.4, -0.3, 0.0, 0.9)_0.9825718_System.String[];5.7876;-0.1255;-0.3425;66.1276;-75.8883;1.1561;1.0712;-77.5897;72.8380;1.8910;356.9510;238.8404;91.9493;0.7053;0.1885
0.3130;0.5700;False;False;65.8056;-76.0615;-0.0155;-0.0093;-77.3064;72.4965;359.9929;359.8614;252.1728;108.2962;359.8362;359.6800;3.6709;-0.0082;0.0027;-1.6126;-0.7940;-4.5391;170584;71.52263;Infinity;2370.77;65.8962;-75.5986;1.1338;1.4698;-77.5348;73.0831;355.0267;352.4412;299.7567;114.8807;354.3673;358.8524;LeftFalse_RightFalse;LeftFalse_RightFalse;HandLeft_(-0.4, -0.4, -0.1)_(0.0, 0.7, -0.7, 0.1)_1.012537_System.String[];HandLeft_(0.2, -0.8, 0.0)_(0.5, 0.3, -0.5, 0.6)_0.9825718_System.String[];HandRight_(-0.3, -0.3, -0.3)_(0.1, 0.2, 0.3, -0.9)_1.012537_System.String[];HandRight_(0.3, -0.5, -0.2)_(0.4, -0.3, 0.0, 0.9)_0.9825718_System.String[];5.8296;-0.1334;-0.3425;65.9392;-75.7407;1.1557;1.0714;-77.6564;72.8087;1.8759;356.9359;238.1203;91.1184;0.8312;0.1758
0.3131;0.5766;False;False;65.6157;-75.9067;-0.0158;-0.0091;-77.3748;72.4643;-0.0046;359.8608;251.7743;107.3994;359.8293;359.6738;3.7196;-0.0065;0.0029;-1.6506;-0.7488;-4.5247;170587;71.541;Infinity;2370.81;65.7081;-75.4538;1.1335;1.4700;-77.6022;73.0580;355.0321;352.4412;299.3680;113.9897;354.3638;358.8460;LeftFalse_RightFalse;LeftFalse_RightFalse;HandLeft_(-0.4, -0.4, -0.1)_(-0.1, 0.7, -0.7, 0.1)_1.012537_System.String[];HandLeft_(0.2, -0.8, 0.0)_(0.5, 0.3, -0.5, 0.6)_0.9825718_System.String[];HandRight_(-0.3, -0.3, -0.3)_(0.1, 0.1, 0.3, -0.9)_1.012537_System.String[];HandRight_(0.3, -0.5, -0.2)_(0.4, -0.3, 0.0, 0.9)_0.9825718_System.String[];5.8713;-0.1410;-0.3421;65.7527;-75.5920;1.1553;1.0715;-77.7244;72.7816;1.8510;356.9133;237.3068;90.3213;0.9712;0.1412
0.3132;0.5913;False;False;65.4259;-75.7492;-0.0161;-0.0090;-77.4451;72.4339;0.0012;359.8604;251.3488;106.4915;359.8208;359.6680;3.7687;-0.0059;0.0029;-1.6906;-0.7024;-4.5090;170590;71.46851;Infinity;2370.85;65.5198;-75.3065;1.1332;1.4702;-77.6716;73.0347;355.0410;352.4414;298.9517;113.0856;354.3621;358.8401;LeftFalse_RightFalse;LeftFalse_RightFalse;HandLeft_(-0.4, -0.4, -0.1)_(-0.1, 0.7, -0.7, 0.1)_1.012537_System.String[];HandLeft_(0.2, -0.8, 0.0)_(0.5, 0.3, -0.5, 0.6)_0.9825718_System.String[];HandRight_(-0.3, -0.3, -0.3)_(0.1, 0.1, 0.3, -0.9)_1.012537_System.String[];HandRight_(0.3, -0.5, -0.2)_(0.4, -0.3, 0.0, 0.9)_0.9825718_System.String[];5.9133;-0.1489;-0.3395;65.5662;-75.4405;1.1550;1.0717;-77.7945;72.7563;1.8290;356.8375;236.3130;89.5288;1.1476;0.1259
0.3122;0.6098;False;False;65.2384;-75.5909;-0.0163;-0.0089;-77.5167;72.4058;0.0093;359.8606;250.9010;105.5841;359.8103;359.6627;3.8187;-0.0056;0.0031;-1.7314;-0.6557;-4.4926;170593;71.70987;Infinity;2370.90;65.3335;-75.1580;1.1330;1.4704;-77.7423;73.0136;355.0537;352.4420;298.5113;112.1792;354.3607;358.8344;LeftFalse_RightFalse;LeftFalse_RightFalse;HandLeft_(-0.4, -0.4, -0.1)_(-0.1, 0.7, -0.7, 0.1)_1.012537_System.String[];HandLeft_(0.2, -0.8, 0.0)_(0.5, 0.3, -0.5, 0.6)_0.9825718_System.String[];HandRight_(-0.3, -0.2, -0.3)_(0.0, 0.2, 0.3, -0.9)_1.012537_System.String[];HandRight_(0.3, -0.5, -0.2)_(0.4, -0.3, 0.0, 0.9)_0.9825718_System.String[];5.9551;-0.1572;-0.3347;65.3815;-75.2878;1.1548;1.0718;-77.8658;72.7332;1.7861;356.7086;235.3512;88.7795;1.3116;0.1035
0.3115;0.6288;False;False;65.0519;-75.4305;-0.0165;-0.0088;-77.5900;72.3798;0.0169;359.8606;250.4281;104.6737;359.7982;359.6591;3.8703;-0.0034;0.0029;-1.7748;-0.6101;-4.4741;170596;71.86254;Infinity;2370.94;65.1483;-75.0079;1.1328;1.4705;-77.8146;72.9944;355.0678;352.4426;298.0468;111.2695;354.3595;358.8302;LeftFalse_RightFalse;LeftFalse_RightFalse;HandLeft_(-0.3, -0.4, -0.1)_(-0.1, 0.8, -0.6, 0.1)_1.012537_System.String[];HandLeft_(0.2, -0.8, 0.0)_(0.4, 0.3, -0.5, 0.7)_0.9825718_System.String[];HandRight_(-0.3, -0.2, -0.3)_(0.0, 0.2, 0.2, -1.0)_1.012537_System.String[];HandRight_(0.3, -0.5, -0.2)_(0.4, -0.3, 0.0, 0.9)_0.9825718_System.String[];5.9968;-0.1659;-0.3267;65.1978;-75.1333;1.1546;1.0723;-77.9382;72.7120;1.7647;356.5294;234.6754;88.0743;1.4437;0.0962
0.3109;0.6462;False;False;64.8652;-75.2671;-0.0166;-0.0087;-77.6656;72.3555;0.0205;359.8600;249.9251;103.7607;359.7849;359.6571;3.9237;-0.0019;0.0027;-1.8205;-0.5668;-4.4535;170599;71.75143;Infinity;2370.98;64.9640;-74.8555;1.1328;1.4707;-77.8888;72.9770;355.0806;352.4425;297.5550;110.3587;354.3539;358.8277;LeftFalse_RightFalse;LeftFalse_RightFalse;HandLeft_(-0.3, -0.4, -0.1)_(-0.1, 0.8, -0.6, 0.1)_1.012537_System.String[];HandLeft_(0.2, -0.8, 0.0)_(0.5, 0.3, -0.5, 0.7)_0.9825718_System.String[];HandRight_(-0.4, -0.2, -0.3)_(0.0, 0.2, 0.2, -1.0)_1.012537_System.String[];HandRight_(0.3, -0.5, -0.2)_(0.4, -0.3, 0.0, 0.9)_0.9825718_System.String[];6.0386;-0.1747;-0.3163;65.0148;-74.9765;1.1546;1.0727;-78.0124;72.6928;1.7410;356.3676;234.4296;87.4036;1.4732;0.1309
0.3106;0.6609;False;False;64.6805;-75.1020;-0.0167;-0.0085;-77.7429;72.3331;0.0218;359.8585;249.3964;102.8606;359.7715;359.6567;3.9786;-0.0010;0.0026;-1.8681;-0.5260;-4.4313;170602;71.88577;Infinity;2371.02;64.7805;-74.7005;1.1328;1.4708;-77.9651;72.9613;355.0919;352.4414;297.0343;109.4524;354.3462;358.8266;LeftFalse_RightFalse;LeftFalse_RightFalse;HandLeft_(-0.3, -0.4, -0.1)_(-0.2, 0.8, -0.6, 0.1)_1.012537_System.String[];HandLeft_(0.2, -0.8, 0.0)_(0.5, 0.3, -0.6, 0.6)_0.9825718_System.String[];HandRight_(-0.3, -0.2, -0.2)_(0.0, 0.1, 0.2, -1.0)_1.012537_System.String[];HandRight_(0.3, -0.5, -0.2)_(0.3, -0.3, 0.0, 0.9)_0.9825718_System.String[];6.0803;-0.1819;-0.3047;64.8321;-74.8173;1.1546;1.0729;-78.0882;72.6753;1.6834;356.2599;234.3463;86.7340;1.4720;0.2211
0.3117;0.6724;False;False;64.4937;-74.9317;-0.0167;-0.0084;-77.8237;72.3121;0.0215;359.8564;248.8311;101.9601;359.7580;359.6583;4.0631;-0.0010;0.0024;-1.9400;-0.4671;-4.3967;170605;71.40562;Infinity;2371.06;64.5965;-74.5417;1.1328;1.4709;-78.0442;72.9470;355.1020;352.4394;296.4813;108.5508;354.3371;358.8274;LeftFalse_RightFalse;LeftFalse_RightFalse;HandLeft_(-0.3, -0.4, -0.1)_(-0.2, 0.8, -0.6, 0.2)_1.012537_System.String[];HandLeft_(0.2, -0.8, 0.0)_(0.5, 0.3, -0.6, 0.6)_0.9825718_System.String[];HandRight_(-0.4, -0.2, -0.2)_(0.0, 0.1, 0.2, -1.0)_1.012537_System.String[];HandRight_(0.3, -0.5, -0.2)_(0.3, -0.4, 0.0, 0.9)_0.9825718_System.String[];6.1226;-0.1873;-0.2925;64.6491;-74.6544;1.1547;1.0731;-78.1667;72.6593;1.6153;356.2885;234.1041;86.0726;1.4707;0.3279
0.3133;0.6807;False;False;64.3080;-74.7591;-0.0167;-0.0083;-77.9065;72.2929;0.0190;359.8537;248.2438;101.0770;359.7439;359.6610;4.1201;-0.0017;0.0025;-1.9878;-0.4298;-4.3733;170608;71.22602;Infinity;2371.10;64.4120;-74.3789;1.1328;1.4710;-78.1260;72.9340;355.1111;352.4366;295.8993;107.6568;354.3263;358.8294;LeftFalse_RightFalse;LeftFalse_RightFalse;HandLeft_(-0.3, -0.4, -0.1)_(-0.2, 0.8, -0.5, 0.2)_1.012537_System.String[];HandLeft_(0.2, -0.8, 0.0)_(0.4, 0.3, -0.6, 0.6)_0.9825718_System.String[];HandRight_(-0.4, -0.2, -0.2)_(-0.1, 0.1, 0.2, -1.0)_1.012537_System.String[];HandRight_(0.3, -0.5, -0.2)_(0.3, -0.4, 0.0, 0.9)_0.9825718_System.String[];6.1648;-0.1910;-0.2791;64.4659;-74.4877;1.1548;1.0732;-78.2483;72.6448;1.4925;356.4254;233.4254;85.4290;1.5585;0.4520
0.3170;0.6868;False;False;64.1240;-74.5844;-0.0168;-0.0082;-77.9912;72.2753;0.0145;359.8506;247.6398;100.2184;359.7324;359.6650;4.1775;-0.0022;0.0025;-2.0355;-0.3941;-4.3500;170611;71.25604;Infinity;2371.15;64.2302;-74.2148;1.1328;1.4711;-78.2092;72.9226;355.1176;352.4333;295.3020;106.7900;354.3151;358.8326;LeftFalse_RightFalse;LeftFalse_RightFalse;HandLeft_(-0.3, -0.4, -0.1)_(-0.2, 0.8, -0.5, 0.2)_1.012537_System.String[];HandLeft_(0.2, -0.8, 0.0)_(0.4, 0.4, -0.6, 0.5)_0.9825718_System.String[];HandRight_(-0.4, -0.2, -0.2)_(0.0, 0.1, 0.2, -1.0)_1.012537_System.String[];HandRight_(0.3, -0.5, -0.2)_(0.3, -0.4, -0.1, 0.9)_0.9825718_System.String[];6.2070;-0.1931;-0.2663;64.2860;-74.3198;1.1548;1.0733;-78.3320;72.6323;1.4097;356.5279;232.0816;84.7716;1.7262;0.6650
0.3219;0.6908;False;False;63.9416;-74.4077;-0.0169;-0.0081;-78.0777;72.2595;0.0088;359.8474;247.0242;99.3855;359.7227;359.6697;4.2347;-0.0027;0.0026;-2.0824;-0.3577;-4.3271;170614;71.28917;Infinity;2371.19;64.0509;-74.0492;1.1328;1.4711;-78.2939;72.9125;355.1216;352.4297;294.6940;105.9525;354.3042;358.8369;LeftFalse_RightFalse;LeftFalse_RightFalse;HandLeft_(-0.3, -0.4, -0.1)_(-0.2, 0.8, -0.5, 0.2)_1.012537_System.String[];HandLeft_(0.2, -0.8, 0.0)_(0.4, 0.5, -0.5, 0.5)_0.9825718_System.String[];HandRight_(-0.4, -0.2, -0.2)_(0.0, 0.1, 0.2, -1.0)_1.012537_System.String[];HandRight_(0.3, -0.5, -0.2)_(0.3, -0.5, -0.1, 0.8)_0.9825718_System.String[];6.2490;-0.1939;-0.2552;64.1089;-74.1506;1.1547;1.0733;-78.4175;72.6211;1.4069;356.5639;230.5107;84.0358;1.8181;0.9578
0.3323;0.6931;False;False;63.7606;-74.2290;-0.0171;-0.0080;-78.1660;72.2452;0.0023;359.8443;246.4008;98.5771;359.7149;359.6746;4.2916;-0.0031;0.0027;-2.1289;-0.3207;-4.3048;170617;71.43875;Infinity;2371.23;63.8717;-73.8801;1.1327;1.4712;-78.3811;72.9037;355.1236;352.4260;294.0721;105.1332;354.2938;358.8415;LeftFalse_RightFalse;LeftFalse_RightFalse;HandLeft_(-0.3, -0.4, -0.1)_(-0.2, 0.8, -0.5, 0.2)_1.012537_System.String[];HandLeft_(0.2, -0.8, -0.1)_(0.4, 0.5, -0.5, 0.5)_0.9825718_System.String[];HandRight_(-0.4, -0.2, -0.2)_(0.0, 0.1, 0.2, -1.0)_1.012537_System.String[];HandRight_(0.3, -0.5, -0.2)_(0.2, -0.5, -0.1, 0.8)_0.9825718_System.String[];6.2910;-0.1939;-0.2475;63.9320;-73.9780;1.1546;1.0733;-78.5053;72.6112;1.4407;356.6279;229.0217;83.1599;1.8014;1.2021
0.3468;0.6959;False;False;63.5817;-74.0489;-0.0172;-0.0079;-78.2558;72.2327;-0.0048;359.8416;245.7760;97.7939;359.7086;359.6784;4.3480;-0.0034;0.0029;-2.1755;-0.2818;-4.2838;170620;71.71231;Infinity;2371.27;63.6951;-73.7099;1.1326;1.4713;-78.4695;72.8963;355.1239;352.4227;293.4492;104.3428;354.2841;358.8454;LeftFalse_RightFalse;LeftFalse_RightFalse;HandLeft_(-0.3, -0.4, -0.1)_(-0.2, 0.8, -0.5, 0.2)_1.012537_System.String[];HandLeft_(0.2, -0.8, -0.1)_(0.5, 0.5, -0.5, 0.4)_0.9825718_System.String[];HandRight_(-0.4, -0.2, -0.2)_(0.0, 0.1, 0.2, -1.0)_1.012537_System.String[];HandRight_(0.3, -0.5, -0.2)_(0.3, -0.5, -0.2, 0.8)_0.9825718_System.String[];6.3328;-0.1939;-0.2409;63.7578;-73.8045;1.1545;1.0733;-78.5942;72.6027;1.5181;356.7277;227.6867;82.1819;1.6841;1.4016
0.3673;0.7008;False;False;63.4012;-73.8639;-0.0173;-0.0078;-78.3489;72.2218;359.9874;359.8395;245.1385;97.0158;359.7036;359.6813;4.4039;-0.0036;0.0028;-2.2227;-0.2404;-4.2639;170623;71.43385;Infinity;2371.31;63.5170;-73.5347;1.1325;1.4714;-78.5612;72.8903;355.1227;352.4200;292.8135;103.5595;354.2748;358.8484;LeftFalse_RightFalse;LeftFalse_RightFalse;HandLeft_(-0.3, -0.4, -0.1)_(-0.2, 0.8, -0.5, 0.2)_1.012537_System.String[];HandLeft_(0.2, -0.8, -0.1)_(0.5, 0.6, -0.5, 0.4)_0.9825718_System.String[];HandRight_(-0.4, -0.2, -0.2)_(0.0, 0.1, 0.2, -1.0)_1.012537_System.String[];HandRight_(0.3, -0.5, -0.2)_(0.2, -0.5, -0.2, 0.8)_0.9825718_System.String[];6.3750;-0.1939;-0.2337;63.5820;-73.6258;1.1541;1.0733;-78.6863;72.5960;1.6599;356.7963;226.4439;81.2854;1.5199;1.4954
0.3891;0.7078;False;False;63.2240;-73.6789;-0.0175;-0.0077;-78.4429;72.2128;359.9788;359.8378;244.5069;96.2622;359.7003;359.6840;4.4597;-0.0042;0.0030;-2.2710;-0.1990;-4.2458;170626;71.7051;Infinity;2371.36;63.3424;-73.3594;1.1323;1.4715;-78.6537;72.8859;355.1200;352.4180;292.1836;102.8012;354.2661;358.8508;LeftFalse_RightFalse;LeftFalse_RightFalse;HandLeft_(-0.3, -0.4, -0.1)_(-0.2, 0.8, -0.5, 0.2)_1.012537_System.String[];HandLeft_(0.2, -0.8, -0.1)_(0.5, 0.6, -0.5, 0.4)_0.9825718_System.String[];HandRight_(-0.4, -0.2, -0.2)_(0.0, 0.1, 0.2, -1.0)_1.012537_System.String[];HandRight_(0.3, -0.5, -0.2)_(0.2, -0.5, -0.2, 0.8)_0.9825718_System.String[];6.4167;-0.1937;-0.2239;63.4093;-73.4469;1.1536;1.0734;-78.7788;72.5908;1.8242;356.8244;225.3622;80.5675;1.4393;1.5695
0.4124;0.7165;False;False;63.0470;-73.4910;-0.0177;-0.0075;-78.5391;72.2056;359.9691;359.8365;243.8713;95.5235;359.6985;359.6870;4.5160;-0.0046;0.0028;-2.3206;-0.1596;-4.2298;170629;71.76242;Infinity;2371.40;63.1679;-73.1809;1.1322;1.4716;-78.7485;72.8832;355.1153;352.4161;291.5490;102.0557;354.2576;358.8536;LeftFalse_RightFalse;LeftFalse_RightFalse;HandLeft_(-0.3, -0.4, -0.1)_(-0.2, 0.8, -0.5, 0.2)_1.012537_System.String[];HandLeft_(0.2, -0.8, -0.1)_(0.5, 0.6, -0.4, 0.4)_0.9825718_System.String[];HandRight_(-0.4, -0.2, -0.2)_(0.0, 0.1, 0.2, -1.0)_1.012537_System.String[];HandRight_(0.4, -0.5, -0.2)_(0.2, -0.5, -0.2, 0.8)_0.9825718_System.String[];6.4585;-0.1925;-0.2105;63.2364;-73.2651;1.1533;1.0735;-78.8736;72.5872;1.9326;356.7934;224.4394;80.0085;1.4212;1.7199
0.4341;0.7242;False;False;62.8711;-73.3012;-0.0179;-0.0074;-78.6374;72.2000;359.9579;359.8357;243.2361;94.8102;359.6963;359.6922;4.5730;-0.0054;0.0029;-2.3709;-0.1239;-4.2164;170632;71.875;Infinity;2371.44;62.9948;-73.0006;1.1320;1.4717;-78.8451;72.8818;355.1096;352.4148;290.9154;101.3342;354.2484;358.8577;LeftFalse_RightFalse;LeftFalse_RightFalse;HandLeft_(-0.3, -0.4, -0.1)_(-0.2, 0.8, -0.6, 0.2)_1.012537_System.String[];HandLeft_(0.2, -0.8, -0.1)_(0.5, 0.6, -0.4, 0.5)_0.9825718_System.String[];HandRight_(-0.4, -0.2, -0.2)_(0.0, 0.1, 0.2, -1.0)_1.012537_System.String[];HandRight_(0.4, -0.6, -0.2)_(0.2, -0.5, -0.2, 0.8)_0.9825718_System.String[];6.5000;-0.1906;-0.1952;63.0646;-73.0814;1.1530;1.0738;-78.9698;72.5849;2.0239;356.6748;224.0083;79.5529;1.3738;1.9932
0.4519;0.7301;False;False;62.6956;-73.1087;-0.0181;-0.0073;-78.7379;72.1958;359.9456;359.8348;242.6012;94.1277;359.6944;359.7000;4.6596;-0.0060;0.0026;-2.4474;-0.0756;-4.2005;170635;71.91483;Infinity;2371.48;62.8220;-72.8172;1.1318;1.4717;-78.9440;72.8817;355.1030;352.4132;290.2810;100.6399;354.2382;358.8647;LeftFalse_RightFalse;LeftFalse_RightFalse;HandLeft_(-0.3, -0.4, -0.1)_(-0.2, 0.8, -0.6, 0.2)_1.012537_System.String[];HandLeft_(0.2, -0.8, -0.1)_(0.5, 0.6, -0.4, 0.5)_0.9825718_System.String[];HandRight_(-0.4, -0.2, -0.2)_(0.0, 0.1, 0.2, -1.0)_1.012537_System.String[];HandRight_(0.4, -0.6, -0.2)_(0.2, -0.6, -0.3, 0.8)_0.9825718_System.String[];6.5417;-0.1879;-0.1793;62.8912;-72.8948;1.1529;1.0741;-79.0667;72.5840;2.0705;356.5312;224.5213;79.0728;1.2942;2.3296
0.4657;0.7337;False;False;62.5207;-72.9138;-0.0184;-0.0072;-78.8405;72.1930;359.9340;359.8336;241.9688;93.4785;359.6961;359.7089;4.7176;-0.0042;0.0025;-2.4990;-0.0461;-4.1916;170638;71.95503;Infinity;2371.52;62.6498;-72.6311;1.1316;1.4717;-79.0451;72.8827;355.0950;352.4111;289.6484;99.9780;354.2288;358.8730;LeftFalse_RightFalse;LeftFalse_RightFalse;HandLeft_(-0.3, -0.4, -0.1)_(-0.2, 0.8, -0.6, 0.2)_1.012537_System.String[];HandLeft_(0.2, -0.8, -0.1)_(0.5, 0.6, -0.5, 0.5)_0.9825718_System.String[];HandRight_(-0.4, -0.2, -0.2)_(0.0, 0.1, 0.2, -1.0)_1.012537_System.String[];HandRight_(0.4, -0.6, -0.2)_(0.1, -0.6, -0.3, 0.7)_0.9825718_System.String[];6.5835;-0.1851;-0.1648;62.7178;-72.7054;1.1526;1.0744;-79.1654;72.5841;2.1316;356.4576;225.4706;78.5104;1.2378;2.6569
0.4768;0.7345;False;False;62.3453;-72.7154;-0.0185;-0.0071;-78.9459;72.1914;359.9260;359.8322;241.3377;92.8625;359.6995;359.7192;4.7755;-0.0039;0.0024;-2.5505;-0.0182;-4.1839;170641;71.79717;Infinity;2371.57;62.4775;-72.4416;1.1314;1.4717;-79.1486;72.8847;355.0854;352.4087;289.0175;99.3497;354.2246;358.8828;LeftFalse_RightFalse;LeftFalse_RightFalse;HandLeft_(-0.3, -0.4, -0.1)_(-0.2, 0.8, -0.6, 0.2)_1.012537_System.String[];HandLeft_(0.2, -0.8, -0.1)_(0.5, 0.6, -0.5, 0.5)_0.9825718_System.String[];HandRight_(-0.4, -0.2, -0.2)_(0.0, 0.1, 0.2, -1.0)_1.012537_System.String[];HandRight_(0.4, -0.6, -0.2)_(0.1, -0.6, -0.4, 0.7)_0.9825718_System.String[];6.6252;-0.1830;-0.1537;62.5437;-72.5125;1.1523;1.0746;-79.2657;72.5855;2.1853;356.5146;226.9224;77.9198;1.2287;2.8818
0.4874;0.7315;False;False;62.1691;-72.5133;-0.0187;-0.0070;-79.0542;72.1911;359.9250;359.8307;240.7074;92.2789;359.7013;359.7300;4.8325;-0.0044;0.0024;-2.6026;0.0108;-4.1771;170644;71.43266;Infinity;2371.61;62.3051;-72.2490;1.1312;1.4717;-79.2546;72.8877;355.0818;352.4061;288.3901;98.7570;354.2237;358.8934;LeftFalse_RightFalse;LeftFalse_RightFalse;HandLeft_(-0.3, -0.4, -0.1)_(-0.2, 0.8, -0.6, 0.2)_1.012537_System.String[];HandLeft_(0.2, -0.8, -0.1)_(0.5, 0.6, -0.5, 0.5)_0.9825718_System.String[];HandRight_(-0.4, -0.2, -0.2)_(0.0, 0.1, 0.2, -1.0)_1.012537_System.String[];HandRight_(0.4, -0.6, -0.2)_(0.1, -0.6, -0.4, 0.7)_0.9825718_System.String[];6.6675;-0.1812;-0.1465;62.3696;-72.3164;1.1520;1.0744;-79.3685;72.5880;2.2410;356.6478;228.3530;77.3289;1.3201;3.0676
0.4983;0.7244;False;False;61.9941;-72.3095;-0.0189;-0.0069;-79.1644;72.1921;359.9280;359.8294;240.0834;91.7268;359.7021;359.7392;4.8883;-0.0047;0.0024;-2.6554;0.0432;-4.1706;170647;71.45595;Infinity;2371.65;62.1318;-72.0521;1.1310;1.4716;-79.3636;72.8918;355.0822;352.4036;287.7621;98.1922;354.2258;358.9032;LeftFalse_RightFalse;LeftFalse_RightFalse;HandLeft_(-0.3, -0.4, -0.1)_(-0.2, 0.8, -0.6, 0.2)_1.012537_System.String[];HandLeft_(0.2, -0.8, -0.1)_(0.4, 0.5, -0.5, 0.5)_0.9825718_System.String[];HandRight_(-0.4, -0.2, -0.2)_(0.0, 0.1, 0.2, -1.0)_1.012537_System.String[];HandRight_(0.4, -0.6, -0.2)_(0.1, -0.6, -0.4, 0.7)_0.9825718_System.String[];6.7095;-0.1791;-0.1436;62.1948;-72.1164;1.1518;1.0742;-79.4744;72.5915;2.2891;356.8557;229.4664;76.7722;1.3555;3.2250
0.5101;0.7114;False;False;61.8194;-72.1035;-0.0191;-0.0068;-79.2768;72.1946;359.9333;359.8283;239.4632;91.1947;359.7024;359.7460;4.9420;-0.0048;0.0025;-2.7084;0.0790;-4.1651;170650;71.53274;Infinity;2371.69;61.9587;-71.8525;1.1308;1.4717;-79.4749;72.8970;355.0851;352.4016;287.1373;97.6510;354.2295;358.9109;LeftFalse_RightFalse;LeftFalse_RightFalse;HandLeft_(-0.3, -0.4, -0.1)_(-0.2, 0.8, -0.6, 0.2)_1.012537_System.String[];HandLeft_(0.2, -0.8, -0.1)_(0.4, 0.5, -0.5, 0.5)_0.9825718_System.String[];HandRight_(-0.4, -0.2, -0.2)_(0.0, 0.1, 0.2, -1.0)_1.012537_System.String[];HandRight_(0.4, -0.6, -0.2)_(0.1, -0.6, -0.4, 0.7)_0.9825718_System.String[];6.7512;-0.1754;-0.1435;62.0197;-71.9138;1.1517;1.0741;-79.5824;72.5962;2.2221;357.0446;230.5837;76.2875;1.2400;3.3460
0.0164;0.6964;False;False;61.6447;-71.8948;-0.0193;-0.0067;-79.3917;72.1988;359.9399;359.8277;238.8471;90.6724;359.7029;359.7500;4.9930;-0.0050;0.0026;-2.7609;0.1180;-4.1612;170653;71.49108;Infinity;2371.73;61.7862;-71.6510;1.1306;1.4717;-79.5883;72.9036;355.0891;352.4002;286.5184;97.1252;354.2344;358.9158;LeftFalse_RightFalse;LeftFalse_RightFalse;HandLeft_(-0.3, -0.4, -0.1)_(-0.2, 0.8, -0.6, 0.2)_1.012537_System.String[];HandLeft_(0.2, -0.8, -0.1)_(0.4, 0.5, -0.5, 0.5)_0.9825718_System.String[];HandRight_(-0.4, -0.2, -0.3)_(0.0, 0.1, 0.2, -1.0)_1.012537_System.String[];HandRight_(0.4, -0.6, -0.2)_(0.1, -0.6, -0.4, 0.7)_0.9825718_System.String[];6.7932;0.0000;-0.1436;61.8456;-71.7095;1.1516;1.0740;-79.6925;72.6023;2.1300;357.0945;231.4222;75.8462;0.9819;3.4314
0.5286;0.6812;False;False;61.4693;-71.6836;-0.0195;-0.0065;-79.5065;72.2048;359.9503;359.8279;238.3426;90.1539;359.7281;359.7512;5.0415;-0.0049;0.0045;-2.7457;0.1609;-4.1596;170656;71.40774;Infinity;2371.78;61.6132;-71.4469;1.1303;1.4718;-79.7029;72.9119;355.0798;352.3999;285.9734;96.6055;354.2552;358.9178;LeftFalse_RightFalse;LeftFalse_RightFalse;HandLeft_(-0.3, -0.4, -0.1)_(-0.2, 0.8, -0.6, 0.2)_1.012537_System.String[];HandLeft_(0.2, -0.8, -0.1)_(0.4, 0.5, -0.5, 0.5)_0.9825718_System.String[];HandRight_(-0.4, -0.2, -0.3)_(0.0, 0.1, 0.2, -1.0)_1.012537_System.String[];HandRight_(0.4, -0.6, -0.2)_(0.1, -0.6, -0.4, 0.7)_0.9825718_System.String[];6.8354;-0.1638;-0.1436;61.6706;-71.5026;1.1513;1.0741;-79.8037;72.6101;2.1207;357.0345;232.3798;75.4185;0.6172;3.4665
0.5385;0.6681;False;False;61.2945;-71.4701;-0.0197;-0.0064;-79.6238;72.2128;359.9621;359.8288;237.8264;89.6364;359.7360;359.7505;5.0872;-0.0060;0.0038;-2.8102;0.2058;-4.1477;170659;71.34583;Infinity;2371.82;61.4406;-71.2409;1.1300;1.4720;-79.8185;72.9220;355.0798;352.4006;285.4662;96.0891;354.2710;358.9176;LeftFalse_RightFalse;LeftFalse_RightFalse;HandLeft_(-0.3, -0.4, -0.1)_(-0.2, 0.7, -0.6, 0.2)_1.012537_System.String[];HandLeft_(0.2, -0.8, -0.1)_(0.5, 0.5, -0.5, 0.5)_0.9825718_System.String[];HandRight_(-0.3, -0.2, -0.3)_(0.1, 0.1, 0.2, -1.0)_1.012537_System.String[];HandRight_(0.4, -0.6, -0.2)_(0.1, -0.6, -0.4, 0.7)_0.9825718_System.String[];6.8774;-0.1539;-0.1436;61.4963;-71.2940;1.1511;1.0742;-79.9162;72.6197;2.1332;356.9166;233.2330;74.9386;0.3378;3.5253
0.5461;0.6567;False;False;61.1214;-71.2562;-0.0199;-0.0062;-79.7428;72.2227;359.9734;359.8308;237.3023;89.1218;359.7399;359.7483;5.1306;-0.0049;0.0030;-2.8668;0.2508;-4.1437;170662;71.58801;Infinity;2371.86;61.2690;-71.0335;1.1298;1.4721;-79.9365;72.9339;355.0844;352.4025;284.9409;95.5739;354.2825;358.9160;LeftFalse_RightFalse;LeftFalse_RightFalse;HandLeft_(-0.3, -0.4, -0.1)_(-0.1, 0.7, -0.6, 0.2)_1.012537_System.String[];HandLeft_(0.2, -0.8, -0.1)_(0.5, 0.5, -0.5, 0.5)_0.9825718_System.String[];HandRight_(-0.3, -0.2, -0.3)_(0.1, 0.1, 0.2, -1.0)_1.012537_System.String[];HandRight_(0.4, -0.6, -0.2)_(0.1, -0.6, -0.4, 0.7)_0.9825718_System.String[];6.9192;-0.1397;-0.1440;61.3234;-71.0842;1.1509;1.0742;-80.0315;72.6313;2.1113;356.8412;233.8316;74.3860;0.1276;3.6254
0.5516;0.6473;False;False;60.9485;-71.0411;-0.0201;-0.0061;-79.8637;72.2346;359.9840;359.8336;236.7923;88.6053;359.7472;359.7455;5.1916;-0.0063;0.0025;-2.9347;0.3208;-4.1528;170665;71.76466;Infinity;2371.90;61.0982;-70.8253;1.1295;1.4723;-80.0561;72.9477;355.0874;352.4053;284.4238;95.0591;354.2944;358.9137;LeftFalse_RightFalse;LeftFalse_RightFalse;HandLeft_(-0.3, -0.4, -0.1)_(-0.1, 0.7, -0.7, 0.2)_1.012537_System.String[];HandLeft_(0.2, -0.8, -0.1)_(0.5, 0.5, -0.5, 0.5)_0.9825718_System.String[];HandRight_(-0.3, -0.2, -0.3)_(0.1, 0.2, 0.2, -1.0)_1.012537_System.String[];HandRight_(0.4, -0.6, -0.2)_(0.1, -0.6, -0.4, 0.7)_0.9825718_System.String[];6.9609;-0.1207;-0.1462;61.1514;-70.8737;1.1506;1.0743;-80.1483;72.6447;2.0283;356.7817;234.4139;73.8005;359.9313;3.7749
0.5556;0.6388;False;False;60.7733;-70.8218;-0.0204;-0.0060;-79.9878;72.2488;-0.0047;359.8366;236.3072;88.0766;359.7582;359.7425;5.2295;-0.0080;0.0021;-2.9697;0.3710;-4.1676;170668;71.47955;Infinity;2371.94;60.9250;-70.6130;1.1292;1.4724;-80.1791;72.9637;355.0872;352.4086;283.9250;94.5331;354.3093;358.9112;LeftFalse_RightFalse;LeftFalse_RightFalse;HandLeft_(-0.4, -0.4, -0.1)_(-0.1, 0.7, -0.7, 0.1)_1.012537_System.String[];HandLeft_(0.2, -0.8, -0.1)_(0.5, 0.5, -0.5, 0.5)_0.9825718_System.String[];HandRight_(-0.3, -0.2, -0.3)_(0.2, 0.2, 0.2, -0.9)_1.012537_System.String[];HandRight_(0.4, -0.6, -0.2)_(0.1, -0.6, -0.4, 0.7)_0.9825718_System.String[];7.0032;-0.0988;-0.1507;60.9772;-70.6591;1.1506;1.0745;-80.2688;72.6603;1.8440;356.7345;234.9423;73.2154;359.7729;3.9553
0.5585;0.6297;False;False;60.5987;-70.6026;-0.0208;-0.0059;-80.1123;72.2651;0.0068;359.8394;235.8752;87.5399;359.7715;359.7375;5.2650;-0.0076;0.0019;-2.9979;0.4252;-4.1877;170671;71.57581;Infinity;2371.98;60.7532;-70.4019;1.1288;1.4725;-80.3023;72.9816;355.0860;352.4119;283.4752;94.0038;354.3265;358.9073;LeftFalse_RightFalse;LeftFalse_RightFalse;HandLeft_(-0.4, -0.4, -0.1)_(0.0, 0.7, -0.7, 0.1)_1.012537_System.String[];HandLeft_(0.2, -0.8, -0.1)_(0.5, 0.5, -0.5, 0.5)_0.9825718_System.String[];HandRight_(-0.3, -0.3, -0.3)_(0.2, 0.2, 0.3, -0.9)_1.012537_System.String[];HandRight_(0.4, -0.6, -0.2)_(0.2, -0.5, -0.4, 0.7)_0.9825718_System.String[];7.0449;-0.0769;-0.1570;60.8041;-70.4457;1.1506;1.0749;-80.3893;72.6779;1.6443;356.6569;235.5425;72.6639;359.5983;4.1192
0.5607;0.6181;False;False;60.4233;-70.3820;-0.0211;-0.0058;-80.2378;72.2839;0.0162;359.8423;235.5038;86.9851;359.7884;359.7305;5.2976;-0.0062;0.0017;-3.0202;0.4836;-4.2119;170674;71.69933;Infinity;2372.03;60.5790;-70.1878;1.1284;1.4727;-80.4276;73.0021;355.0819;352.4155;283.0792;93.4545;354.3443;358.9012;LeftFalse_RightFalse;LeftFalse_RightFalse;HandLeft_(-0.4, -0.4, -0.1)_(0.1, 0.7, -0.7, 0.0)_1.012537_System.String[];HandLeft_(0.2, -0.8, -0.1)_(0.5, 0.5, -0.5, 0.5)_0.9825718_System.String[];HandRight_(-0.3, -0.3, -0.3)_(0.3, 0.2, 0.3, -0.9)_1.012537_System.String[];HandRight_(0.4, -0.6, -0.2)_(0.2, -0.5, -0.4, 0.7)_0.9825718_System.String[];7.0867;-0.0569;-0.1637;60.6287;-70.2292;1.1504;1.0751;-80.5121;72.6980;1.4599;356.5413;236.2027;72.0994;359.4083;4.2710
0.5622;0.6061;False;False;60.2473;-70.1607;-0.0213;-0.0058;-80.3639;72.3052;0.0233;359.8451;235.1961;86.4102;359.8097;359.7216;5.3276;-0.0053;0.0017;-3.0414;0.5444;-4.2365;170677;71.84191;Infinity;2372.07;60.4049;-69.9742;1.1281;1.4728;-80.5533;73.0249;355.0721;352.4192;282.7492;92.8885;354.3637;358.8932;LeftFalse_RightFalse;LeftFalse_RightFalse;HandLeft_(-0.4, -0.4, -0.1)_(0.1, 0.6, -0.8, 0.0)_1.012537_System.String[];HandLeft_(0.2, -0.8, -0.1)_(0.4, 0.4, -0.6, 0.6)_0.9825718_System.String[];HandRight_(-0.3, -0.3, -0.3)_(0.3, 0.3, 0.4, -0.8)_1.012537_System.String[];HandRight_(0.4, -0.6, -0.2)_(0.2, -0.5, -0.4, 0.8)_0.9825718_System.String[];7.1284;-0.0401;-0.1707;60.4533;-70.0130;1.1502;1.0755;-80.6351;72.7205;1.4501;356.4303;236.9743;71.5179;359.2205;4.3947
0.5626;0.5949;False;False;60.0692;-69.9369;-0.0215;-0.0057;-80.4917;72.3294;0.0288;359.8480;234.9479;85.8069;359.8325;359.7109;5.3544;-0.0055;0.0018;-3.0595;0.6088;-4.2632;170680;71.70684;Infinity;2372.11;60.2285;-69.7583;1.1278;1.4730;-80.6806;73.0505;355.0594;352.4231;282.4788;92.2957;354.3839;358.8834;LeftFalse_RightFalse;LeftFalse_RightFalse;HandLeft_(-0.4, -0.4, -0.1)_(0.1, 0.6, -0.8, 0.0)_1.012537_System.String[];HandLeft_(0.2, -0.8, -0.1)_(0.5, 0.4, -0.6, 0.6)_0.9825718_System.String[];HandRight_(-0.3, -0.3, -0.3)_(0.4, 0.3, 0.4, -0.8)_1.012537_System.String[];HandRight_(0.4, -0.6, -0.2)_(0.2, -0.5, -0.3, 0.8)_0.9825718_System.String[];7.1704;-0.0258;-0.1777;60.2751;-69.7945;1.1499;1.0760;-80.7595;72.7458;1.4247;356.3322;237.8119;70.8904;359.0667;4.5231
0.5615;0.5843;False;False;59.8898;-69.7119;-0.0218;-0.0056;-80.6202;72.3564;0.0315;359.8509;234.7581;85.1760;359.8535;359.6987;5.3782;-0.0072;0.0018;-3.0760;0.6765;-4.2910;170683;71.64182;Infinity;2372.15;60.0508;-69.5419;1.1274;1.4732;-80.8087;73.0789;355.0468;352.4272;282.2686;91.6768;354.4009;358.8720;LeftFalse_RightFalse;LeftFalse_RightFalse;HandLeft_(-0.4, -0.3, -0.1)_(0.2, 0.5, -0.8, 0.0)_1.012537_System.String[];HandLeft_(0.2, -0.8, -0.1)_(0.4, 0.4, -0.5, 0.6)_0.9825718_System.String[];HandRight_(-0.3, -0.3, -0.3)_(0.4, 0.3, 0.4, -0.8)_1.012537_System.String[];HandRight_(0.4, -0.6, -0.2)_(0.2, -0.5, -0.3, 0.8)_0.9825718_System.String[];7.2122;-0.0150;-0.1855;60.0954;-69.5753;1.1496;1.0763;-80.8843;72.7739;1.2576;356.2665;238.7389;70.2356;358.9330;4.6567
0.5600;0.5752;False;False;59.7096;-69.4866;-0.0221;-0.0055;-80.7491;72.3865;0.0309;359.8540;234.6200;84.5164;359.8765;359.6849;5.3985;-0.0088;0.0019;-3.0925;0.7484;-4.3182;170686;71.72158;Infinity;2372.19;59.8714;-69.3244;1.1270;1.4734;-80.9379;73.1104;355.0300;352.4316;282.1125;91.0279;354.4166;358.8590;LeftFalse_RightFalse;LeftFalse_RightFalse;HandLeft_(-0.4, -0.3, -0.1)_(0.2, 0.4, -0.9, -0.1)_1.012537_System.String[];HandLeft_(0.2, -0.8, -0.1)_(0.4, 0.4, -0.5, 0.6)_0.9825718_System.String[];HandRight_(-0.3, -0.3, -0.3)_(0.4, 0.3, 0.4, -0.7)_1.012537_System.String[];HandRight_(0.4, -0.6, -0.2)_(0.2, -0.5, -0.3, 0.8)_0.9825718_System.String[];7.2542;-0.0090;-0.1949;59.9142;-69.3547;1.1492;1.0766;-81.0106;72.8051;1.1176;356.2402;239.5481;69.5624;358.8019;4.7723
0.5578;0.5675;False;False;59.5273;-69.2592;-0.0225;-0.0055;-80.8795;72.4200;0.0287;359.8575;234.5215;83.8200;359.8979;359.6700;5.4159;-0.0097;0.0019;-3.1106;0.8235;-4.3439;170689;71.54829;Infinity;2372.24;59.6907;-69.1065;1.1266;1.4737;-81.0678;73.1451;355.0124;352.4367;282.0020;90.3457;354.4303;358.8446;LeftFalse_RightFalse;LeftFalse_RightFalse;HandLeft_(-0.4, -0.3, -0.1)_(0.2, 0.4, -0.9, -0.1)_1.012537_System.String[];HandLeft_(0.2, -0.8, -0.1)_(0.4, 0.4, -0.5, 0.7)_0.9825718_System.String[];HandRight_(-0.3, -0.3, -0.3)_(0.5, 0.3, 0.4, -0.7)_1.012537_System.String[];HandRight_(0.4, -0.6, -0.2)_(0.2, -0.5, -0.3, 0.8)_0.9825718_System.String[];7.2961;-0.0077;-0.2045;59.7315;-69.1334;1.1489;1.0769;-81.1372;72.8396;0.9770;356.2887;240.3702;68.8957;358.6855;4.8542
0.5559;0.5619;False;False;59.3455;-69.0332;-0.0229;-0.0054;-81.0096;72.4566;0.0256;359.8616;234.4504;83.0950;359.9157;359.6533;5.4300;-0.0104;0.0017;-3.1306;0.9032;-4.3675;170692;71.77011;Infinity;2372.28;59.5095;-68.8893;1.1261;1.4739;-81.1980;73.1831;354.9965;352.4423;281.9227;89.6327;354.4411;358.8290;LeftFalse_RightFalse;LeftFalse_RightFalse;HandLeft_(-0.4, -0.3, -0.1)_(0.2, 0.5, -0.9, -0.1)_1.012537_System.String[];HandLeft_(0.2, -0.8, -0.1)_(0.4, 0.4, -0.5, 0.7)_0.9825718_System.String[];HandRight_(-0.3, -0.3, -0.3)_(0.5, 0.3, 0.4, -0.7)_1.012537_System.String[];HandRight_(0.4, -0.6, -0.2)_(0.3, -0.5, -0.3, 0.8)_0.9825718_System.String[];7.3379;-0.0100;-0.2133;59.5485;-68.9126;1.1487;1.0771;-81.2642;72.8774;0.8246;356.2833;241.1053;68.2839;358.5815;4.8952
0.5545;0.5578;False;False;59.1606;-68.8038;-0.0234;-0.0053;-81.1423;72.4973;0.0222;359.8660;234.3917;82.3233;359.9296;359.6353;5.4409;-0.0108;0.0016;-3.1533;0.9867;-4.3887;170695;71.4238;Infinity;2372.32;59.3258;-68.6703;1.1256;1.4742;-81.3301;73.2249;354.9830;352.4486;281.8607;88.8773;354.4489;358.8118;LeftFalse_RightFalse;LeftFalse_RightFalse;HandLeft_(-0.4, -0.3, -0.1)_(0.2, 0.5, -0.9, -0.1)_1.012537_System.String[];HandLeft_(0.2, -0.8, -0.1)_(0.5, 0.3, -0.5, 0.7)_0.9825718_System.String[];HandRight_(-0.3, -0.3, -0.3)_(0.4, 0.3, 0.4, -0.8)_1.012537_System.String[];HandRight_(0.4, -0.6, -0.2)_(0.3, -0.4, -0.2, 0.8)_0.9825718_System.String[];7.3799;-0.0159;-0.2229;59.3628;-68.6896;1.1484;1.0777;-81.3934;72.9190;0.6292;356.1637;241.7624;67.7044;358.4301;4.9266
0.5550;0.5549;False;False;58.9768;-68.5767;-0.0239;-0.0053;-81.2746;72.5413;0.0179;359.8701;234.3334;81.5214;359.9407;359.6165;5.4520;-0.0126;0.0012;-3.1928;1.1179;-4.4159;170698;71.66751;Infinity;2372.36;59.1423;-68.4527;1.1250;1.4745;-81.4624;73.2701;354.9716;352.4548;281.8030;88.0884;354.4541;358.7936;LeftFalse_RightFalse;LeftFalse_RightFalse;HandLeft_(-0.4, -0.3, -0.1)_(0.2, 0.5, -0.8, -0.1)_1.012537_System.String[];HandLeft_(0.2, -0.8, -0.1)_(0.5, 0.3, -0.4, 0.7)_0.9825718_System.String[];HandRight_(-0.3, -0.3, -0.3)_(0.4, 0.3, 0.4, -0.8)_1.012537_System.String[];HandRight_(0.4, -0.6, -0.2)_(0.3, -0.4, -0.2, 0.8)_0.9825718_System.String[];7.4216;-0.0227;-0.2311;59.1776;-68.4674;1.1480;1.0782;-81.5231;72.9642;0.4912;356.0417;242.3369;67.1141;358.2267;4.9787
0.5571;0.5527;False;False;58.7925;-68.3494;-0.0244;-0.0052;-81.4080;72.5892;0.0114;359.8739;234.2663;80.6849;359.9458;359.5975;5.4563;-0.0112;0.0011;-3.2211;1.2082;-4.4323;170701;71.8149;Infinity;2372.40;58.9587;-68.2362;1.1245;1.4747;-81.5954;73.3190;354.9620;352.4608;281.7395;87.2664;354.4556;358.7751;LeftFalse_RightFalse;LeftFalse_RightFalse;HandLeft_(-0.4, -0.3, -0.1)_(0.2, 0.5, -0.8, -0.1)_1.012537_System.String[];HandLeft_(0.2, -0.8, -0.1)_(0.5, 0.3, -0.4, 0.7)_0.9825718_System.String[];HandRight_(-0.3, -0.3, -0.3)_(0.4, 0.3, 0.3, -0.8)_1.012537_System.String[];HandRight_(0.4, -0.6, -0.2)_(0.3, -0.4, -0.2, 0.8)_0.9825718_System.String[];7.4634;-0.0276;-0.2381;58.9925;-68.2459;1.1476;1.0787;-81.6540;73.0130;0.4503;355.9972;242.8304;66.5008;358.0182;4.9525
0.5600;0.5511;False;False;58.6069;-68.1214;-0.0248;-0.0052;-81.5432;72.6412;0.0007;359.8773;234.1852;79.8120;359.9463;359.5784;5.4579;-0.0101;0.0010;-3.2495;1.3015;-4.4485;170704;71.81425;Infinity;2372.45;58.7738;-68.0192;1.1240;1.4750;-81.7298;73.3719;354.9553;352.4664;281.6636;86.4072;354.4493;358.7563;LeftFalse_RightFalse;LeftFalse_RightFalse;HandLeft_(-0.4, -0.3, -0.1)_(0.2, 0.5, -0.8, -0.1)_1.012537_System.String[];HandLeft_(0.3, -0.8, -0.1)_(0.5, 0.2, -0.5, 0.7)_0.9825718_System.String[];HandRight_(-0.3, -0.3, -0.3)_(0.4, 0.3, 0.3, -0.8)_1.012537_System.String[];HandRight_(0.3, -0.5, -0.2)_(0.3, -0.4, -0.2, 0.9)_0.9825718_System.String[];7.5051;-0.0291;-0.2448;58.8066;-68.0236;1.1472;1.0790;-81.7870;73.0657;0.3895;356.0150;243.1851;65.8416;357.8324;4.8815
0.5635;0.5500;False;False;58.4208;-67.8936;-0.0252;-0.0051;-81.6793;72.6972;359.9849;359.8805;234.0925;78.9078;359.9458;359.5594;5.4569;-0.0096;0.0010;-3.2758;1.3967;-4.4666;170707;71.814;Infinity;2372.49;58.5889;-67.8034;1.1236;1.4753;-81.8650;73.4286;354.9457;352.4716;281.5754;85.5178;354.4386;358.7376;LeftFalse_RightFalse;LeftFalse_RightFalse;HandLeft_(-0.4, -0.3, -0.1)_(0.1, 0.5, -0.8, 0.0)_1.012537_System.String[];HandLeft_(0.3, -0.8, -0.1)_(0.4, 0.2, -0.5, 0.7)_0.9825718_System.String[];HandRight_(-0.3, -0.3, -0.3)_(0.4, 0.3, 0.4, -0.8)_1.012537_System.String[];HandRight_(0.3, -0.5, -0.2)_(0.3, -0.4, -0.2, 0.9)_0.9825718_System.String[];7.5469;-0.0257;-0.2499;58.6209;-67.8021;1.1468;1.0794;-81.9209;73.1223;0.2694;356.1078;243.4435;65.1599;357.6240;4.7365
0.5679;0.5491;False;False;58.2339;-67.6659;-0.0256;-0.0051;-81.8166;72.7573;359.9672;359.8833;233.9962;77.9756;359.9438;359.5412;5.4543;-0.0079;0.0010;-3.2984;1.4921;-4.4877;170710;71.85346;Infinity;2372.53;58.4026;-67.5872;1.1233;1.4755;-82.0018;73.4896;354.9347;352.4766;281.4801;84.5951;354.4249;358.7193;LeftFalse_RightFalse;LeftFalse_RightFalse;HandLeft_(-0.4, -0.3, -0.1)_(0.1, 0.5, -0.8, 0.0)_1.012537_System.String[];HandLeft_(0.3, -0.8, -0.1)_(0.4, 0.2, -0.5, 0.7)_0.9825718_System.String[];HandRight_(-0.3, -0.3, -0.3)_(0.4, 0.3, 0.3, -0.8)_1.012537_System.String[];HandRight_(0.3, -0.5, -0.2)_(0.3, -0.4, -0.2, 0.9)_0.9825718_System.String[];7.5886;-0.0170;-0.2523;58.4340;-67.5803;1.1465;1.0793;-82.0569;73.1833;0.1408;356.2201;243.6054;64.4326;357.4807;4.5762
0.5739;0.5485;False;False;58.0455;-67.4378;-0.0259;-0.0050;-81.9551;72.8218;359.9510;359.8857;233.9087;77.0184;359.9456;359.5246;5.4503;-0.0053;0.0010;-3.3165;1.5873;-4.5125;170713;71.72302;Infinity;2372.57;58.2159;-67.3722;1.1230;1.4758;-82.1391;73.5545;354.9237;352.4810;281.3894;83.6508;354.4120;358.7024;LeftFalse_RightFalse;LeftFalse_RightFalse;HandLeft_(-0.4, -0.3, -0.1)_(0.2, 0.5, -0.8, -0.1)_1.012537_System.String[];HandLeft_(0.3, -0.8, -0.1)_(0.4, 0.3, -0.5, 0.7)_0.9825718_System.String[];HandRight_(-0.3, -0.3, -0.3)_(0.5, 0.3, 0.3, -0.8)_1.012537_System.String[];HandRight_(0.3, -0.5, -0.2)_(0.3, -0.4, -0.2, 0.9)_0.9825718_System.String[];7.6306;-0.0075;-0.2525;58.2473;-67.3594;1.1465;1.0793;-82.1940;73.2484;0.0008;356.3410;243.7318;63.6670;357.4457;4.3936
0.5807;0.5481;False;False;57.8550;-67.2087;-0.0261;-0.0050;-82.0950;72.8908;359.9366;359.8880;233.8406;76.0411;359.9518;359.5100;5.4449;-0.0042;0.0011;-3.3322;1.6819;-4.5399;170716;71.4474;Infinity;2372.61;58.0274;-67.1569;1.1227;1.4760;-82.2777;73.6235;354.9099;352.4850;281.3147;82.6852;354.4045;358.6873;LeftFalse_RightFalse;LeftFalse_RightFalse;HandLeft_(-0.4, -0.3, -0.1)_(0.2, 0.5, -0.9, -0.1)_1.012537_System.String[];HandLeft_(0.3, -0.8, -0.1)_(0.4, 0.3, -0.5, 0.7)_0.9825718_System.String[];HandRight_(-0.3, -0.3, -0.3)_(0.4, 0.3, 0.3, -0.8)_1.012537_System.String[];HandRight_(0.3, -0.5, -0.2)_(0.3, -0.4, -0.2, 0.9)_0.9825718_System.String[];7.6726;-0.0009;-0.2525;58.0592;-67.1384;1.1466;1.0794;-82.3328;73.3178;359.9353;356.4252;243.8507;62.8220;357.4670;4.2615
0.5878;0.5477;False;False;57.6646;-66.9815;-0.0262;-0.0049;-82.2345;72.9633;359.9232;359.8902;233.7958;75.0603;359.9599;359.4978;5.4379;-0.0035;0.0009;-3.3482;1.7767;-4.5678;170719;71.63142;Infinity;2372.65;57.8361;-66.9403;1.1226;1.4762;-82.4183;73.6972;354.8947;352.4886;281.2624;81.6995;354.3996;358.6745;LeftFalse_RightFalse;LeftFalse_RightFalse;HandLeft_(-0.4, -0.3, -0.1)_(0.2, 0.5, -0.9, -0.1)_1.012537_System.String[];HandLeft_(0.3, -0.8, -0.1)_(0.4, 0.3, -0.5, 0.7)_0.9825718_System.String[];HandRight_(-0.3, -0.3, -0.3)_(0.5, 0.3, 0.3, -0.8)_1.012537_System.String[];HandRight_(0.3, -0.5, -0.2)_(0.3, -0.4, -0.2, 0.9)_0.9825718_System.String[];7.7144;0.0015;-0.2523;57.8683;-66.9161;1.1466;1.0793;-82.4736;73.3919;359.8537;356.5871;243.9448;61.9496;357.5475;4.1345
0.5937;0.5486;False;False;57.4715;-66.7530;-0.0264;-0.0049;-82.3759;73.0406;359.9102;359.8927;233.7691;74.0650;359.9681;359.4871;5.4292;-0.0033;0.0008;-3.3659;1.8717;-4.5955;170722;71.53139;Infinity;2372.70;57.6440;-66.7248;1.1224;1.4763;-82.5593;73.7748;354.8799;352.4923;281.2310;80.7080;354.3956;358.6635;LeftFalse_RightFalse;LeftFalse_RightFalse;HandLeft_(-0.4, -0.3, -0.1)_(0.2, 0.4, -0.9, -0.1)_1.012537_System.String[];HandLeft_(0.3, -0.8, -0.1)_(0.4, 0.3, -0.5, 0.7)_0.9825718_System.String[];HandRight_(-0.3, -0.3, -0.3)_(0.5, 0.3, 0.4, -0.7)_1.012537_System.String[];HandRight_(0.3, -0.5, -0.2)_(0.3, -0.4, -0.2, 0.9)_0.9825718_System.String[];7.7563;0.0011;-0.2509;57.6768;-66.6951;1.1465;1.0790;-82.6151;73.4701;359.7931;356.6718;243.9755;61.1467;357.7185;3.9936
0.5979;0.5492;False;False;57.2792;-66.5272;-0.0265;-0.0049;-82.5167;73.1213;359.8976;359.8951;233.7543;73.0756;359.9755;359.4782;5.4195;-0.0033;0.0004;-3.3857;1.9660;-4.6224;170725;71.76001;Infinity;2372.74;57.4524;-66.5118;1.1222;1.4765;-82.6998;73.8556;354.8655;352.4958;281.2136;79.7203;354.3915;358.6544;LeftFalse_RightFalse;LeftFalse_RightFalse;HandLeft_(-0.4, -0.3, -0.1)_(0.2, 0.5, -0.9, -0.1)_1.012537_System.String[];HandLeft_(0.3, -0.8, -0.1)_(0.4, 0.3, -0.5, 0.7)_0.9825718_System.String[];HandRight_(-0.3, -0.3, -0.3)_(0.5, 0.3, 0.4, -0.7)_1.012537_System.String[];HandRight_(0.3, -0.5, -0.2)_(0.3, -0.4, -0.2, 0.9)_0.9825718_System.String[];7.7981;-0.0012;-0.2479;57.4855;-66.4770;1.1464;1.0789;-82.7559;73.5514;359.7315;356.6400;243.9804;60.3830;357.8130;3.9262
0.6010;0.5507;False;False;57.0829;-66.2983;-0.0266;-0.0049;-82.6606;73.2072;359.8841;359.8969;233.7435;72.0722;359.9797;359.4712;5.4091;-0.0025;0.0002;-3.4077;2.0589;-4.6482;170728;71.41862;Infinity;2372.78;57.2572;-66.2965;1.1221;1.4766;-82.8429;73.9414;354.8524;352.4986;281.2028;78.7194;354.3859;358.6469;LeftFalse_RightFalse;LeftFalse_RightFalse;HandLeft_(-0.4, -0.3, -0.1)_(0.2, 0.5, -0.9, -0.1)_1.012537_System.String[];HandLeft_(0.3, -0.8, -0.1)_(0.4, 0.3, -0.5, 0.7)_0.9825718_System.String[];HandRight_(-0.3, -0.3, -0.3)_(0.5, 0.3, 0.4, -0.7)_1.012537_System.String[];HandRight_(0.3, -0.5, -0.2)_(0.3, -0.4, -0.2, 0.9)_0.9825718_System.String[];7.8403;-0.0054;-0.2430;57.2908;-66.2570;1.1463;1.0787;-82.8996;73.6378;359.6723;356.6470;244.0090;59.6095;357.8668;3.8946
0.6029;0.5517;False;False;56.8883;-66.0733;-0.0267;-0.0049;-82.8034;73.2960;359.8687;359.8981;233.7291;71.0909;359.9778;359.4669;5.3930;-0.0005;-0.0001;-3.4446;2.1946;-4.6840;170731;71.69672;Infinity;2372.82;57.0628;-66.0839;1.1220;1.4766;-82.9855;74.0301;354.8427;352.5006;281.1913;77.7335;354.3747;358.6418;LeftFalse_RightFalse;LeftFalse_RightFalse;HandLeft_(-0.4, -0.3, -0.1)_(0.2, 0.5, -0.8, -0.1)_1.012537_System.String[];HandLeft_(0.3, -0.8, -0.1)_(0.4, 0.3, -0.5, 0.7)_0.9825718_System.String[];HandRight_(-0.3, -0.3, -0.3)_(0.5, 0.3, 0.4, -0.7)_1.012537_System.String[];HandRight_(0.3, -0.5, -0.2)_(0.3, -0.4, -0.2, 0.9)_0.9825718_System.String[];7.8821;-0.0115;-0.2369;57.0968;-66.0402;1.1463;1.0785;-83.0426;73.7271;359.6732;356.7008;244.1068;58.8600;357.8277;3.9667
0.6028;0.5525;False;False;56.6927;-65.8487;-0.0267;-0.0049;-82.9475;73.3886;359.8500;359.8991;233.7042;70.1205;359.9758;359.4649;5.3822;0.0003;-0.0001;-3.4726;2.2824;-4.7052;170734;71.82957;Infinity;2372.86;56.8678;-65.8721;1.1220;1.4767;-83.1289;74.1224;354.8323;352.5020;281.1720;76.7590;354.3604;358.6391;LeftFalse_RightFalse;LeftFalse_RightFalse;HandLeft_(-0.4, -0.3, -0.1)_(0.2, 0.5, -0.8, -0.1)_1.012537_System.String[];HandLeft_(0.3, -0.8, -0.1)_(0.4, 0.3, -0.5, 0.7)_0.9825718_System.String[];HandRight_(-0.3, -0.3, -0.3)_(0.5, 0.3, 0.4, -0.8)_1.012537_System.String[];HandRight_(0.3, -0.5, -0.2)_(0.3, -0.4, -0.2, 0.8)_0.9825718_System.String[];7.9238;-0.0191;-0.2299;56.9020;-65.8240;1.1464;1.0784;-83.1866;73.8200;359.6597;356.8029;244.1877;58.1368;357.8678;4.0703
0.5999;0.5539;False;False;56.4963;-65.6247;-0.0266;-0.0049;-83.0927;73.4850;359.8306;359.8998;233.6614;69.1671;359.9681;359.4654;5.3714;0.0029;-0.0002;-3.5026;2.3679;-4.7241;170737;71.91145;Infinity;2372.91;56.6721;-65.6607;1.1221;1.4767;-83.2733;74.2182;354.8227;352.5027;281.1375;75.7996;354.3424;358.6389;LeftFalse_RightFalse;LeftFalse_RightFalse;HandLeft_(-0.4, -0.3, -0.1)_(0.2, 0.5, -0.8, -0.1)_1.012537_System.String[];HandLeft_(0.2, -0.8, -0.1)_(0.5, 0.3, -0.5, 0.7)_0.9825718_System.String[];HandRight_(-0.3, -0.3, -0.3)_(0.4, 0.3, 0.4, -0.8)_1.012537_System.String[];HandRight_(0.4, -0.5, -0.2)_(0.3, -0.4, -0.2, 0.8)_0.9825718_System.String[];7.9653;-0.0255;-0.2231;56.7064;-65.6086;1.1465;1.0782;-83.3316;73.9164;359.6551;356.9230;244.1897;57.5024;358.0201;4.1854
0.5924;0.5551;False;False;56.2990;-65.4010;-0.0265;-0.0049;-83.2393;73.5851;359.8138;359.9003;233.5966;68.2338;359.9575;359.4683;5.3606;0.0058;-0.0002;-3.5328;2.4513;-4.7415;170740;71.94297;Infinity;2372.95;56.4755;-65.4495;1.1223;1.4766;-83.4190;74.3177;354.8188;352.5031;281.0821;74.8589;354.3217;358.6411;LeftFalse_RightFalse;LeftFalse_RightFalse;HandLeft_(-0.4, -0.3, -0.1)_(0.2, 0.5, -0.8, -0.1)_1.012537_System.String[];HandLeft_(0.2, -0.8, 0.0)_(0.5, 0.4, -0.5, 0.6)_0.9825718_System.String[];HandRight_(-0.3, -0.3, -0.3)_(0.4, 0.3, 0.4, -0.8)_1.012537_System.String[];HandRight_(0.4, -0.5, -0.2)_(0.2, -0.5, -0.2, 0.8)_0.9825718_System.String[];8.0071;-0.0285;-0.2157;56.5101;-65.3933;1.1467;1.0780;-83.4778;74.0164;359.6675;356.9698;244.1085;56.9434;358.1838;4.2959
0.5729;0.5561;False;False;56.1012;-65.1779;-0.0262;-0.0049;-83.3871;73.6887;359.8003;359.9007;233.5130;67.3222;359.9497;359.4728;5.3492;0.0074;-0.0002;-3.5607;2.5337;-4.7589;170743;71.97308;Infinity;2372.99;56.2784;-65.2386;1.1226;1.4766;-83.5659;74.4204;354.8154;352.5031;281.0056;73.9396;354.3051;358.6451;LeftFalse_RightFalse;LeftFalse_RightFalse;HandLeft_(-0.4, -0.3, -0.1)_(0.2, 0.5, -0.8, -0.1)_1.012537_System.String[];HandLeft_(0.2, -0.8, 0.0)_(0.5, 0.4, -0.5, 0.6)_0.9825718_System.String[];HandRight_(-0.3, -0.3, -0.3)_(0.4, 0.3, 0.4, -0.8)_1.012537_System.String[];HandRight_(0.4, -0.5, -0.2)_(0.2, -0.5, -0.2, 0.8)_0.9825718_System.String[];8.0488;-0.0273;-0.2089;56.3133;-65.1785;1.1471;1.0778;-83.6255;74.1199;359.6800;356.9270;243.9590;56.4681;358.2911;4.3899
0.5256;0.5567;False;False;55.9025;-64.9553;-0.0259;-0.0049;-83.5360;73.7958;359.7892;359.9012;233.4183;66.4327;359.9447;359.4787;5.3375;0.0084;-0.0004;-3.5838;2.6144;-4.7755;170746;71.98689;Infinity;2373.03;56.0804;-65.0278;1.1229;1.4765;-83.7140;74.5267;354.8118;352.5029;280.9144;73.0417;354.2923;358.6505;LeftFalse_RightFalse;LeftFalse_RightFalse;HandLeft_(-0.4, -0.3, -0.1)_(0.1, 0.5, -0.8, -0.1)_1.012537_System.String[];HandLeft_(0.2, -0.8, 0.0)_(0.5, 0.4, -0.5, 0.6)_0.9825718_System.String[];HandRight_(-0.3, -0.3, -0.3)_(0.4, 0.3, 0.4, -0.8)_1.012537_System.String[];HandRight_(0.4, -0.5, -0.2)_(0.2, -0.5, -0.2, 0.8)_0.9825718_System.String[];8.0906;-0.0213;-0.2029;56.1156;-64.9636;1.1475;1.0777;-83.7744;74.2265;359.6443;356.8224;243.8218;56.0681;358.2965;4.5107
0.4459;0.5572;False;False;55.7014;-64.7312;-0.0255;-0.0049;-83.6871;73.9074;359.7803;359.9026;233.3241;65.5578;359.9434;359.4856;5.3254;0.0089;-0.0010;-3.5980;2.6938;-4.7895;170749;71.6759;Infinity;2373.07;55.8802;-64.8157;1.1233;1.4764;-83.8644;74.6371;354.8073;352.5031;280.8188;72.1592;354.2833;358.6574;LeftFalse_RightFalse;LeftFalse_RightFalse;HandLeft_(-0.4, -0.3, -0.1)_(0.2, 0.5, -0.8, -0.1)_1.012537_System.String[];HandLeft_(0.2, -0.8, 0.0)_(0.4, 0.4, -0.5, 0.6)_0.9825718_System.String[];HandRight_(-0.3, -0.3, -0.3)_(0.4, 0.3, 0.3, -0.8)_1.012537_System.String[];HandRight_(0.4, -0.6, -0.2)_(0.2, -0.5, -0.2, 0.8)_0.9825718_System.String[];8.1326;-0.0114;-0.1971;55.9155;-64.7473;1.1477;1.0777;-83.9254;74.3369;359.6146;356.7376;243.7525;55.7271;358.2580;4.5938
0.3446;0.5576;False;False;55.5016;-64.5097;-0.0251;-0.0050;-83.8371;74.0214;359.7741;359.9047;233.2463;64.7129;359.9464;359.4926;5.3130;0.0092;-0.0013;-3.6001;2.7719;-4.7977;170752;71.84281;Infinity;2373.11;55.6808;-64.6052;1.1237;1.4762;-84.0143;74.7500;354.8013;352.5043;280.7342;71.3049;354.2790;358.6647;LeftFalse_RightFalse;LeftFalse_RightFalse;HandLeft_(-0.4, -0.3, -0.1)_(0.2, 0.5, -0.8, -0.1)_1.012537_System.String[];HandLeft_(0.2, -0.8, 0.0)_(0.4, 0.4, -0.5, 0.6)_0.9825718_System.String[];HandRight_(-0.3, -0.3, -0.3)_(0.4, 0.3, 0.3, -0.8)_1.012537_System.String[];HandRight_(0.4, -0.6, -0.2)_(0.2, -0.5, -0.3, 0.8)_0.9825718_System.String[];8.1741;0.0016;-0.1911;55.7161;-64.5327;1.1478;1.0778;-84.0759;74.4501;359.5562;356.6750;243.7743;55.3979;358.2902;4.6020
0.2512;0.5579;False;False;55.2997;-64.2866;-0.0247;-0.0051;-83.9883;74.1400;359.7702;359.9070;233.1966;63.8808;359.9524;359.4998;5.2999;0.0096;-0.0018;-3.5907;2.8490;-4.7987;170755;71.61721;Infinity;2373.16;55.4796;-64.3934;1.1240;1.4761;-84.1653;74.8671;354.7943;352.5058;280.6743;70.4666;354.2793;358.6721;LeftFalse_RightFalse;LeftFalse_RightFalse;HandLeft_(-0.4, -0.3, -0.1)_(0.2, 0.5, -0.8, -0.1)_1.012537_System.String[];HandLeft_(0.2, -0.8, 0.0)_(0.4, 0.4, -0.5, 0.6)_0.9825718_System.String[];HandRight_(-0.3, -0.3, -0.3)_(0.5, 0.3, 0.4, -0.8)_1.012537_System.String[];HandRight_(0.4, -0.6, -0.2)_(0.2, -0.5, -0.3, 0.8)_0.9825718_System.String[];8.2163;0.0173;-0.1846;55.5149;-64.3167;1.1480;1.0778;-84.2273;74.5675;359.4941;356.6371;243.9028;55.0963;358.4125;4.5708
0.1831;0.5581;False;False;55.1000;-64.0664;-0.0243;-0.0051;-84.1371;74.2605;359.7683;359.9090;233.1874;63.0790;359.9623;359.5078;5.2872;0.0103;-0.0020;-3.5675;2.9237;-4.7946;170758;71.83337;Infinity;2373.20;55.2798;-64.1836;1.1244;1.4759;-84.3147;74.9864;354.7867;352.5070;280.6505;69.6557;354.2831;358.6800;LeftFalse_RightFalse;LeftFalse_RightFalse;HandLeft_(-0.4, -0.3, -0.1)_(0.3, 0.4, -0.9, -0.1)_1.012537_System.String[];HandLeft_(0.2, -0.8, 0.0)_(0.4, 0.4, -0.5, 0.6)_0.9825718_System.String[];HandRight_(-0.3, -0.4, -0.3)_(0.5, 0.3, 0.4, -0.7)_1.012537_System.String[];HandRight_(0.4, -0.6, -0.2)_(0.2, -0.5, -0.3, 0.8)_0.9825718_System.String[];8.2578;0.0337;-0.1773;55.3153;-64.1026;1.1485;1.0777;-84.3766;74.6868;359.4033;356.7335;244.1152;54.9061;358.5366;4.4468
0.1335;0.5582;False;False;54.9000;-63.8460;-0.0239;-0.0052;-84.2849;74.3846;359.7675;359.9110;233.2298;62.2989;359.9779;359.5168;5.2753;0.0106;-0.0021;-3.5329;2.9956;-4.7866;170761;71.83553;Infinity;2373.24;55.0802;-63.9741;1.1248;1.4757;-84.4630;75.1088;354.7755;352.5081;280.6745;68.8678;354.2916;358.6889;LeftFalse_RightFalse;LeftFalse_RightFalse;HandLeft_(-0.5, -0.3, -0.1)_(0.3, 0.3, -0.9, -0.2)_1.012537_System.String[];HandLeft_(0.2, -0.8, 0.0)_(0.4, 0.4, -0.5, 0.6)_0.9825718_System.String[];HandRight_(-0.3, -0.4, -0.3)_(0.5, 0.3, 0.4, -0.7)_1.012537_System.String[];HandRight_(0.4, -0.6, -0.2)_(0.2, -0.5, -0.3, 0.8)_0.9825718_System.String[];8.2996;0.0508;-0.1683;55.1161;-63.8887;1.1493;1.0776;-84.5245;74.8092;359.2418;356.9235;244.3680;54.9100;358.6336;4.2244
0.0973;0.5568;False;False;54.6994;-63.6250;-0.0234;-0.0053;-84.4318;74.5124;359.7694;359.9130;233.3327;61.5434;359.9937;359.5277;5.2595;0.0125;-0.0024;-3.4658;3.0977;-4.7700;170764;71.65263;Infinity;2373.28;54.8795;-63.7634;1.1252;1.4755;-84.6107;75.2350;354.7642;352.5089;280.7561;68.1021;354.3033;358.6993;LeftFalse_RightFalse;LeftFalse_RightFalse;HandLeft_(-0.5, -0.3, -0.1)_(0.3, 0.3, -0.9, -0.2)_1.012537_System.String[];HandLeft_(0.2, -0.8, 0.0)_(0.4, 0.4, -0.5, 0.6)_0.9825718_System.String[];HandRight_(-0.3, -0.4, -0.2)_(0.5, 0.3, 0.4, -0.7)_1.012537_System.String[];HandRight_(0.4, -0.6, -0.2)_(0.2, -0.6, -0.3, 0.7)_0.9825718_System.String[];8.3416;0.0683;-0.1571;54.9158;-63.6737;1.1502;1.0771;-84.6718;74.9355;359.0601;357.1307;244.6423;55.0773;358.7288;4.0202
0.0709;0.5544;False;False;54.4994;-63.4044;-0.0228;-0.0054;-84.5763;74.6431;359.7746;359.9151;233.4953;60.8199;0.0126;359.5405;5.2512;0.0140;-0.0024;-3.4128;3.1605;-4.7577;170767;71.57619;Infinity;2373.32;54.6788;-63.5526;1.1256;1.4752;-84.7568;75.3642;354.7544;352.5096;280.8971;67.3652;354.3175;358.7116;LeftFalse_RightFalse;LeftFalse_RightFalse;HandLeft_(-0.4, -0.3, -0.1)_(0.3, 0.3, -0.9, -0.2)_1.012537_System.String[];HandLeft_(0.2, -0.8, 0.0)_(0.4, 0.5, -0.5, 0.6)_0.9825718_System.String[];HandRight_(-0.3, -0.4, -0.2)_(0.6, 0.3, 0.4, -0.6)_1.012537_System.String[];HandRight_(0.4, -0.6, -0.2)_(0.1, -0.6, -0.3, 0.7)_0.9825718_System.String[];8.3835;0.0844;-0.1445;54.7153;-63.4583;1.1509;1.0766;-84.8173;75.0645;358.8503;357.3596;244.9525;55.4166;358.7911;3.8083
0.0517;0.5524;False;False;54.2996;-63.1838;-0.0222;-0.0055;-84.7187;74.7767;359.7832;359.9172;233.7203;60.1343;0.0374;359.5561;5.2458;0.0146;-0.0025;-3.3534;3.2175;-4.7454;170770;71.47891;Infinity;2373.37;54.4783;-63.3415;1.1261;1.4749;-84.9008;75.4961;354.7424;352.5101;281.0988;66.6641;354.3392;358.7265;LeftFalse_RightFalse;LeftFalse_RightFalse;HandLeft_(-0.4, -0.3, -0.1)_(0.3, 0.3, -0.9, -0.1)_1.012537_System.String[];HandLeft_(0.2, -0.8, 0.0)_(0.4, 0.5, -0.6, 0.5)_0.9825718_System.String[];HandRight_(-0.3, -0.4, -0.2)_(0.6, 0.3, 0.4, -0.6)_1.012537_System.String[];HandRight_(0.4, -0.6, -0.2)_(0.1, -0.6, -0.4, 0.7)_0.9825718_System.String[];8.4255;0.0991;-0.1297;54.5152;-63.2428;1.1517;1.0762;-84.9609;75.1964;358.6083;357.4988;245.3353;55.8934;358.8319;3.6010
0.0377;0.5494;False;False;54.1005;-62.9636;-0.0216;-0.0056;-84.8582;74.9125;359.7932;359.9196;234.0070;59.4973;0.0650;359.5747;5.2436;0.0150;-0.0027;-3.2884;3.2685;-4.7336;170773;71.4677;Infinity;2373.41;54.2779;-63.1300;1.1266;1.4746;-85.0424;75.6307;354.7291;352.5105;281.3626;66.0069;354.3645;358.7444;LeftFalse_RightFalse;LeftFalse_RightFalse;HandLeft_(-0.4, -0.2, -0.1)_(0.4, 0.2, -0.9, -0.2)_1.012537_System.String[];HandLeft_(0.2, -0.8, 0.0)_(0.4, 0.6, -0.5, 0.5)_0.9825718_System.String[];HandRight_(-0.3, -0.4, -0.2)_(0.6, 0.4, 0.4, -0.5)_1.012537_System.String[];HandRight_(0.4, -0.6, -0.2)_(0.1, -0.6, -0.4, 0.7)_0.9825718_System.String[];8.4675;0.1157;-0.1135;54.3151;-63.0271;1.1526;1.0758;-85.1024;75.3311;358.3794;357.5398;245.8249;56.4318;358.8265;3.4382
0.0275;0.5455;False;False;53.9028;-62.7444;-0.0210;-0.0058;-84.9942;75.0500;359.8034;359.9222;234.3523;58.9155;0.0937;359.5959;5.2430;0.0146;-0.0028;-3.2182;3.3156;-4.7230;170776;71.63481;Infinity;2373.45;54.0784;-62.9184;1.1271;1.4742;-85.1810;75.7673;354.7151;352.5108;281.6860;65.4029;354.3914;358.7652;LeftFalse_RightFalse;LeftFalse_RightFalse;HandLeft_(-0.4, -0.2, -0.1)_(0.4, 0.2, -0.9, -0.2)_1.012537_System.String[];HandLeft_(0.2, -0.8, 0.0)_(0.4, 0.6, -0.5, 0.4)_0.9825718_System.String[];HandRight_(-0.3, -0.4, -0.2)_(0.6, 0.4, 0.4, -0.5)_1.012537_System.String[];HandRight_(0.4, -0.6, -0.2)_(0.1, -0.6, -0.4, 0.7)_0.9825718_System.String[];8.5093;0.1346;-0.0989;54.1158;-62.8117;1.1533;1.0755;-85.2411;75.4679;358.2404;357.5261;246.3858;56.9427;358.7566;3.3912
0.0200;0.5398;False;False;53.7061;-62.5259;-0.0204;-0.0059;-85.1265;75.1889;359.8144;359.9248;234.7595;58.3908;0.1244;359.6189;5.2443;0.0135;-0.0030;-3.1389;3.3580;-4.7156;170779;71.81212;Infinity;2373.49;53.8802;-62.7073;1.1275;1.4738;-85.3158;75.9051;354.7003;352.5109;282.0684;64.8561;354.4195;358.7881;LeftFalse_RightFalse;LeftFalse_RightFalse;HandLeft_(-0.4, -0.2, -0.1)_(0.5, 0.2, -0.8, -0.2)_1.012537_System.String[];HandLeft_(0.2, -0.8, -0.1)_(0.4, 0.6, -0.5, 0.4)_0.9825718_System.String[];HandRight_(-0.3, -0.4, -0.2)_(0.7, 0.4, 0.4, -0.5)_1.012537_System.String[];HandRight_(0.4, -0.6, -0.2)_(0.1, -0.6, -0.4, 0.6)_0.9825718_System.String[];8.5510;0.1571;-0.0859;53.9180;-62.5970;1.1538;1.0752;-85.3762;75.6061;358.2154;357.5410;246.9328;57.3102;358.7338;3.4400
0.0146;0.5314;False;False;53.5080;-62.3054;-0.0199;-0.0060;-85.2562;75.3307;359.8261;359.9270;235.2427;57.9176;0.1580;359.6429;5.2465;0.0127;-0.0036;-3.0497;3.3969;-4.7115;170782;71.53972;Infinity;2373.53;53.6820;-62.4956;1.1279;1.4733;-85.4473;76.0448;354.6843;352.5108;282.5188;64.3652;354.4499;358.8118;LeftFalse_RightFalse;LeftFalse_RightFalse;HandLeft_(-0.4, -0.2, -0.2)_(0.5, 0.1, -0.8, -0.3)_1.012537_System.String[];HandLeft_(0.2, -0.8, -0.1)_(0.5, 0.5, -0.6, 0.4)_0.9825718_System.String[];HandRight_(-0.3, -0.5, -0.2)_(0.7, 0.4, 0.4, -0.4)_1.012537_System.String[];HandRight_(0.4, -0.6, -0.2)_(0.1, -0.6, -0.4, 0.6)_0.9825718_System.String[];8.5930;0.1816;-0.0763;53.7208;-62.3820;1.1542;1.0749;-85.5081;75.7458;358.2095;357.6151;247.4859;57.5220;358.8056;3.5219
0.0106;0.5225;False;False;53.3117;-62.0868;-0.0193;-0.0062;-85.3808;75.4731;359.8377;359.9285;235.7992;57.4985;0.1939;359.6671;5.2473;0.0121;-0.0040;-2.9549;3.4350;-4.7086;170785;71.768;Infinity;2373.57;53.4820;-62.2811;1.1283;1.4729;-85.5760;76.1874;354.6659;352.5097;283.0513;63.9233;354.4829;358.8368;LeftFalse_RightFalse;LeftFalse_RightFalse;HandLeft_(-0.4, -0.2, -0.2)_(0.5, 0.0, -0.8, -0.3)_1.012537_System.String[];HandLeft_(0.2, -0.7, -0.1)_(0.5, 0.6, -0.6, 0.4)_0.9825718_System.String[];HandRight_(-0.3, -0.5, -0.1)_(0.7, 0.4, 0.4, -0.4)_1.012537_System.String[];HandRight_(0.4, -0.6, -0.2)_(0.1, -0.7, -0.4, 0.6)_0.9825718_System.String[];8.6348;0.2066;-0.0703;53.5217;-62.1645;1.1547;1.0745;-85.6375;75.8883;358.1127;357.7205;248.1507;57.5406;358.9012;3.5779
0.0078;0.5120;False;False;53.1147;-61.8673;-0.0188;-0.0063;-85.5014;75.6175;359.8491;359.9298;236.4369;57.1186;0.2314;359.6898;5.2470;0.0118;-0.0042;-2.8505;3.4719;-4.7081;170788;71.73348;Infinity;2373.62;53.2833;-62.0678;1.1286;1.4724;-85.6996;76.3306;354.6463;352.5085;283.6581;63.5297;354.5165;358.8602;LeftFalse_RightFalse;LeftFalse_RightFalse;HandLeft_(-0.4, -0.2, -0.2)_(0.6, 0.0, -0.8, -0.3)_1.012537_System.String[];HandLeft_(0.2, -0.7, -0.1)_(0.4, 0.6, -0.5, 0.3)_0.9825718_System.String[];HandRight_(-0.3, -0.5, -0.1)_(0.8, 0.4, 0.3, -0.3)_1.012537_System.String[];HandRight_(0.4, -0.6, -0.1)_(0.0, -0.7, -0.4, 0.6)_0.9825718_System.String[];8.6765;0.2300;-0.0673;53.3239;-61.9485;1.1556;1.0741;-85.7617;76.0312;357.8817;357.8202;248.9514;57.4737;359.0114;3.4995
0.0057;0.5015;False;False;52.9166;-61.6466;-0.0184;-0.0065;-85.6179;75.7645;359.8610;359.9314;237.1596;56.7682;0.2700;359.7105;5.2448;0.0112;-0.0044;-2.7397;3.5083;-4.7085;170791;71.60246;Infinity;2373.66;53.0820;-61.8515;1.1289;1.4720;-85.8200;76.4771;354.6260;352.5076;284.3541;63.1665;354.5514;358.8819;LeftFalse_RightFalse;LeftFalse_RightFalse;HandLeft_(-0.4, -0.2, -0.2)_(0.6, -0.1, -0.7, -0.3)_1.012537_System.String[];HandLeft_(0.2, -0.7, -0.1)_(0.4, 0.6, -0.5, 0.3)_0.9825718_System.String[];HandRight_(-0.3, -0.5, -0.1)_(0.9, 0.4, 0.2, -0.2)_1.012537_System.String[];HandRight_(0.4, -0.6, -0.1)_(0.0, -0.7, -0.4, 0.6)_0.9825718_System.String[];8.7185;0.2491;-0.0653;53.1229;-61.7298;1.1565;1.0738;-85.8831;76.1775;357.6078;357.8758;249.9040;57.4168;359.1604;3.3446
0.0041;0.4936;False;False;52.7192;-61.4268;-0.0179;-0.0067;-85.7291;75.9125;359.8733;359.9331;237.9546;56.4424;0.3085;359.7287;5.2412;0.0112;-0.0045;-2.6264;3.5436;-4.7082;170794;71.56854;Infinity;2373.70;52.8821;-61.6369;1.1292;1.4715;-85.9345;76.6239;354.6059;352.5072;285.1210;62.8323;354.5863;358.9010;LeftFalse_RightFalse;LeftFalse_RightFalse;HandLeft_(-0.4, -0.2, -0.2)_(0.6, -0.1, -0.7, -0.3)_1.012537_System.String[];HandLeft_(0.2, -0.7, -0.1)_(0.4, 0.6, -0.5, 0.3)_0.9825718_System.String[];HandRight_(-0.3, -0.5, -0.1)_(0.9, 0.4, 0.2, -0.2)_1.012537_System.String[];HandRight_(0.4, -0.6, -0.1)_(0.0, -0.7, -0.4, 0.6)_0.9825718_System.String[];8.7605;0.2641;-0.0615;52.9225;-61.5129;1.1571;1.0734;-85.9988;76.3239;357.3728;357.8282;250.9199;57.4999;359.4112;3.1917
0.0030;0.4896;False;False;52.5231;-61.2085;-0.0174;-0.0069;-85.8345;76.0611;359.8858;359.9352;238.8082;56.1393;0.3450;359.7453;5.2367;0.0111;-0.0048;-2.4570;3.5912;-4.7049;170797;71.7785;Infinity;2373.74;52.6820;-61.4223;1.1295;1.4711;-86.0441;76.7721;354.5868;352.5072;285.9539;62.5192;354.6211;358.9183;LeftFalse_RightFalse;LeftFalse_RightFalse;HandLeft_(-0.4, -0.2, -0.2)_(0.6, -0.2, -0.7, -0.4)_1.012537_System.String[];HandLeft_(0.2, -0.7, -0.1)_(0.4, 0.6, -0.5, 0.3)_0.9825718_System.String[];HandRight_(-0.3, -0.4, -0.1)_(0.9, 0.4, 0.2, -0.2)_1.012537_System.String[];HandRight_(0.4, -0.6, -0.1)_(0.0, -0.6, -0.4, 0.6)_0.9825718_System.String[];8.8022;0.2759;-0.0540;52.7209;-61.2961;1.1578;1.0732;-86.1098;76.4718;357.1065;357.6985;252.1152;57.7459;359.7095;3.0631
0.0022;0.4885;False;False;52.3263;-60.9894;-0.0170;-0.0071;-85.9356;76.2116;359.8985;359.9371;239.7113;55.8578;0.3763;359.7620;5.2370;0.0094;-0.0047;-2.3454;3.6171;-4.7008;170800;71.7345;Infinity;2373.78;52.4820;-61.2078;1.1298;1.4707;-86.1486;76.9214;354.5705;352.5075;286.8371;62.2278;354.6531;358.9350;LeftFalse_RightFalse;LeftFalse_RightFalse;HandLeft_(-0.4, -0.2, -0.2)_(0.6, -0.2, -0.6, -0.4)_1.012537_System.String[];HandLeft_(0.2, -0.7, -0.1)_(0.4, 0.6, -0.6, 0.3)_0.9825718_System.String[];HandRight_(-0.3, -0.4, -0.1)_(0.9, 0.4, 0.2, -0.2)_1.012537_System.String[];HandRight_(0.4, -0.6, -0.1)_(0.0, -0.6, -0.4, 0.6)_0.9825718_System.String[];8.8440;0.2846;-0.0433;52.5187;-61.0800;1.1584;1.0731;-86.2152;76.6207;356.9693;357.5658;253.6452;58.1739;359.9231;2.9556
0.0016;0.4884;False;False;52.1288;-60.7691;-0.0167;-0.0073;-86.0323;76.3639;359.9157;359.9386;240.6541;55.6056;0.4018;359.7803;5.2410;0.0050;-0.0048;-2.2362;3.6376;-4.6953;170803;71.54235;Infinity;2373.83;52.2805;-60.9914;1.1301;1.4703;-86.2490;77.0730;354.5615;352.5071;287.7658;61.9621;354.6822;358.9529;LeftFalse_RightFalse;LeftFalse_RightFalse;HandLeft_(-0.4, -0.3, -0.2)_(0.7, -0.2, -0.6, -0.4)_1.012537_System.String[];HandLeft_(0.2, -0.7, -0.1)_(0.5, 0.6, -0.5, 0.3)_0.9825718_System.String[];HandRight_(-0.3, -0.4, -0.1)_(0.9, 0.4, 0.2, -0.2)_1.012537_System.String[];HandRight_(0.4, -0.6, -0.1)_(0.0, -0.7, -0.4, 0.6)_0.9825718_System.String[];8.8860;0.2898;-0.0313;52.3141;-60.8619;1.1589;1.0731;-86.3160;76.7718;356.8875;357.4648;255.4980;58.7168;0.0498;2.9140
0.0012;0.4883;False;False;51.9313;-60.5483;-0.0165;-0.0075;-86.1243;76.5172;359.9366;359.9396;241.6211;55.3920;0.4252;359.8005;5.2481;0.0030;-0.0049;-2.1304;3.6533;-4.6877;170806;71.42919;Infinity;2373.87;52.0784;-60.7737;1.1301;1.4698;-86.3448;77.2261;354.5566;352.5062;288.7249;61.7317;354.7141;358.9727;LeftFalse_RightFalse;LeftFalse_RightFalse;HandLeft_(-0.4, -0.3, -0.2)_(0.6, -0.2, -0.6, -0.4)_1.012537_System.String[];HandLeft_(0.2, -0.7, -0.1)_(0.5, 0.6, -0.5, 0.3)_0.9825718_System.String[];HandRight_(-0.3, -0.4, -0.1)_(0.9, 0.4, 0.2, -0.2)_1.012537_System.String[];HandRight_(0.5, -0.6, -0.1)_(0.0, -0.7, -0.4, 0.6)_0.9825718_System.String[];8.9282;0.2899;-0.0195;52.1087;-60.6426;1.1590;1.0732;-86.4120;76.9244;357.0355;357.3199;257.3352;59.2356;0.1400;2.9574
0.0008;0.4882;False;False;51.7331;-60.3258;-0.0164;-0.0077;-86.2123;76.6721;359.9590;359.9403;242.6037;55.2196;0.4433;359.8221;5.2570;0.0017;-0.0050;-2.0299;3.6662;-4.6778;170809;71.10497;Infinity;2373.91;51.8769;-60.5556;1.1301;1.4693;-86.4356;77.3797;354.5568;352.5047;289.6961;61.5433;354.7439;358.9939;LeftFalse_RightFalse;LeftFalse_RightFalse;HandLeft_(-0.4, -0.3, -0.2)_(0.6, -0.2, -0.6, -0.4)_1.012537_System.String[];HandLeft_(0.2, -0.7, -0.1)_(0.5, 0.6, -0.5, 0.3)_0.9825718_System.String[];HandRight_(-0.3, -0.4, -0.1)_(0.9, 0.4, 0.2, -0.2)_1.012537_System.String[];HandRight_(0.5, -0.7, -0.1)_(-0.1, -0.7, -0.4, 0.6)_0.9825718_System.String[];8.9705;0.2865;-0.0093;51.9040;-60.4231;1.1589;1.0731;-86.5025;77.0772;357.1769;357.2859;258.9546;59.7207;0.1340;2.9519
0.0006;0.4882;False;False;51.5384;-60.1063;-0.0163;-0.0079;-86.2947;76.8251;359.9814;359.9407;243.5673;55.0925;0.4550;359.8443;5.2676;0.0010;-0.0050;-1.9353;3.6764;-4.6655;170812;71.50605;Infinity;2373.95;51.6759;-60.3367;1.1301;1.4688;-86.5218;77.5338;354.5617;352.5027;290.6680;61.3976;354.7700;359.0162;LeftFalse_RightFalse;LeftFalse_RightFalse;HandLeft_(-0.4, -0.3, -0.2)_(0.6, -0.2, -0.6, -0.4)_1.012537_System.String[];HandLeft_(0.2, -0.7, -0.1)_(0.5, 0.7, -0.5, 0.3)_0.9825718_System.String[];HandRight_(-0.3, -0.4, -0.1)_(0.9, 0.4, 0.2, -0.2)_1.012537_System.String[];HandRight_(0.5, -0.7, -0.1)_(-0.1, -0.7, -0.4, 0.6)_0.9825718_System.String[];9.0122;0.2806;-0.0020;51.7000;-60.2029;1.1588;1.0729;-86.5880;77.2305;357.3158;357.3256;260.4328;60.1545;359.9646;2.8777
0.0005;0.4882;False;False;51.3446;-59.8866;-0.0163;-0.0082;-86.3731;76.9783;0.0029;359.9410;244.5150;55.0051;0.4611;359.8664;5.2787;0.0006;-0.0051;-1.8454;3.6856;-4.6513;170815;71.75808;Infinity;2373.99;51.4771;-60.1186;1.1301;1.4684;-86.6031;77.6872;354.5707;352.5006;291.6202;61.2945;354.7918;359.0386;LeftFalse_RightFalse;LeftFalse_RightFalse;HandLeft_(-0.4, -0.3, -0.2)_(0.6, -0.2, -0.6, -0.4)_1.012537_System.String[];HandLeft_(0.2, -0.7, -0.1)_(0.5, 0.7, -0.5, 0.2)_0.9825718_System.String[];HandRight_(-0.3, -0.4, -0.1)_(0.9, 0.4, 0.2, -0.2)_1.012537_System.String[];HandRight_(0.5, -0.7, -0.1)_(-0.1, -0.7, -0.4, 0.6)_0.9825718_System.String[];9.0537;0.2761;0.0017;51.4987;-59.9837;1.1588;1.0724;-86.6680;77.3830;357.4093;357.3858;261.9364;60.5801;359.6748;2.7198
0.0003;0.4881;False;False;51.1511;-59.6659;-0.0164;-0.0084;-86.4480;77.1323;0.0224;359.9413;245.4459;54.9496;0.4599;359.8870;5.2894;-0.0012;-0.0051;-1.7636;3.6953;-4.6337;170818;71.81815;Infinity;2374.04;51.2788;-59.8993;1.1301;1.4679;-86.6805;77.8413;354.5835;352.4986;292.5558;61.2270;354.8076;359.0600;LeftFalse_RightFalse;LeftFalse_RightFalse;HandLeft_(-0.4, -0.3, -0.2)_(0.6, -0.2, -0.7, -0.4)_1.012537_System.String[];HandLeft_(0.2, -0.7, -0.1)_(0.5, 0.7, -0.5, 0.2)_0.9825718_System.String[];HandRight_(-0.3, -0.4, -0.1)_(0.9, 0.4, 0.2, -0.2)_1.012537_System.String[];HandRight_(0.5, -0.7, -0.1)_(-0.1, -0.7, -0.4, 0.6)_0.9825718_System.String[];9.0955;0.2747;0.0025;51.2983;-59.7633;1.1587;1.0719;-86.7441;77.5361;357.5139;357.4688;263.5035;61.0602;359.3775;2.5272
0.0002;0.4885;False;False;50.9586;-59.4452;-0.0164;-0.0086;-86.5193;77.2864;0.0398;359.9415;246.3579;54.9170;0.4538;359.9050;5.2994;-0.0009;-0.0052;-1.6797;3.7056;-4.6158;170821;71.90409;Infinity;2374.08;51.0816;-59.6795;1.1300;1.4674;-86.7539;77.9956;354.5994;352.4968;293.4719;61.1857;354.8177;359.0789;LeftFalse_RightFalse;LeftFalse_RightFalse;HandLeft_(-0.4, -0.3, -0.2)_(0.6, -0.2, -0.7, -0.4)_1.012537_System.String[];HandLeft_(0.2, -0.7, -0.1)_(0.5, 0.6, -0.5, 0.3)_0.9825718_System.String[];HandRight_(-0.3, -0.4, -0.1)_(0.9, 0.4, 0.2, -0.2)_1.012537_System.String[];HandRight_(0.5, -0.7, -0.1)_(0.0, -0.7, -0.4, 0.6)_0.9825718_System.String[];9.1372;0.2753;0.0025;51.1000;-59.5427;1.1586;1.0714;-86.8162;77.6892;357.7316;357.5782;265.0335;61.6268;359.1308;2.3303
0.0002;0.4906;False;False;50.7670;-59.2241;-0.0164;-0.0088;-86.5868;77.4410;0.0553;359.9410;247.2568;54.8993;0.4466;359.9203;5.3093;-0.0003;-0.0049;-1.5943;3.7162;-4.5973;170824;71.95764;Infinity;2374.12;50.8853;-59.4590;1.1300;1.4670;-86.8235;78.1504;354.6158;352.4948;294.3741;61.1618;354.8245;359.0951;LeftFalse_RightFalse;LeftFalse_RightFalse;HandLeft_(-0.4, -0.3, -0.2)_(0.6, -0.2, -0.7, -0.4)_1.012537_System.String[];HandLeft_(0.2, -0.7, -0.1)_(0.5, 0.6, -0.6, 0.2)_0.9825718_System.String[];HandRight_(-0.3, -0.4, -0.1)_(0.9, 0.4, 0.2, -0.2)_1.012537_System.String[];HandRight_(0.5, -0.7, -0.1)_(0.0, -0.7, -0.4, 0.6)_0.9825718_System.String[];9.1790;0.2771;0.0023;50.9033;-59.3214;1.1584;1.0707;-86.8847;77.8429;357.8016;357.7752;266.3176;62.2783;359.0728;2.1928
0.0001;0.4935;False;False;50.5761;-59.0025;-0.0164;-0.0090;-86.6506;77.5961;0.0674;359.9399;248.1473;54.8911;0.4425;359.9334;5.3247;0.0017;-0.0048;-1.4660;3.7318;-4.5675;170827;71.97289;Infinity;2374.16;50.6899;-59.2380;1.1301;1.4666;-86.8893;78.3055;354.6284;352.4924;295.2662;61.1492;354.8310;359.1089;LeftFalse_RightFalse;LeftFalse_RightFalse;HandLeft_(-0.4, -0.3, -0.2)_(0.6, -0.2, -0.7, -0.4)_1.012537_System.String[];HandLeft_(0.2, -0.7, -0.1)_(0.5, 0.6, -0.6, 0.2)_0.9825718_System.String[];HandRight_(-0.3, -0.4, -0.1)_(0.9, 0.4, 0.2, -0.2)_1.012537_System.String[];HandRight_(0.5, -0.6, -0.1)_(0.0, -0.7, -0.4, 0.6)_0.9825718_System.String[];9.2205;0.2775;0.0023;50.7078;-59.0995;1.1585;1.0698;-86.9499;77.9969;357.7574;358.0969;267.5012;62.9804;358.9439;2.0895
0.0001;0.4974;False;False;50.3859;-58.7802;-0.0163;-0.0092;-86.7108;77.7519;0.0759;359.9384;249.0308;54.8893;0.4389;359.9445;5.3358;0.0024;-0.0047;-1.3829;3.7418;-4.5461;170830;71.93732;Infinity;2374.20;50.4953;-59.0163;1.1301;1.4663;-86.9514;78.4612;354.6377;352.4898;296.1512;61.1440;354.8355;359.1204;LeftFalse_RightFalse;LeftFalse_RightFalse;HandLeft_(-0.4, -0.3, -0.2)_(0.6, -0.2, -0.6, -0.4)_1.012537_System.String[];HandLeft_(0.2, -0.7, -0.1)_(0.5, 0.6, -0.6, 0.2)_0.9825718_System.String[];HandRight_(-0.3, -0.4, -0.1)_(0.9, 0.4, 0.2, -0.2)_1.012537_System.String[];HandRight_(0.5, -0.6, -0.1)_(0.0, -0.6, -0.4, 0.6)_0.9825718_System.String[];9.2622;0.2761;0.0023;50.5131;-58.8771;1.1588;1.0690;-87.0117;78.1515;357.6331;358.5013;268.6165;63.6768;358.7919;1.9807
0.0001;0.5039;False;False;50.1959;-58.5566;-0.0162;-0.0094;-86.7676;77.9087;0.0821;359.9369;249.9077;54.8916;0.4347;359.9540;5.3477;0.0028;-0.0045;-1.3041;3.7516;-4.5234;170833;71.81139;Infinity;2374.24;50.3006;-58.7927;1.1302;1.4660;-87.0102;78.6182;354.6452;352.4871;297.0327;61.1438;354.8380;359.1303;LeftFalse_RightFalse;LeftFalse_RightFalse;HandLeft_(-0.4, -0.2, -0.2)_(0.6, -0.2, -0.6, -0.4)_1.012537_System.String[];HandLeft_(0.2, -0.7, -0.1)_(0.5, 0.6, -0.6, 0.2)_0.9825718_System.String[];HandRight_(-0.3, -0.4, -0.1)_(0.9, 0.4, 0.2, -0.2)_1.012537_System.String[];HandRight_(0.5, -0.6, -0.1)_(-0.1, -0.6, -0.4, 0.7)_0.9825718_System.String[];9.3042;0.2698;0.0023;50.3179;-58.6528;1.1593;1.0684;-87.0704;78.3074;357.4607;358.8531;269.6824;64.3013;358.6466;1.8640
0.0000;0.5132;False;False;50.0073;-58.3327;-0.0161;-0.0096;-86.8211;78.0656;0.0868;359.9352;250.7658;54.8966;0.4283;359.9622;5.3607;0.0030;-0.0045;-1.2329;3.7615;-4.4991;170836;71.79779;Infinity;2374.29;50.1075;-58.5692;1.1304;1.4657;-87.0652;78.7752;354.6527;352.4846;297.8980;61.1469;354.8381;359.1388;LeftFalse_RightFalse;LeftFalse_RightFalse;HandLeft_(-0.4, -0.2, -0.2)_(0.6, -0.2, -0.7, -0.4)_1.012537_System.String[];HandLeft_(0.2, -0.7, -0.1)_(0.5, 0.6, -0.5, 0.2)_0.9825718_System.String[];HandRight_(-0.3, -0.4, -0.1)_(0.9, 0.4, 0.2, -0.2)_1.012537_System.String[];HandRight_(0.5, -0.6, -0.1)_(-0.1, -0.6, -0.5, 0.7)_0.9825718_System.String[];9.3459;0.2581;0.0023;50.1240;-58.4288;1.1599;1.0679;-87.1260;78.4636;357.3369;359.0771;270.6407;64.7914;358.6180;1.7543
0.0065;0.5234;False;False;49.8203;-58.1091;-0.0159;-0.0098;-86.8714;78.2225;0.0904;359.9334;251.5928;54.9034;0.4182;359.9694;5.3750;0.0031;-0.0045;-1.1698;3.7718;-4.4736;170839;71.88968;Infinity;2374.33;49.9163;-58.3459;1.1305;1.4654;-87.1169;78.9320;354.6618;352.4820;298.7357;61.1521;354.8351;359.1461;LeftFalse_RightFalse;LeftFalse_RightFalse;HandLeft_(-0.4, -0.2, -0.2)_(0.6, -0.1, -0.7, -0.4)_1.012537_System.String[];HandLeft_(0.2, -0.7, -0.1)_(0.5, 0.6, -0.5, 0.2)_0.9825718_System.String[];HandRight_(-0.3, -0.4, -0.1)_(0.9, 0.4, 0.2, -0.2)_1.012537_System.String[];HandRight_(0.5, -0.6, -0.2)_(0.0, -0.6, -0.5, 0.7)_0.9825718_System.String[];9.3877;0.2415;0.0023;49.9318;-58.2052;1.1605;1.0675;-87.1788;78.6198;357.3035;359.1607;271.3636;65.1524;358.7403;1.6660
0.0199;0.5330;False;False;49.6341;-57.8844;-0.0159;-0.0099;-86.9192;78.3801;0.0913;359.9315;252.3831;54.9113;0.4086;359.9757;5.3903;0.0010;-0.0045;-1.1155;3.7824;-4.4479;170842;71.8866;Infinity;2374.37;49.7259;-58.1215;1.1307;1.4652;-87.1658;79.0896;354.6711;352.4795;299.5406;61.1589;354.8295;359.1525;LeftFalse_RightFalse;LeftFalse_RightFalse;HandLeft_(-0.4, -0.2, -0.2)_(0.6, -0.1, -0.7, -0.4)_1.012537_System.String[];HandLeft_(0.2, -0.7, -0.1)_(0.5, 0.6, -0.6, 0.2)_0.9825718_System.String[];HandRight_(-0.3, -0.4, -0.1)_(0.9, 0.4, 0.2, -0.2)_1.012537_System.String[];HandRight_(0.5, -0.6, -0.2)_(0.0, -0.6, -0.5, 0.7)_0.9825718_System.String[];9.4294;0.2215;0.0023;49.7405;-57.9806;1.1609;1.0672;-87.2292;78.7771;357.3458;359.1793;271.9096;65.3903;358.8802;1.6085
0.0387;0.5425;False;False;49.4485;-57.6584;-0.0159;-0.0101;-86.9650;78.5386;0.0885;359.9293;253.1271;54.9202;0.3972;359.9810;5.4069;-0.0010;-0.0044;-1.0704;3.7934;-4.4229;170845;71.75726;Infinity;2374.41;49.5370;-57.8963;1.1308;1.4649;-87.2123;79.2476;354.6770;352.4768;300.3010;61.1668;354.8221;359.1580;LeftFalse_RightFalse;LeftFalse_RightFalse;HandLeft_(-0.4, -0.2, -0.2)_(0.5, 0.0, -0.8, -0.4)_1.012537_System.String[];HandLeft_(0.2, -0.7, -0.1)_(0.5, 0.6, -0.5, 0.2)_0.9825718_System.String[];HandRight_(-0.3, -0.4, -0.1)_(0.9, 0.4, 0.2, -0.2)_1.012537_System.String[];HandRight_(0.5, -0.7, -0.2)_(0.0, -0.5, -0.5, 0.6)_0.9825718_System.String[];9.4712;0.2009;0.0029;49.5504;-57.7554;1.1610;1.0669;-87.2777;78.9348;357.3512;359.1874;272.1902;65.5089;359.0000;1.6159
0.0638;0.5522;False;False;49.2623;-57.4297;-0.0159;-0.0103;-87.0094;78.6990;0.0812;359.9261;253.8200;54.9305;0.3779;359.9859;5.4250;-0.0029;-0.0041;-1.0320;3.8045;-4.3995;170848;71.40279;Infinity;2374.45;49.3470;-57.6677;1.1308;1.4647;-87.2573;79.4081;354.6855;352.4734;301.0163;61.1759;354.8062;359.1626;LeftFalse_RightFalse;LeftFalse_RightFalse;HandLeft_(-0.4, -0.2, -0.2)_(0.5, 0.0, -0.8, -0.3)_1.012537_System.String[];HandLeft_(0.2, -0.7, -0.1)_(0.5, 0.6, -0.5, 0.2)_0.9825718_System.String[];HandRight_(-0.3, -0.4, -0.1)_(0.9, 0.4, 0.2, -0.2)_1.012537_System.String[];HandRight_(0.5, -0.7, -0.2)_(0.0, -0.6, -0.5, 0.6)_0.9825718_System.String[];9.5134;0.1811;0.0037;49.3595;-57.5267;1.1608;1.0664;-87.3246;79.0952;357.4701;359.2725;272.3681;65.5551;359.0374;1.6614
0.0933;0.5621;False;False;49.0783;-57.2016;-0.0161;-0.0105;-87.0520;78.8589;0.0709;359.9223;254.4502;54.9428;0.3549;359.9904;5.4441;-0.0042;-0.0040;-0.9968;3.8159;-4.3785;170851;71.4616;Infinity;2374.50;49.1597;-57.4398;1.1308;1.4645;-87.3001;79.5680;354.6956;352.4693;301.6671;61.1870;354.7839;359.1670;LeftFalse_RightFalse;LeftFalse_RightFalse;HandLeft_(-0.4, -0.2, -0.2)_(0.5, 0.1, -0.8, -0.3)_1.012537_System.String[];HandLeft_(0.2, -0.7, -0.1)_(0.5, 0.6, -0.6, 0.2)_0.9825718_System.String[];HandRight_(-0.3, -0.4, -0.1)_(0.9, 0.4, 0.2, -0.2)_1.012537_System.String[];HandRight_(0.5, -0.7, -0.2)_(0.0, -0.6, -0.5, 0.6)_0.9825718_System.String[];9.5554;0.1653;0.0039;49.1715;-57.2987;1.1607;1.0660;-87.3694;79.2549;357.6093;359.3561;272.5477;65.5889;359.0068;1.7271
0.1297;0.5739;False;False;48.8948;-56.9722;-0.0163;-0.0106;-87.0932;79.0196;0.0586;359.9181;255.0269;54.9570;0.3307;-0.0057;5.4644;-0.0050;-0.0036;-0.9660;3.8279;-4.3603;170854;71.43891;Infinity;2374.54;48.9734;-57.2108;1.1307;1.4643;-87.3414;79.7284;354.7053;352.4647;302.2628;61.2001;354.7589;359.1706;LeftFalse_RightFalse;LeftFalse_RightFalse;HandLeft_(-0.4, -0.2, -0.2)_(0.5, 0.1, -0.8, -0.3)_1.012537_System.String[];HandLeft_(0.2, -0.7, -0.1)_(0.5, 0.6, -0.5, 0.2)_0.9825718_System.String[];HandRight_(-0.3, -0.4, -0.1)_(0.9, 0.4, 0.2, -0.2)_1.012537_System.String[];HandRight_(0.5, -0.7, -0.2)_(0.0, -0.6, -0.5, 0.6)_0.9825718_System.String[];9.5974;0.1520;0.0039;48.9850;-57.0697;1.1606;1.0656;-87.4128;79.4153;357.7572;359.3740;272.7474;65.6442;358.8712;1.7808
0.1657;0.5879;False;False;48.7114;-56.7412;-0.0165;-0.0108;-87.1333;79.1813;0.0450;359.9142;255.5555;54.9727;0.3061;-0.0025;5.4858;-0.0051;-0.0033;-0.9377;3.8408;-4.3463;170857;71.33373;Infinity;2374.58;48.7876;-56.9802;1.1306;1.4641;-87.3815;79.8900;354.7142;352.4604;302.8087;61.2150;354.7325;359.1735;LeftFalse_RightFalse;LeftFalse_RightFalse;HandLeft_(-0.4, -0.2, -0.2)_(0.5, 0.1, -0.8, -0.3)_1.012537_System.String[];HandLeft_(0.2, -0.7, -0.1)_(0.5, 0.6, -0.5, 0.2)_0.9825718_System.String[];HandRight_(-0.3, -0.4, -0.1)_(0.9, 0.4, 0.2, -0.2)_1.012537_System.String[];HandRight_(0.5, -0.7, -0.2)_(-0.1, -0.6, -0.5, 0.6)_0.9825718_System.String[];9.6396;0.1449;0.0039;48.7987;-56.8391;1.1604;1.0653;-87.4548;79.5768;357.7933;359.3344;272.8492;65.7320;358.8902;1.8490
0.1983;0.6045;False;False;48.5301;-56.5115;-0.0178;-0.0109;-87.1724;79.3421;359.9891;359.9104;256.0459;54.9891;0.1813;0.0002;5.5207;-0.1017;-0.0031;-0.8907;3.8620;-4.3330;170860;71.57651;Infinity;2374.62;48.6040;-56.7504;1.1303;1.4640;-87.4195;80.0508;354.7375;352.4563;303.3124;61.2309;354.6741;359.1760;LeftFalse_RightFalse;LeftFalse_RightFalse;HandLeft_(-0.4, -0.2, -0.1)_(0.5, 0.1, -0.8, -0.2)_1.012537_System.String[];HandLeft_(0.2, -0.7, -0.1)_(0.5, 0.6, -0.5, 0.2)_0.9825718_System.String[];HandRight_(-0.3, -0.4, -0.1)_(0.9, 0.4, 0.2, -0.2)_1.012537_System.String[];HandRight_(0.5, -0.7, -0.2)_(-0.1, -0.6, -0.5, 0.6)_0.9825718_System.String[];9.6814;0.1443;0.0039;48.6148;-56.6093;1.1599;1.0651;-87.4943;79.7375;357.8185;359.2589;272.8652;65.7905;358.9151;1.9318
0.2245;0.6226;False;False;48.3488;-56.2809;-0.0231;-0.0110;-87.2118;79.5033;359.7779;359.9065;256.5339;55.0062;359.7424;0.0025;5.5461;-0.1843;-0.0031;-0.8377;3.8776;-4.3320;170863;71.74602;Infinity;2374.66;48.4220;-56.5199;1.1280;1.4638;-87.4516;80.2119;354.8835;352.4522;303.8321;61.2475;354.3200;359.1779;LeftFalse_RightFalse;LeftFalse_RightFalse;HandLeft_(-0.4, -0.2, -0.1)_(0.5, 0.1, -0.8, -0.2)_1.012537_System.String[];HandLeft_(0.2, -0.7, -0.1)_(0.5, 0.6, -0.5, 0.2)_0.9825718_System.String[];HandRight_(-0.3, -0.4, -0.1)_(0.9, 0.4, 0.2, -0.2)_1.012537_System.String[];HandRight_(0.5, -0.7, -0.2)_(-0.1, -0.6, -0.5, 0.6)_0.9825718_System.String[];9.7229;0.1467;0.0039;48.4327;-56.3790;1.1578;1.0649;-87.5284;79.8988;357.9272;359.2050;272.9056;65.7988;358.5475;2.0179
0.2443;0.6414;False;False;48.1668;-56.0490;-0.0318;-0.0112;-87.2503;79.6654;359.4389;359.9025;257.0267;55.0238;359.0952;0.0044;5.5735;-0.2517;-0.0031;-0.7782;3.8946;-4.3346;170866;71.80874;Infinity;2374.70;48.2410;-56.2880;1.1231;1.4637;-87.4778;80.3740;355.1127;352.4480;304.3745;61.2648;353.7023;359.1795;LeftFalse_RightFalse;LeftFalse_RightFalse;HandLeft_(-0.4, -0.2, -0.1)_(0.5, 0.1, -0.8, -0.2)_1.012537_System.String[];HandLeft_(0.2, -0.7, -0.1)_(0.5, 0.6, -0.5, 0.2)_0.9825718_System.String[];HandRight_(-0.3, -0.4, -0.1)_(0.9, 0.4, 0.2, -0.2)_1.012537_System.String[];HandRight_(0.5, -0.7, -0.2)_(-0.1, -0.6, -0.5, 0.6)_0.9825718_System.String[];9.7646;0.1507;0.0031;48.2517;-56.1474;1.1535;1.0648;-87.5565;80.0611;357.8293;359.1795;273.0626;65.7307;357.8719;2.1079
0.2584;0.6588;False;False;47.9845;-55.8163;-0.0430;-0.0113;-87.2870;79.8280;359.0017;359.8981;257.5261;55.0406;358.3082;0.0056;5.6022;-0.3034;-0.0029;-0.7175;3.9141;-4.3387;170869;71.9068;Infinity;2374.75;48.0616;-56.0557;1.1159;1.4636;-87.4988;80.5363;355.3876;352.4436;304.9294;61.2820;352.8969;359.1806;LeftFalse_RightFalse;LeftFalse_RightFalse;HandLeft_(-0.4, -0.2, -0.1)_(0.5, 0.1, -0.8, -0.3)_1.012537_System.String[];HandLeft_(0.2, -0.7, -0.1)_(0.5, 0.6, -0.5, 0.2)_0.9825718_System.String[];HandRight_(-0.3, -0.4, -0.1)_(0.9, 0.4, 0.2, -0.2)_1.012537_System.String[];HandRight_(0.5, -0.6, -0.2)_(-0.1, -0.6, -0.5, 0.6)_0.9825718_System.String[];9.8064;0.1548;0.0007;48.0721;-55.9152;1.1474;1.0646;-87.5792;80.2237;357.5298;359.1448;273.2831;65.5872;357.2016;2.1831
0.2679;0.6726;False;False;47.8012;-55.5817;-0.0556;-0.0114;-87.3214;79.9920;358.5096;359.8930;258.0318;55.0532;357.4686;0.0058;5.6315;-0.2834;-0.0029;-0.6465;3.9364;-4.3431;170872;71.83138;Infinity;2374.79;47.8830;-55.8220;1.1068;1.4635;-87.5154;80.6995;355.6895;352.4388;305.4917;61.2964;351.9591;359.1807;LeftFalse_RightFalse;LeftFalse_RightFalse;HandLeft_(-0.4, -0.2, -0.1)_(0.5, 0.1, -0.8, -0.3)_1.012537_System.String[];HandLeft_(0.2, -0.7, -0.1)_(0.5, 0.6, -0.5, 0.2)_0.9825718_System.String[];HandRight_(-0.3, -0.4, -0.1)_(0.9, 0.4, 0.2, -0.2)_1.012537_System.String[];HandRight_(0.5, -0.6, -0.2)_(-0.1, -0.6, -0.5, 0.6)_0.9825718_System.String[];9.8481;0.1581;-0.0025;47.8929;-55.6818;1.1396;1.0645;-87.5974;80.3872;357.0683;359.1126;273.5411;65.4035;356.5176;2.2345
0.2734;0.6830;False;False;47.6165;-55.3439;-0.0658;-0.0115;-87.3527;80.1582;358.1193;359.8876;258.5140;55.0585;356.9116;0.0047;5.6613;-0.2091;-0.0027;-0.6401;3.9603;-4.3436;170875;71.56936;Infinity;2374.83;47.7019;-55.5839;1.0979;1.4634;-87.5330;80.8658;355.8870;352.4335;306.0240;61.3047;351.1865;359.1795;LeftFalse_RightFalse;LeftFalse_RightFalse;HandLeft_(-0.4, -0.2, -0.1)_(0.5, 0.1, -0.8, -0.3)_1.012537_System.String[];HandLeft_(0.2, -0.7, -0.1)_(0.5, 0.6, -0.6, 0.2)_0.9825718_System.String[];HandRight_(-0.3, -0.4, -0.1)_(0.9, 0.4, 0.2, -0.2)_1.012537_System.String[];HandRight_(0.5, -0.6, -0.2)_(-0.1, -0.6, -0.5, 0.6)_0.9825718_System.String[];9.8904;0.1598;-0.0049;47.7112;-55.4439;1.1317;1.0644;-87.6166;80.5539;356.7555;359.0490;273.7459;65.2372;356.0298;2.2696
0.2757;0.6902;False;False;47.4340;-55.1073;-0.0731;-0.0116;-87.3810;80.3238;357.8434;359.8827;258.9797;55.0549;356.5657;0.0025;5.6917;-0.1509;-0.0023;-0.6082;3.9853;-4.3474;170878;71.77328;Infinity;2374.87;47.5225;-55.3480;1.0912;1.4633;-87.5531;81.0309;355.9749;352.4286;306.5132;61.3045;350.6867;359.1769;LeftFalse_RightFalse;LeftFalse_RightFalse;HandLeft_(-0.4, -0.2, -0.2)_(0.5, 0.1, -0.8, -0.3)_1.012537_System.String[];HandLeft_(0.2, -0.7, -0.1)_(0.5, 0.6, -0.6, 0.2)_0.9825718_System.String[];HandRight_(-0.3, -0.4, -0.1)_(0.9, 0.4, 0.2, -0.2)_1.012537_System.String[];HandRight_(0.4, -0.6, -0.2)_(0.0, -0.6, -0.5, 0.7)_0.9825718_System.String[];9.9319;0.1593;-0.0059;47.5308;-55.2083;1.1254;1.0643;-87.6383;80.7189;356.6268;358.9437;273.8777;65.1362;355.8037;2.3015
0.2773;0.6947;False;False;47.2518;-54.8694;-0.0782;-0.0117;-87.4073;80.4905;357.6497;359.8782;259.4438;55.0434;356.3375;0.0001;5.7229;-0.1063;-0.0021;-0.5856;4.0105;-4.3495;170881;71.88728;Infinity;2374.91;47.3420;-55.1107;1.0863;1.4633;-87.5742;81.1970;356.0206;352.4243;306.9912;61.2957;350.3489;359.1740;LeftFalse_RightFalse;LeftFalse_RightFalse;HandLeft_(-0.4, -0.2, -0.2)_(0.5, 0.1, -0.8, -0.3)_1.012537_System.String[];HandLeft_(0.2, -0.7, -0.1)_(0.5, 0.6, -0.5, 0.2)_0.9825718_System.String[];HandRight_(-0.3, -0.4, -0.1)_(0.9, 0.4, 0.2, -0.2)_1.012537_System.String[];HandRight_(0.5, -0.6, -0.2)_(0.0, -0.6, -0.5, 0.7)_0.9825718_System.String[];9.9736;0.1577;-0.0060;47.3493;-54.9713;1.1207;1.0642;-87.6607;80.8851;356.5407;358.8407;274.0251;65.1092;355.6994;2.3476
0.2803;0.6981;False;False;47.0714;-54.6301;-0.0701;-0.0118;-87.4272;80.6582;357.9748;359.8743;259.8923;55.0261;357.1845;-0.0021;5.7547;0.7348;-0.0019;-0.6692;4.0355;-4.3428;170884;71.9412;Infinity;2374.96;47.1606;-54.8722;1.0834;1.4633;-87.5968;81.3643;356.0216;352.4204;307.4604;61.2804;350.1837;359.1712;LeftFalse_RightFalse;LeftFalse_RightFalse;HandLeft_(-0.4, -0.2, -0.2)_(0.5, 0.1, -0.8, -0.3)_1.012537_System.String[];HandLeft_(0.2, -0.7, -0.1)_(0.5, 0.6, -0.5, 0.2)_0.9825718_System.String[];HandRight_(-0.3, -0.4, -0.1)_(0.9, 0.4, 0.2, -0.2)_1.012537_System.String[];HandRight_(0.5, -0.6, -0.2)_(-0.1, -0.6, -0.5, 0.7)_0.9825718_System.String[];10.0154;0.1568;-0.0060;47.1667;-54.7329;1.1177;1.0642;-87.6843;81.0524;356.5385;358.7617;274.2213;65.1431;355.7161;2.4143
0.2836;0.7001;False;False;46.8939;-54.3892;-0.0464;-0.0119;-87.4445;80.8273;358.8890;359.8707;260.3322;55.0048;358.9983;-0.0041;5.7867;0.5034;-0.0019;-0.7083;4.0607;-4.3364;170887;71.92234;Infinity;2375.00;46.9687;-54.6320;1.1021;1.4632;-87.6593;81.5328;355.0697;352.4170;307.7879;61.2605;352.4703;359.1688;LeftFalse_RightFalse;LeftFalse_RightFalse;HandLeft_(-0.4, -0.2, -0.2)_(0.5, 0.1, -0.8, -0.3)_1.012537_System.String[];HandLeft_(0.2, -0.7, -0.1)_(0.5, 0.7, -0.5, 0.2)_0.9825718_System.String[];HandRight_(-0.3, -0.4, -0.1)_(0.9, 0.4, 0.2, -0.2)_1.012537_System.String[];HandRight_(0.5, -0.6, -0.2)_(-0.1, -0.6, -0.5, 0.7)_0.9825718_System.String[];10.0571;0.1573;-0.0058;46.9733;-54.4927;1.1326;1.0645;-87.7493;81.2210;357.0378;358.7182;274.4151;65.1899;358.2160;2.5004
0.2896;0.7002;False;False;46.7158;-54.1471;-0.0303;-0.0120;-87.4673;80.9973;359.4840;359.8675;260.8009;54.9810;359.9202;359.9943;5.8188;0.3363;-0.0019;-0.6848;4.0858;-4.3386;170890;71.95766;Infinity;2375.04;46.7791;-54.3907;1.1154;1.4632;-87.7061;81.7023;354.6856;352.4139;308.1528;61.2377;353.7548;359.1667;LeftFalse_RightFalse;LeftFalse_RightFalse;HandLeft_(-0.4, -0.2, -0.2)_(0.5, 0.1, -0.8, -0.2)_1.012537_System.String[];HandLeft_(0.2, -0.7, -0.1)_(0.5, 0.7, -0.5, 0.2)_0.9825718_System.String[];HandRight_(-0.3, -0.4, -0.1)_(0.9, 0.4, 0.2, -0.2)_1.012537_System.String[];HandRight_(0.5, -0.6, -0.2)_(-0.1, -0.6, -0.5, 0.7)_0.9825718_System.String[];10.0986;0.1605;-0.0055;46.7827;-54.2514;1.1435;1.0646;-87.7976;81.3905;357.5948;358.6869;274.7001;65.2635;359.6461;2.5514
0.2968;0.6959;False;False;46.5365;-53.9033;-0.0201;-0.0120;-87.4912;81.1685;359.8580;359.8645;261.3017;54.9559;0.3719;359.9928;5.8508;0.2144;-0.0017;-0.6326;4.1106;-4.3425;170893;71.91135;Infinity;2375.08;46.5913;-54.1482;1.1245;1.4631;-87.7427;81.8728;354.5579;352.4110;308.5804;61.2131;354.4676;359.1648;LeftFalse_RightFalse;LeftFalse_RightFalse;HandLeft_(-0.4, -0.2, -0.2)_(0.5, 0.1, -0.8, -0.2)_1.012537_System.String[];HandLeft_(0.2, -0.7, -0.1)_(0.5, 0.7, -0.6, 0.2)_0.9825718_System.String[];HandRight_(-0.3, -0.4, -0.1)_(0.9, 0.4, 0.2, -0.2)_1.012537_System.String[];HandRight_(0.5, -0.6, -0.2)_(-0.1, -0.6, -0.5, 0.6)_0.9825718_System.String[];10.1404;0.1675;-0.0044;46.5938;-54.0087;1.1513;1.0647;-87.8354;81.5611;358.0111;358.6327;275.1584;65.3413;0.4339;2.5113
0.3057;0.6842;False;False;46.3565;-53.6585;-0.0140;-0.0121;-87.5139;81.3406;0.0764;359.8617;261.8291;54.9318;0.5735;359.9920;5.8981;0.0953;-0.0016;-0.5252;4.1457;-4.3510;170896;71.95177;Infinity;2375.12;46.4046;-53.9038;1.1304;1.4631;-87.7720;82.0446;354.5382;352.4083;309.0651;61.1886;354.8472;359.1634;LeftFalse_RightFalse;LeftFalse_RightFalse;HandLeft_(-0.4, -0.2, -0.2)_(0.5, 0.1, -0.8, -0.3)_1.012537_System.String[];HandLeft_(0.2, -0.7, -0.1)_(0.5, 0.6, -0.6, 0.2)_0.9825718_System.String[];HandRight_(-0.3, -0.4, -0.1)_(0.9, 0.4, 0.2, -0.2)_1.012537_System.String[];HandRight_(0.5, -0.6, -0.2)_(-0.1, -0.6, -0.5, 0.6)_0.9825718_System.String[];10.1821;0.1767;-0.0016;46.4066;-53.7643;1.1564;1.0647;-87.8656;81.7330;358.2378;358.5677;275.8091;65.4035;0.8006;2.4223
0.3154;0.6648;False;False;46.1747;-53.4108;-0.0107;-0.0122;-87.5343;81.5147;0.1934;359.8596;262.3760;54.9118;0.6507;359.9920;5.9292;0.0463;-0.0013;-0.4468;4.1654;-4.3579;170899;71.77498;Infinity;2375.16;46.2178;-53.6568;1.1339;1.4631;-87.7958;82.2183;354.5559;352.4059;309.5892;61.1667;355.0327;359.1628;LeftFalse_RightFalse;LeftFalse_RightFalse;HandLeft_(-0.4, -0.2, -0.2)_(0.5, 0.1, -0.8, -0.3)_1.012537_System.String[];HandLeft_(0.2, -0.7, -0.1)_(0.5, 0.6, -0.6, 0.2)_0.9825718_System.String[];HandRight_(-0.3, -0.4, -0.1)_(0.9, 0.4, 0.2, -0.2)_1.012537_System.String[];HandRight_(0.5, -0.6, -0.2)_(-0.1, -0.6, -0.5, 0.6)_0.9825718_System.String[];10.2241;0.1866;0.0031;46.2196;-53.5172;1.1598;1.0647;-87.8900;81.9068;358.2096;358.5168;276.5681;65.4488;1.0589;2.3494
0.3235;0.6390;False;False;45.9901;-53.1589;-0.0093;-0.0122;-87.5519;81.6915;0.2431;359.8583;262.9438;54.9024;0.6638;359.9939;5.9594;0.0142;-0.0012;-0.3708;4.1805;-4.3649;170902;71.40602;Infinity;2375.21;46.0296;-53.4056;1.1357;1.4630;-87.8151;82.3949;354.5806;352.4043;310.1449;61.1529;355.1053;359.1638;LeftFalse_RightFalse;LeftFalse_RightFalse;HandLeft_(-0.4, -0.2, -0.2)_(0.5, 0.1, -0.8, -0.3)_1.012537_System.String[];HandLeft_(0.2, -0.7, -0.1)_(0.5, 0.6, -0.6, 0.2)_0.9825718_System.String[];HandRight_(-0.3, -0.4, -0.1)_(0.9, 0.4, 0.2, -0.2)_1.012537_System.String[];HandRight_(0.5, -0.6, -0.2)_(-0.1, -0.6, -0.5, 0.6)_0.9825718_System.String[];10.2664;0.1952;0.0089;46.0312;-53.2659;1.1620;1.0647;-87.9095;82.0832;357.9861;358.4807;277.5686;65.5179;1.2980;2.3127
0.3298;0.6110;False;False;45.8077;-52.9093;-0.0091;-0.0123;-87.5663;81.8664;0.2500;359.8581;263.5189;54.9098;0.6449;-0.0021;5.9880;-0.0056;-0.0011;-0.2999;4.1907;-4.3719;170905;71.60937;Infinity;2375.25;45.8442;-53.1565;1.1363;1.4629;-87.8300;82.5697;354.6011;352.4034;310.7142;61.1536;355.1121;359.1671;LeftFalse_RightFalse;LeftFalse_RightFalse;HandLeft_(-0.4, -0.2, -0.2)_(0.5, 0.0, -0.8, -0.3)_1.012537_System.String[];HandLeft_(0.2, -0.7, -0.1)_(0.5, 0.6, -0.6, 0.3)_0.9825718_System.String[];HandRight_(-0.3, -0.4, -0.1)_(0.9, 0.4, 0.2, -0.2)_1.012537_System.String[];HandRight_(0.5, -0.7, -0.1)_(-0.1, -0.6, -0.5, 0.6)_0.9825718_System.String[];10.3083;0.2023;0.0151;45.8455;-53.0166;1.1629;1.0647;-87.9245;82.2577;357.7691;358.4900;278.7247;65.5907;1.5588;2.3241
0.3350;0.5833;False;False;45.6253;-52.6593;-0.0095;-0.0123;-87.5777;82.0412;0.2322;359.8589;264.1070;54.9378;0.6111;0.0039;6.0148;-0.0170;-0.0010;-0.2352;4.1970;-4.3786;170908;71.8028;Infinity;2375.29;45.6594;-52.9067;1.1361;1.4628;-87.8416;82.7445;354.6158;352.4032;311.3003;61.1735;355.0835;359.1725;LeftFalse_RightFalse;LeftFalse_RightFalse;HandLeft_(-0.4, -0.2, -0.2)_(0.5, 0.0, -0.8, -0.3)_1.012537_System.String[];HandLeft_(0.2, -0.7, -0.1)_(0.5, 0.6, -0.5, 0.3)_0.9825718_System.String[];HandRight_(-0.3, -0.4, -0.1)_(0.9, 0.4, 0.2, -0.2)_1.012537_System.String[];HandRight_(0.4, -0.7, -0.1)_(-0.1, -0.6, -0.5, 0.6)_0.9825718_System.String[];10.3499;0.2071;0.0215;45.6604;-52.7667;1.1630;1.0646;-87.9358;82.4322;357.5620;358.6187;279.9424;65.7180;1.7551;2.3334
0.3399;0.5603;False;False;45.4426;-52.4080;-0.0104;-0.0124;-87.5865;82.2161;0.2015;359.8605;264.7085;54.9900;0.5714;0.0117;6.0400;-0.0226;-0.0010;-0.1760;4.1984;-4.3853;170911;71.88986;Infinity;2375.33;45.4745;-52.6554;1.1356;1.4626;-87.8501;82.9196;354.6255;352.4037;311.9020;61.2161;355.0371;359.1798;LeftFalse_RightFalse;LeftFalse_RightFalse;HandLeft_(-0.4, -0.2, -0.2)_(0.6, 0.0, -0.8, -0.3)_1.012537_System.String[];HandLeft_(0.2, -0.7, -0.1)_(0.5, 0.7, -0.5, 0.2)_0.9825718_System.String[];HandRight_(-0.3, -0.4, -0.1)_(0.9, 0.4, 0.2, -0.2)_1.012537_System.String[];HandRight_(0.4, -0.7, -0.1)_(-0.1, -0.6, -0.5, 0.6)_0.9825718_System.String[];10.3916;0.2081;0.0272;45.4749;-52.5155;1.1626;1.0645;-87.9442;82.6070;357.4604;358.8045;281.0597;65.9491;1.8952;2.3175
0.3443;0.5414;False;False;45.2590;-52.1551;-0.0114;-0.0124;-87.5929;82.3914;0.1652;359.8629;265.3209;55.0689;0.5302;0.0213;6.0637;-0.0245;-0.0009;-0.1224;4.1958;-4.3923;170914;71.83957;Infinity;2375.37;45.2892;-52.4023;1.1348;1.4625;-87.8561;83.0951;354.6319;352.4049;312.5162;61.2845;354.9832;359.1891;LeftFalse_RightFalse;LeftFalse_RightFalse;HandLeft_(-0.4, -0.2, -0.2)_(0.6, 0.0, -0.8, -0.3)_1.012537_System.String[];HandLeft_(0.2, -0.7, -0.1)_(0.5, 0.7, -0.5, 0.2)_0.9825718_System.String[];HandRight_(-0.3, -0.4, -0.1)_(0.9, 0.4, 0.2, -0.2)_1.012537_System.String[];HandRight_(0.4, -0.7, -0.1)_(-0.1, -0.6, -0.5, 0.6)_0.9825718_System.String[];10.4333;0.2069;0.0317;45.2885;-52.2626;1.1621;1.0644;-87.9504;82.7819;357.3895;358.9472;281.9697;66.2534;1.9429;2.3043
0.3488;0.5242;False;False;45.0728;-51.8979;-0.0124;-0.0124;-87.5971;82.5688;0.1278;359.8658;265.9454;55.1753;0.4898;0.0319;6.0858;-0.0239;-0.0009;-0.0732;4.1910;-4.3994;170917;71.30656;Infinity;2375.42;45.1024;-52.1464;1.1340;1.4623;-87.8598;83.2716;354.6366;352.4065;313.1399;61.3804;354.9279;359.1998;LeftFalse_RightFalse;LeftFalse_RightFalse;HandLeft_(-0.4, -0.2, -0.2)_(0.6, 0.0, -0.8, -0.3)_1.012537_System.String[];HandLeft_(0.2, -0.7, -0.1)_(0.5, 0.7, -0.5, 0.2)_0.9825718_System.String[];HandRight_(-0.3, -0.4, -0.1)_(0.9, 0.4, 0.2, -0.2)_1.012537_System.String[];HandRight_(0.4, -0.7, -0.1)_(-0.1, -0.6, -0.6, 0.6)_0.9825718_System.String[];10.4756;0.2039;0.0341;45.1003;-52.0067;1.1614;1.0643;-87.9546;82.9580;357.3213;359.0061;282.6915;66.6042;1.9818;2.3021
0.3532;0.4892;False;False;44.8876;-51.6416;-0.0134;-0.0125;-87.5992;82.7446;0.0928;359.8692;266.5644;55.3031;0.4522;0.0423;6.1058;-0.0220;-0.0007;-0.0279;4.1844;-4.4069;170920;71.35559;Infinity;2375.46;44.9137;-51.8870;1.1333;1.4621;-87.8613;83.4495;354.6407;352.4086;313.7694;61.5011;354.8748;359.2108;LeftFalse_RightFalse;LeftFalse_RightFalse;HandLeft_(-0.4, -0.2, -0.2)_(0.6, 0.0, -0.8, -0.3)_1.012537_System.String[];HandLeft_(0.2, -0.7, -0.1)_(0.5, 0.7, -0.5, 0.2)_0.9825718_System.String[];HandRight_(-0.3, -0.4, -0.1)_(0.9, 0.4, 0.2, -0.2)_1.012537_System.String[];HandRight_(0.4, -0.7, -0.1)_(-0.1, -0.6, -0.6, 0.6)_0.9825718_System.String[];10.5178;0.2009;0.0343;44.9101;-51.7476;1.1608;1.0643;-87.9567;83.1355;357.2647;359.0386;283.2625;66.9524;2.0557;2.3208
0.3564;0.3948;False;False;44.7030;-51.3860;-0.0142;-0.0125;-87.5993;82.9192;0.0616;359.8731;267.1758;55.4460;0.4183;0.0520;6.1210;-0.0194;-0.0007;0.0156;4.1752;-4.4147;170923;71.57948;Infinity;2375.50;44.7267;-51.6292;1.1326;1.4619;-87.8609;83.6252;354.6446;352.4112;314.3882;61.6386;354.8268;359.2213;LeftFalse_RightFalse;LeftFalse_RightFalse;HandLeft_(-0.4, -0.2, -0.2)_(0.5, 0.1, -0.8, -0.3)_1.012537_System.String[];HandLeft_(0.2, -0.7, -0.1)_(0.5, 0.7, -0.5, 0.2)_0.9825718_System.String[];HandRight_(-0.3, -0.4, -0.1)_(0.9, 0.4, 0.2, -0.2)_1.012537_System.String[];HandRight_(0.4, -0.7, -0.1)_(-0.1, -0.6, -0.5, 0.6)_0.9825718_System.String[];10.5596;0.2003;0.0346;44.7217;-51.4900;1.1602;1.0648;-87.9567;83.3109;357.2961;359.0541;283.7821;67.2743;2.0922;2.3287
0.3588;0.2878;False;False;44.5185;-51.1304;-0.0149;-0.0125;-87.5975;83.0928;0.0348;359.8785;267.7834;55.5997;0.3892;0.0607;6.1241;-0.0152;-0.0005;0.0816;4.1460;-4.4258;170926;71.71298;Infinity;2375.54;44.5403;-51.3721;1.1320;1.4618;-87.8587;83.7995;354.6481;352.4150;314.9995;61.7876;354.7851;359.2308;LeftFalse_RightFalse;LeftFalse_RightFalse;HandLeft_(-0.4, -0.2, -0.2)_(0.5, 0.1, -0.8, -0.3)_1.012537_System.String[];HandLeft_(0.2, -0.7, -0.1)_(0.5, 0.7, -0.5, 0.2)_0.9825718_System.String[];HandRight_(-0.3, -0.4, -0.1)_(0.9, 0.4, 0.2, -0.2)_1.012537_System.String[];HandRight_(0.5, -0.7, -0.1)_(-0.1, -0.6, -0.5, 0.6)_0.9825718_System.String[];10.6013;0.2019;0.0374;44.5339;-51.2330;1.1594;1.0656;-87.9551;83.4851;357.4974;359.0388;284.2922;67.5466;2.0871;2.3027
0.3619;0.2098;False;False;44.3316;-50.8722;-0.0156;-0.0126;-87.5936;83.2672;0.0122;359.8860;268.3981;55.7655;0.3652;0.0695;6.1149;-0.0125;-0.0004;0.1284;4.1137;-4.4326;170929;71.41053;Infinity;2375.58;44.3513;-51.1119;1.1314;1.4616;-87.8545;83.9749;354.6508;352.4208;315.6163;61.9482;354.7497;359.2402;LeftFalse_RightFalse;LeftFalse_RightFalse;HandLeft_(-0.4, -0.2, -0.2)_(0.5, 0.0, -0.8, -0.3)_1.012537_System.String[];HandLeft_(0.2, -0.7, -0.1)_(0.5, 0.7, -0.5, 0.2)_0.9825718_System.String[];HandRight_(-0.3, -0.4, -0.1)_(0.9, 0.4, 0.2, -0.2)_1.012537_System.String[];HandRight_(0.5, -0.7, -0.1)_(-0.1, -0.6, -0.5, 0.6)_0.9825718_System.String[];10.6433;0.2073;0.0433;44.3440;-50.9732;1.1587;1.0662;-87.9515;83.6602;357.6183;359.0068;284.8705;67.7741;1.9364;2.2532
0.3649;0.1530;False;False;44.1442;-50.6142;-0.0160;-0.0126;-87.5875;83.4402;359.9938;359.8958;269.0214;55.9473;0.3473;0.0796;6.0998;-0.0101;-0.0004;0.1797;4.0711;-4.4385;170932;71.27423;Infinity;2375.63;44.1616;-50.8512;1.1310;1.4614;-87.8483;84.1493;354.6523;352.4288;316.2388;62.1225;354.7214;359.2507;LeftFalse_RightFalse;LeftFalse_RightFalse;HandLeft_(-0.4, -0.2, -0.2)_(0.6, 0.0, -0.8, -0.3)_1.012537_System.String[];HandLeft_(0.2, -0.7, -0.1)_(0.5, 0.7, -0.5, 0.2)_0.9825718_System.String[];HandRight_(-0.3, -0.4, -0.1)_(0.9, 0.4, 0.2, -0.2)_1.012537_System.String[];HandRight_(0.5, -0.7, -0.1)_(0.0, -0.6, -0.5, 0.6)_0.9825718_System.String[];10.6855;0.2163;0.0511;44.1538;-50.7129;1.1583;1.0666;-87.9452;83.8342;357.5816;359.0023;285.6312;67.9849;1.7229;2.2055
0.3682;0.1115;False;False;43.9578;-50.3585;-0.0164;-0.0126;-87.5791;83.6101;359.9793;359.9073;269.6576;56.1506;0.3358;0.0918;6.0810;-0.0080;-0.0004;0.2350;4.0204;-4.4433;170935;71.37465;Infinity;2375.67;43.9725;-50.5922;1.1307;1.4612;-87.8399;84.3211;354.6516;352.4384;316.8713;62.3161;354.7005;359.2635;LeftFalse_RightFalse;LeftFalse_RightFalse;HandLeft_(-0.4, -0.2, -0.2)_(0.6, 0.0, -0.8, -0.3)_1.012537_System.String[];HandLeft_(0.2, -0.7, -0.1)_(0.5, 0.7, -0.5, 0.2)_0.9825718_System.String[];HandRight_(-0.3, -0.4, -0.1)_(0.9, 0.4, 0.2, -0.2)_1.012537_System.String[];HandRight_(0.5, -0.7, -0.1)_(0.0, -0.5, -0.5, 0.7)_0.9825718_System.String[];10.7275;0.2251;0.0589;43.9647;-50.4543;1.1582;1.0668;-87.9361;84.0054;357.3503;359.0685;286.9193;68.2274;1.6109;2.1137
0.3716;0.0813;False;False;43.7708;-50.1032;-0.0167;-0.0126;-87.5682;83.7780;359.9680;359.9196;270.3161;56.3809;0.3295;0.1058;6.0600;-0.0063;-0.0003;0.2920;3.9645;-4.4475;170938;71.3522;Infinity;2375.71;43.7831;-50.3339;1.1304;1.4610;-87.8292;84.4906;354.6490;352.4490;317.5228;62.5348;354.6861;359.2783;LeftFalse_RightFalse;LeftFalse_RightFalse;HandLeft_(-0.4, -0.2, -0.2)_(0.6, 0.0, -0.8, -0.3)_1.012537_System.String[];HandLeft_(0.2, -0.7, -0.1)_(0.5, 0.7, -0.5, 0.2)_0.9825718_System.String[];HandRight_(-0.3, -0.4, -0.1)_(0.9, 0.4, 0.2, -0.2)_1.012537_System.String[];HandRight_(0.5, -0.6, -0.2)_(0.0, -0.5, -0.5, 0.7)_0.9825718_System.String[];10.7698;0.2315;0.0669;43.7756;-50.1971;1.1584;1.0666;-87.9243;84.1741;357.0314;359.1846;288.5285;68.5396;1.5729;1.9703
0.3761;0.0593;False;False;43.5848;-49.8504;-0.0170;-0.0126;-87.5548;83.9423;359.9594;359.9320;270.9914;56.6396;0.3268;0.1214;6.0375;-0.0048;-0.0002;0.3491;3.9029;-4.4514;170941;71.58061;Infinity;2375.75;43.5940;-50.0769;1.1302;1.4607;-87.8160;84.6573;354.6453;352.4597;318.1938;62.7814;354.6766;359.2947;LeftFalse_RightFalse;LeftFalse_RightFalse;HandLeft_(-0.4, -0.2, -0.2)_(0.6, -0.1, -0.8, -0.3)_1.012537_System.String[];HandLeft_(0.2, -0.7, -0.1)_(0.5, 0.7, -0.5, 0.2)_0.9825718_System.String[];HandRight_(-0.3, -0.4, -0.1)_(0.9, 0.4, 0.2, -0.2)_1.012537_System.String[];HandRight_(0.5, -0.6, -0.2)_(0.0, -0.5, -0.5, 0.7)_0.9825718_System.String[];10.8115;0.2330;0.0749;43.5859;-49.9417;1.1586;1.0663;-87.9098;84.3398;356.7146;359.2723;290.2343;68.9287;1.5051;1.8716
0.3832;0.0432;False;False;43.3976;-49.5972;-0.0171;-0.0126;-87.5389;84.1047;359.9527;359.9442;271.6867;56.9327;0.3255;0.1386;6.0145;-0.0036;-0.0002;0.4038;3.8361;-4.4559;170944;71.45058;Infinity;2375.79;43.4044;-49.8202;1.1300;1.4604;-87.8002;84.8215;354.6415;352.4701;318.8834;63.0597;354.6702;359.3128;LeftFalse_RightFalse;LeftFalse_RightFalse;HandLeft_(-0.4, -0.2, -0.2)_(0.6, -0.1, -0.8, -0.3)_1.012537_System.String[];HandLeft_(0.2, -0.7, -0.1)_(0.5, 0.7, -0.5, 0.2)_0.9825718_System.String[];HandRight_(-0.3, -0.4, -0.1)_(0.9, 0.4, 0.2, -0.2)_1.012537_System.String[];HandRight_(0.5, -0.6, -0.2)_(0.0, -0.5, -0.5, 0.7)_0.9825718_System.String[];10.8535;0.2305;0.0840;43.3955;-49.6870;1.1591;1.0662;-87.8925;84.5029;356.4362;359.1893;291.8304;69.3793;1.3899;1.8387
0.3913;-0.0955;False;False;43.2118;-49.3472;-0.0173;-0.0126;-87.5207;84.2626;359.9475;359.9555;272.3831;57.2581;0.3240;0.1569;5.9901;-0.0027;-0.0001;0.4560;3.7649;-4.4613;170947;71.72143;Infinity;2375.83;43.2150;-49.5647;1.1299;1.4601;-87.7821;84.9823;354.6387;352.4797;319.5812;63.3723;354.6651;359.3322;LeftFalse_RightFalse;LeftFalse_RightFalse;HandLeft_(-0.4, -0.2, -0.2)_(0.6, -0.1, -0.8, -0.3)_1.012537_System.String[];HandLeft_(0.2, -0.7, -0.1)_(0.6, 0.6, -0.5, 0.2)_0.9825718_System.String[];HandRight_(-0.3, -0.4, -0.1)_(0.9, 0.4, 0.2, -0.2)_1.012537_System.String[];HandRight_(0.5, -0.7, -0.2)_(-0.1, -0.5, -0.5, 0.7)_0.9825718_System.String[];10.8950;0.2258;0.0942;43.2049;-49.4337;1.1594;1.0662;-87.8728;84.6626;356.3129;358.9199;293.2681;69.8293;1.2890;1.8657
0.4004;-0.1318;False;False;43.0257;-49.0989;-0.0174;-0.0126;-87.5005;84.4169;359.9434;359.9687;273.0792;57.6197;0.3214;0.1765;5.9395;-0.0020;-0.0001;0.5055;3.6713;-4.4679;170950;71.85442;Infinity;2375.88;43.0261;-49.3110;1.1298;1.4598;-87.7617;85.1393;354.6374;352.4897;320.2787;63.7192;354.6603;359.3527;LeftFalse_RightFalse;LeftFalse_RightFalse;HandLeft_(-0.4, -0.2, -0.2)_(0.5, -0.1, -0.8, -0.3)_1.012537_System.String[];HandLeft_(0.2, -0.7, -0.1)_(0.6, 0.6, -0.5, 0.2)_0.9825718_System.String[];HandRight_(-0.3, -0.4, -0.1)_(0.9, 0.4, 0.2, -0.2)_1.012537_System.String[];HandRight_(0.5, -0.7, -0.2)_(-0.1, -0.5, -0.5, 0.7)_0.9825718_System.String[];10.9368;0.2214;0.1055;43.0149;-49.1826;1.1593;1.0664;-87.8509;84.8183;356.3957;358.6438;294.5286;70.2471;1.1968;1.8842
0.4095;-0.0785;False;False;42.8392;-48.8528;-0.0174;-0.0126;-87.4780;84.5670;359.9399;359.9849;273.7706;58.0213;0.3179;0.1976;5.8805;-0.0014;-0.0002;0.5541;3.5664;-4.4754;170953;71.88725;Infinity;2375.92;42.8368;-49.0591;1.1297;1.4595;-87.7391;85.2921;354.6373;352.5027;320.9719;64.1044;354.6554;359.3750;LeftFalse_RightFalse;LeftFalse_RightFalse;HandLeft_(-0.4, -0.2, -0.2)_(0.6, 0.0, -0.8, -0.3)_1.012537_System.String[];HandLeft_(0.2, -0.7, -0.2)_(0.6, 0.6, -0.5, 0.2)_0.9825718_System.String[];HandRight_(-0.3, -0.4, -0.1)_(0.9, 0.4, 0.2, -0.2)_1.012537_System.String[];HandRight_(0.5, -0.7, -0.1)_(-0.1, -0.5, -0.5, 0.6)_0.9825718_System.String[];10.9785;0.2193;0.1167;42.8248;-48.9335;1.1590;1.0664;-87.8268;84.9701;356.5950;358.2809;295.6444;70.6146;1.0988;1.9036
0.4186;-0.0116;False;False;42.6520;-48.6085;-0.0175;-0.0126;-87.4534;84.7127;359.9370;0.0005;274.4578;58.4671;0.3145;0.2206;5.8377;-0.0010;-0.0002;0.6038;3.4658;-4.4833;170956;71.8755;Infinity;2375.96;42.6466;-48.8081;1.1297;1.4591;-87.7144;85.4410;354.6378;352.5165;321.6616;64.5332;354.6508;359.3993;LeftFalse_RightFalse;LeftFalse_RightFalse;HandLeft_(-0.4, -0.2, -0.2)_(0.6, 0.0, -0.8, -0.3)_1.012537_System.String[];HandLeft_(0.2, -0.7, -0.2)_(0.6, 0.6, -0.4, 0.2)_0.9825718_System.String[];HandRight_(-0.3, -0.4, -0.1)_(0.9, 0.4, 0.2, -0.2)_1.012537_System.String[];HandRight_(0.5, -0.7, -0.1)_(-0.2, -0.6, -0.5, 0.6)_0.9825718_System.String[];11.0203;0.2196;0.1267;42.6337;-48.6859;1.1588;1.0660;-87.8010;85.1177;356.8308;358.0168;296.5659;70.9708;1.0087;1.8997
0.4271;-0.0030;False;False;42.4643;-48.3652;-0.0175;-0.0127;-87.4265;84.8545;359.9344;0.0121;275.1443;58.9586;0.3123;0.2448;5.8046;-0.0006;-0.0004;0.6822;3.3280;-4.4950;170959;71.79288;Infinity;2376.00;42.4565;-48.5585;1.1297;1.4587;-87.6874;85.5855;354.6379;352.5269;322.3470;65.0055;354.6470;359.4246;LeftFalse_RightFalse;LeftFalse_RightFalse;HandLeft_(-0.4, -0.2, -0.2)_(0.6, 0.0, -0.8, -0.3)_1.012537_System.String[];HandLeft_(0.2, -0.7, -0.2)_(0.6, 0.6, -0.4, 0.2)_0.9825718_System.String[];HandRight_(-0.3, -0.4, -0.1)_(0.9, 0.4, 0.2, -0.2)_1.012537_System.String[];HandRight_(0.5, -0.7, -0.1)_(-0.2, -0.6, -0.5, 0.6)_0.9825718_System.String[];11.0620;0.2217;0.1354;42.4430;-48.4399;1.1586;1.0655;-87.7730;85.2607;356.9393;357.8820;297.2380;71.4294;0.8487;1.9161
0.4358;-0.0649;False;False;42.2754;-48.1217;-0.0175;-0.0127;-87.3971;84.9928;359.9323;0.0198;275.8365;59.4918;0.3117;0.2686;5.7789;-0.0004;-0.0005;0.7376;3.2326;-4.5024;170962;71.61093;Infinity;2376.04;42.2649;-48.3080;1.1296;1.4583;-87.6579;85.7267;354.6373;352.5331;323.0375;65.5219;354.6445;359.4496;LeftFalse_RightFalse;LeftFalse_RightFalse;HandLeft_(-0.4, -0.2, -0.2)_(0.6, 0.0, -0.8, -0.3)_1.012537_System.String[];HandLeft_(0.2, -0.6, -0.2)_(0.6, 0.6, -0.4, 0.2)_0.9825718_System.String[];HandRight_(-0.3, -0.4, -0.1)_(0.9, 0.4, 0.2, -0.2)_1.012537_System.String[];HandRight_(0.5, -0.7, -0.1)_(-0.2, -0.6, -0.5, 0.6)_0.9825718_System.String[];11.1040;0.2249;0.1421;42.2510;-48.1929;1.1585;1.0652;-87.7430;85.4003;356.9363;357.7760;297.7012;72.0303;0.7347;1.9269
0.4451;-0.1580;False;False;42.0853;-47.8784;-0.0175;-0.0127;-87.3651;85.1274;359.9303;0.0268;276.5393;60.0608;0.3129;0.2909;5.7320;-0.0003;-0.0006;0.7950;3.1259;-4.5096;170965;71.36838;Infinity;2376.09;42.0717;-48.0566;1.1296;1.4580;-87.6258;85.8645;354.6354;352.5374;323.7380;66.0778;354.6434;359.4735;LeftFalse_RightFalse;LeftFalse_RightFalse;HandLeft_(-0.4, -0.2, -0.2)_(0.6, 0.0, -0.8, -0.3)_1.012537_System.String[];HandLeft_(0.1, -0.6, -0.2)_(0.7, 0.6, -0.4, 0.2)_0.9825718_System.String[];HandRight_(-0.3, -0.4, -0.1)_(0.9, 0.4, 0.2, -0.2)_1.012537_System.String[];HandRight_(0.5, -0.7, -0.1)_(-0.2, -0.6, -0.5, 0.6)_0.9825718_System.String[];11.1462;0.2275;0.1467;42.0570;-47.9449;1.1584;1.0654;-87.7110;85.5362;356.7974;357.6057;298.0535;72.7957;0.7407;1.8887
0.4553;-0.2584;False;False;41.8952;-47.6383;-0.0176;-0.0127;-87.3305;85.2568;359.9285;0.0365;277.2501;60.6521;0.3155;0.3102;5.6552;-0.0002;-0.0005;0.8536;3.0046;-4.5171;170968;71.29549;Infinity;2376.13;41.8792;-47.8081;1.1296;1.4577;-87.5913;85.9969;354.6326;352.5436;324.4437;66.6580;354.6435;359.4948;LeftFalse_RightFalse;LeftFalse_RightFalse;HandLeft_(-0.4, -0.2, -0.2)_(0.6, 0.0, -0.7, -0.3)_1.012537_System.String[];HandLeft_(0.2, -0.6, -0.2)_(0.7, 0.6, -0.4, 0.2)_0.9825718_System.String[];HandRight_(-0.3, -0.4, -0.1)_(0.9, 0.4, 0.2, -0.2)_1.012537_System.String[];HandRight_(0.5, -0.7, -0.1)_(-0.2, -0.6, -0.5, 0.6)_0.9825718_System.String[];11.1885;0.2292;0.1511;41.8634;-47.6998;1.1585;1.0654;-87.6766;85.6666;356.6293;357.4182;298.4831;73.7063;0.8303;1.8227
0.4639;-0.3427;False;False;41.7052;-47.4026;-0.0176;-0.0127;-87.2934;85.3803;359.9268;0.0508;277.9684;61.2561;0.3188;0.3264;5.5549;-0.0001;-0.0003;0.9126;2.8722;-4.5248;170971;71.3506;Infinity;2376.17;41.6856;-47.5619;1.1296;1.4573;-87.5541;86.1242;354.6291;352.5544;325.1612;67.2574;354.6444;359.5135;LeftFalse_RightFalse;LeftFalse_RightFalse;HandLeft_(-0.4, -0.2, -0.2)_(0.6, 0.0, -0.7, -0.3)_1.012537_System.String[];HandLeft_(0.2, -0.6, -0.2)_(0.7, 0.6, -0.5, 0.2)_0.9825718_System.String[];HandRight_(-0.3, -0.4, -0.1)_(0.9, 0.4, 0.2, -0.2)_1.012537_System.String[];HandRight_(0.5, -0.7, -0.1)_(-0.2, -0.6, -0.5, 0.6)_0.9825718_System.String[];11.2305;0.2303;0.1569;41.6688;-47.4569;1.1589;1.0650;-87.6393;85.7919;356.4151;357.2920;299.3835;74.6925;0.8156;1.7885
0.4704;-0.3791;False;False;41.5166;-47.1739;-0.0176;-0.0128;-87.2541;85.4968;359.9251;0.0705;278.6889;61.8643;0.3224;0.3397;5.4325;-0.0001;-0.0006;0.9722;2.7283;-4.5327;170974;71.67109;Infinity;2376.21;41.4936;-47.3223;1.1296;1.4571;-87.5145;86.2444;354.6254;352.5706;325.8803;67.8618;354.6455;359.5296;LeftFalse_RightFalse;LeftFalse_RightFalse;HandLeft_(-0.4, -0.2, -0.2)_(0.6, 0.0, -0.8, -0.3)_1.012537_System.String[];HandLeft_(0.2, -0.6, -0.2)_(0.7, 0.5, -0.5, 0.1)_0.9825718_System.String[];HandRight_(-0.3, -0.4, -0.1)_(0.9, 0.4, 0.2, -0.2)_1.012537_System.String[];HandRight_(0.5, -0.7, -0.1)_(-0.2, -0.6, -0.5, 0.6)_0.9825718_System.String[];11.2722;0.2312;0.1642;41.4759;-47.2207;1.1591;1.0646;-87.5992;85.9098;356.3275;357.3300;300.8594;75.7764;0.7511;1.6861
0.4752;-0.3875;False;False;41.3275;-46.9507;-0.0176;-0.0128;-87.2121;85.6069;359.9235;0.0942;279.4174;62.4818;0.3261;0.3514;5.3015;-0.0001;-0.0006;1.0326;2.5797;-4.5403;170977;71.82175;Infinity;2376.25;41.3016;-47.0884;1.1295;1.4568;-87.4725;86.3579;354.6216;352.5918;326.6058;68.4740;354.6468;359.5442;LeftFalse_RightFalse;LeftFalse_RightFalse;HandLeft_(-0.4, -0.2, -0.2)_(0.6, 0.0, -0.8, -0.3)_1.012537_System.String[];HandLeft_(0.2, -0.6, -0.2)_(0.7, 0.5, -0.5, 0.1)_0.9825718_System.String[];HandRight_(-0.3, -0.4, -0.1)_(0.9, 0.4, 0.2, -0.2)_1.012537_System.String[];HandRight_(0.5, -0.7, -0.1)_(-0.2, -0.6, -0.5, 0.6)_0.9825718_System.String[];11.3137;0.2331;0.1730;41.2830;-46.9901;1.1593;1.0643;-87.5561;86.0212;356.3770;357.4072;302.5826;76.9032;0.8398;1.6781
0.4787;-0.3958;False;False;41.1375;-46.7325;-0.0176;-0.0128;-87.1674;85.7109;359.9219;0.1190;280.1565;63.1113;0.3302;0.3618;5.1681;-0.0001;-0.0005;1.0945;2.4314;-4.5472;170980;71.76871;Infinity;2376.30;41.1091;-46.8599;1.1295;1.4565;-87.4276;86.4649;354.6176;352.6152;327.3401;69.0970;354.6483;359.5579;LeftFalse_RightFalse;LeftFalse_RightFalse;HandLeft_(-0.4, -0.2, -0.2)_(0.6, 0.0, -0.8, -0.3)_1.012537_System.String[];HandLeft_(0.2, -0.6, -0.2)_(0.7, 0.5, -0.5, 0.1)_0.9825718_System.String[];HandRight_(-0.3, -0.4, -0.1)_(0.9, 0.4, 0.2, -0.2)_1.012537_System.String[];HandRight_(0.5, -0.7, -0.1)_(-0.3, -0.6, -0.5, 0.5)_0.9825718_System.String[];11.3557;0.2361;0.1819;41.0898;-46.7650;1.1591;1.0638;-87.5104;86.1258;356.4670;357.5155;304.1784;78.0383;0.9270;1.7570
0.4812;-0.4397;False;False;40.9479;-46.5209;-0.0176;-0.0128;-87.1201;85.8081;359.9205;0.1429;280.9033;63.7491;0.3350;0.3710;5.0313;-0.0001;-0.0005;1.1584;2.2827;-4.5530;170983;71.87578;Infinity;2376.34;40.9159;-46.6367;1.1295;1.4562;-87.3799;86.5655;354.6133;352.6384;328.0851;69.7314;354.6503;359.5700;LeftFalse_RightFalse;LeftFalse_RightFalse;HandLeft_(-0.4, -0.2, -0.2)_(0.6, -0.1, -0.8, -0.3)_1.012537_System.String[];HandLeft_(0.2, -0.6, -0.2)_(0.8, 0.5, -0.4, 0.1)_0.9825718_System.String[];HandRight_(-0.3, -0.4, -0.1)_(0.9, 0.4, 0.2, -0.2)_1.012537_System.String[];HandRight_(0.4, -0.7, -0.1)_(-0.3, -0.6, -0.6, 0.5)_0.9825718_System.String[];11.3972;0.2397;0.1921;40.8958;-46.5452;1.1587;1.0632;-87.4620;86.2241;356.6059;357.6090;305.5507;79.1931;0.9192;1.8342
0.4831;-0.5034;False;False;40.7570;-46.3145;-0.0176;-0.0128;-87.0696;85.8993;359.9193;0.1660;281.6667;64.4015;0.3406;0.3782;4.8805;-0.0001;-0.0004;1.2243;2.1299;-4.5573;170986;71.77867;Infinity;2376.38;40.7218;-46.4187;1.1295;1.4559;-87.3292;86.6598;354.6084;352.6607;328.8442;70.3791;354.6529;359.5806;LeftFalse_RightFalse;LeftFalse_RightFalse;HandLeft_(-0.4, -0.2, -0.2)_(0.6, -0.1, -0.8, -0.3)_1.012537_System.String[];HandLeft_(0.2, -0.6, -0.2)_(0.8, 0.4, -0.4, 0.1)_0.9825718_System.String[];HandRight_(-0.3, -0.4, -0.1)_(0.9, 0.4, 0.2, -0.2)_1.012537_System.String[];HandRight_(0.4, -0.7, -0.1)_(-0.4, -0.5, -0.6, 0.5)_0.9825718_System.String[];11.4392;0.2431;0.2023;40.7008;-46.3308;1.1584;1.0628;-87.4107;86.3159;356.6830;357.6029;306.7170;80.4344;0.9519;1.8698
0.4844;-0.5387;False;False;40.5665;-46.1159;-0.0176;-0.0128;-87.0163;85.9834;359.9182;0.1892;282.4418;65.0604;0.3469;0.3828;4.6203;-0.0001;-0.0001;1.3254;1.8953;-4.5615;170989;71.8074;Infinity;2376.42;40.5280;-46.2081;1.1294;1.4557;-87.2756;86.7468;354.6032;352.6831;329.6148;71.0349;354.6563;359.5887;LeftFalse_RightFalse;LeftFalse_RightFalse;HandLeft_(-0.4, -0.2, -0.2)_(0.6, -0.1, -0.7, -0.3)_1.012537_System.String[];HandLeft_(0.2, -0.6, -0.2)_(0.8, 0.4, -0.4, 0.0)_0.9825718_System.String[];HandRight_(-0.3, -0.4, -0.1)_(0.9, 0.4, 0.2, -0.2)_1.012537_System.String[];HandRight_(0.4, -0.7, -0.1)_(-0.4, -0.5, -0.6, 0.5)_0.9825718_System.String[];11.4810;0.2463;0.2120;40.5060;-46.1238;1.1582;1.0625;-87.3567;86.4006;356.5946;357.5544;307.5831;81.6990;1.0344;1.8317
0.4847;-0.5388;False;False;40.3765;-45.9258;-0.0176;-0.0130;-86.9602;86.0605;359.9173;0.2171;283.2279;65.7171;0.3536;0.3724;4.4374;-0.0001;-0.0089;1.3944;1.7486;-4.5626;170992;71.90584;Infinity;2376.46;40.3348;-46.0057;1.1294;1.4556;-87.2193;86.8267;354.5977;352.7080;330.3958;71.6923;354.6600;359.5895;LeftFalse_RightFalse;LeftFalse_RightFalse;HandLeft_(-0.4, -0.2, -0.2)_(0.6, -0.1, -0.7, -0.3)_1.012537_System.String[];HandLeft_(0.2, -0.6, -0.2)_(0.8, 0.4, -0.4, 0.0)_0.9825718_System.String[];HandRight_(-0.3, -0.4, -0.1)_(0.9, 0.4, 0.2, -0.2)_1.012537_System.String[];HandRight_(0.4, -0.7, -0.1)_(-0.4, -0.5, -0.6, 0.5)_0.9825718_System.String[];11.5227;0.2499;0.2210;40.3117;-45.9253;1.1581;1.0622;-87.2999;86.4783;356.5681;357.4724;308.2460;82.9143;1.0667;1.7708
0.4838;-0.5310;False;False;40.1838;-45.7413;-0.0176;-0.0134;-86.9003;86.1324;359.9166;0.2554;284.0396;66.3777;0.3608;0.3406;4.2557;-0.0001;-0.0166;1.4653;1.6059;-4.5617;170995;71.36436;Infinity;2376.50;40.1411;-45.8106;1.1294;1.4554;-87.1598;86.8996;354.5921;352.7458;331.1919;72.3496;354.6642;359.5647;LeftFalse_RightFalse;LeftFalse_RightFalse;HandLeft_(-0.4, -0.2, -0.2)_(0.6, -0.1, -0.7, -0.4)_1.012537_System.String[];HandLeft_(0.2, -0.6, -0.2)_(0.8, 0.4, -0.4, 0.0)_0.9825718_System.String[];HandRight_(-0.3, -0.4, -0.1)_(0.9, 0.4, 0.2, -0.2)_1.012537_System.String[];HandRight_(0.4, -0.8, -0.1)_(-0.4, -0.5, -0.6, 0.4)_0.9825718_System.String[];11.5649;0.2546;0.2291;40.1169;-45.7344;1.1579;1.0618;-87.2400;86.5494;356.5786;357.4339;308.8558;84.0764;1.0103;1.7013
0.4798;-0.5194;False;False;39.9907;-45.5644;-0.0176;-0.0142;-86.8369;86.1981;359.9162;0.3081;284.8701;67.0331;0.3689;0.3234;4.0769;-0.0001;-0.0222;1.5390;1.4707;-4.5580;170998;71.10898;Infinity;2376.55;39.9428;-45.6188;1.1293;1.4547;-87.0956;86.9681;354.5860;352.7965;332.0230;73.0158;354.6691;359.5471;LeftFalse_RightFalse;LeftFalse_RightFalse;HandLeft_(-0.4, -0.2, -0.2)_(0.6, -0.1, -0.7, -0.4)_1.012537_System.String[];HandLeft_(0.2, -0.6, -0.2)_(0.8, 0.4, -0.4, -0.1)_0.9825718_System.String[];HandRight_(-0.3, -0.4, -0.1)_(0.9, 0.4, 0.2, -0.2)_1.012537_System.String[];HandRight_(0.4, -0.8, -0.1)_(-0.4, -0.5, -0.6, 0.4)_0.9825718_System.String[];11.6072;0.2625;0.2363;39.9175;-45.5469;1.1579;1.0610;-87.1754;86.6158;356.6454;357.4214;309.4921;85.2185;0.9160;1.6741
0.4738;-0.5194;False;False;39.8003;-45.3977;-0.0176;-0.0152;-86.7711;86.2571;359.9160;0.3658;285.7102;67.6707;0.3781;0.3113;3.8986;-0.0001;-0.0251;1.6155;1.3430;-4.5510;171001;71.45252;Infinity;2376.59;39.7482;-45.4385;1.1293;1.4536;-87.0292;87.0294;354.5793;352.8541;332.8582;73.6603;354.6748;359.5399;LeftFalse_RightFalse;LeftFalse_RightFalse;HandLeft_(-0.4, -0.2, -0.2)_(0.6, -0.2, -0.7, -0.4)_1.012537_System.String[];HandLeft_(0.2, -0.6, -0.2)_(0.9, 0.3, -0.4, -0.2)_0.9825718_System.String[];HandRight_(-0.3, -0.4, -0.1)_(0.9, 0.4, 0.2, -0.2)_1.012537_System.String[];HandRight_(0.4, -0.8, -0.1)_(-0.4, -0.5, -0.6, 0.5)_0.9825718_System.String[];11.6489;0.2706;0.2413;39.7215;-45.3708;1.1578;1.0598;-87.1088;86.6755;356.6812;357.4430;310.0908;86.3210;0.8760;1.6912
0.4639;-0.5194;False;False;39.6109;-45.2392;-0.0176;-0.0163;-86.7021;86.3106;359.9162;0.4245;286.5724;68.2931;0.3889;0.3006;3.7194;-0.0001;-0.0263;1.6948;1.2227;-4.5400;171004;71.69636;Infinity;2376.63;39.5551;-45.2672;1.1292;1.4524;-86.9599;87.0848;354.5718;352.9136;333.7106;74.2881;354.6819;359.5354;LeftFalse_RightFalse;LeftFalse_RightFalse;HandLeft_(-0.4, -0.2, -0.2)_(0.6, -0.2, -0.7, -0.4)_1.012537_System.String[];HandLeft_(0.2, -0.6, -0.2)_(0.9, 0.3, -0.4, -0.2)_0.9825718_System.String[];HandRight_(-0.3, -0.4, -0.1)_(0.9, 0.4, 0.2, -0.2)_1.012537_System.String[];HandRight_(0.4, -0.8, -0.1)_(-0.4, -0.5, -0.6, 0.4)_0.9825718_System.String[];11.6907;0.2793;0.2454;39.5270;-45.2037;1.1579;1.0586;-87.0392;86.7291;356.6026;357.4796;310.7257;87.4295;0.9081;1.6844
0.4479;-0.5195;False;False;39.4216;-45.0882;-0.0176;-0.0173;-86.6295;86.3592;359.9168;0.4751;287.4636;68.8993;0.4012;0.2821;3.5382;-0.0001;-0.0187;1.7762;1.1077;-4.5246;171007;71.74073;Infinity;2376.67;39.3624;-45.1039;1.1292;1.4512;-86.8870;87.1347;354.5635;352.9706;334.5896;74.9006;354.6902;359.5252;LeftFalse_RightFalse;LeftFalse_RightFalse;HandLeft_(-0.4, -0.2, -0.2)_(0.6, -0.2, -0.7, -0.4)_1.012537_System.String[];HandLeft_(0.2, -0.6, -0.2)_(0.9, 0.3, -0.3, -0.1)_0.9825718_System.String[];HandRight_(-0.3, -0.4, -0.1)_(0.9, 0.4, 0.2, -0.2)_1.012537_System.String[];HandRight_(0.4, -0.8, -0.1)_(-0.5, -0.5, -0.6, 0.4)_0.9825718_System.String[];11.7324;0.2880;0.2503;39.3329;-45.0444;1.1583;1.0574;-86.9659;86.7775;356.3947;357.5075;311.4464;88.4915;0.9156;1.6508
0.4229;-0.5195;False;False;39.2328;-44.9447;-0.0176;-0.0179;-86.5532;86.4030;359.9180;0.5112;288.3860;69.4879;0.4147;0.2664;3.3560;0.0000;-0.0132;1.8591;0.9997;-4.5040;171010;71.74004;Infinity;2376.71;39.1691;-44.9482;1.1291;1.4505;-86.8099;87.1798;354.5545;353.0126;335.5027;75.4986;354.6999;359.5126;LeftFalse_RightFalse;LeftFalse_RightFalse;HandLeft_(-0.4, -0.3, -0.2)_(0.6, -0.2, -0.6, -0.4)_1.012537_System.String[];HandLeft_(0.2, -0.5, -0.2)_(0.9, 0.3, -0.3, -0.1)_0.9825718_System.String[];HandRight_(-0.3, -0.4, -0.1)_(0.9, 0.4, 0.2, -0.2)_1.012537_System.String[];HandRight_(0.4, -0.8, -0.1)_(-0.5, -0.5, -0.5, 0.5)_0.9825718_System.String[];11.7744;0.2972;0.2577;39.1383;-44.8925;1.1585;1.0566;-86.8885;86.8213;356.2109;357.4882;312.3102;89.6492;0.8393;1.4853
0.3838;-0.5195;False;False;39.0442;-44.8085;-0.0176;-0.0183;-86.4727;86.4424;359.9199;0.5361;289.3427;70.0592;0.4288;0.2535;3.1730;0.0000;-0.0090;1.9421;0.8987;-4.4780;171013;71.55175;Infinity;2376.76;38.9761;-44.8006;1.1291;1.4500;-86.7288;87.2201;354.5452;353.0420;336.4497;76.0783;354.7106;359.5022;LeftFalse_RightFalse;LeftFalse_RightFalse;HandLeft_(-0.3, -0.3, -0.2)_(0.6, -0.2, -0.6, -0.4)_1.012537_System.String[];HandLeft_(0.2, -0.5, -0.2)_(0.9, 0.3, -0.3, -0.1)_0.9825718_System.String[];HandRight_(-0.3, -0.4, -0.1)_(0.9, 0.4, 0.2, -0.2)_1.012537_System.String[];HandRight_(0.4, -0.7, -0.1)_(-0.5, -0.5, -0.5, 0.5)_0.9825718_System.String[];11.8164;0.3092;0.2668;38.9440;-44.7487;1.1586;1.0560;-86.8069;86.8607;356.2062;357.3971;313.2612;90.7907;0.8681;1.3306
0.3244;-0.5195;False;False;38.8586;-44.6815;-0.0176;-0.0186;-86.3894;86.4773;359.9226;0.5530;290.3224;70.6055;0.4439;0.2423;2.9899;0.0000;-0.0062;2.0271;0.8025;-4.4424;171016;71.77546;Infinity;2376.80;38.7859;-44.6628;1.1290;1.4497;-86.6446;87.2557;354.5360;353.0622;337.4182;76.6323;354.7224;359.4927;LeftFalse_RightFalse;LeftFalse_RightFalse;HandLeft_(-0.3, -0.3, -0.2)_(0.6, -0.3, -0.6, -0.4)_1.012537_System.String[];HandLeft_(0.2, -0.5, -0.2)_(0.9, 0.3, -0.3, -0.1)_0.9825718_System.String[];HandRight_(-0.3, -0.4, -0.1)_(0.9, 0.4, 0.2, -0.2)_1.012537_System.String[];HandRight_(0.5, -0.7, -0.1)_(-0.3, -0.6, -0.6, 0.5)_0.9825718_System.String[];11.8582;0.3258;0.2765;38.7524;-44.6145;1.1586;1.0560;-86.7221;86.8955;356.2811;357.2940;314.3393;91.8325;0.9178;1.3472
0.2468;-0.5195;False;False;38.6728;-44.5610;-0.0176;-0.0188;-86.3012;86.5085;359.9269;0.5645;291.3534;71.1393;0.4615;0.2311;2.8065;0.0000;-0.0045;2.1141;0.7117;-4.3931;171019;71.50216;Infinity;2376.84;38.5956;-44.5322;1.1289;1.4495;-86.5557;87.2873;354.5262;353.0764;338.4323;77.1722;354.7365;359.4830;LeftFalse_RightFalse;LeftFalse_RightFalse;HandLeft_(-0.3, -0.3, -0.2)_(0.6, -0.4, -0.5, -0.5)_1.012537_System.String[];HandLeft_(0.2, -0.5, -0.2)_(0.9, 0.2, -0.2, -0.1)_0.9825718_System.String[];HandRight_(-0.3, -0.4, -0.1)_(0.9, 0.4, 0.2, -0.2)_1.012537_System.String[];HandRight_(0.5, -0.7, -0.1)_(-0.2, -0.6, -0.6, 0.6)_0.9825718_System.String[];11.9001;0.3458;0.2860;38.5607;-44.4874;1.1587;1.0561;-86.6323;86.9269;356.2344;357.2703;315.5309;92.7774;0.9397;1.5194
0.1799;-0.5195;False;False;38.4896;-44.4486;-0.0176;-0.0190;-86.2090;86.5358;359.9334;0.5721;292.4333;71.6527;0.4817;0.2195;2.5313;0.0001;-0.0028;2.2433;0.5879;-4.2922;171022;71.22417;Infinity;2376.88;38.4086;-44.4106;1.1288;1.4495;-86.4633;87.3148;354.5159;353.0862;339.4852;77.6897;354.7538;359.4726;LeftFalse_RightFalse;LeftFalse_RightFalse;HandLeft_(-0.3, -0.3, -0.2)_(0.6, -0.4, -0.5, -0.5)_1.012537_System.String[];HandLeft_(0.2, -0.5, -0.2)_(0.9, 0.2, -0.2, -0.1)_0.9825718_System.String[];HandRight_(-0.3, -0.4, -0.1)_(0.9, 0.4, 0.2, -0.2)_1.012537_System.String[];HandRight_(0.5, -0.7, -0.1)_(-0.2, -0.5, -0.6, 0.5)_0.9825718_System.String[];11.9424;0.3658;0.2943;38.3723;-44.3693;1.1593;1.0561;-86.5383;86.9544;355.9953;357.3418;316.7950;93.6632;0.8552;1.7858
0.1312;-0.5195;False;False;38.3110;-44.3451;-0.0176;-0.0191;-86.1137;86.5595;359.9417;0.5772;293.5510;72.1380;0.5029;0.2065;2.3478;0.0002;-0.0022;2.3275;0.5137;-4.2102;171025;71.42765;Infinity;2376.92;38.2223;-44.2961;1.1287;1.4495;-86.3658;87.3389;354.5057;353.0934;340.5967;78.1904;354.7738;359.4606;LeftFalse_RightFalse;LeftFalse_RightFalse;HandLeft_(-0.3, -0.3, -0.2)_(0.6, -0.5, -0.4, -0.5)_1.012537_System.String[];HandLeft_(0.2, -0.5, -0.2)_(0.9, 0.2, -0.2, -0.2)_0.9825718_System.String[];HandRight_(-0.3, -0.4, -0.1)_(0.9, 0.4, 0.2, -0.2)_1.012537_System.String[];HandRight_(0.5, -0.7, -0.1)_(-0.3, -0.5, -0.6, 0.6)_0.9825718_System.String[];11.9844;0.3838;0.3012;38.1846;-44.2582;1.1596;1.0562;-86.4392;86.9787;355.7418;357.4205;318.1399;94.5199;0.7640;2.0330
0.0956;-0.5117;False;False;38.1355;-44.2494;-0.0176;-0.0192;-86.0144;86.5801;359.9515;0.5805;294.7187;72.5982;0.5247;0.1921;2.1651;0.0003;-0.0018;2.4087;0.4465;-4.1197;171028;71.40414;Infinity;2376.97;38.0412;-44.1912;1.1286;1.4495;-86.2653;87.3595;354.4960;353.0988;341.7446;78.6607;354.7956;359.4471;LeftFalse_RightFalse;LeftFalse_RightFalse;HandLeft_(-0.3, -0.3, -0.2)_(0.6, -0.5, -0.4, -0.5)_1.012537_System.String[];HandLeft_(0.2, -0.5, -0.2)_(0.9, 0.2, -0.2, -0.2)_0.9825718_System.String[];HandRight_(-0.3, -0.4, -0.1)_(0.9, 0.4, 0.2, -0.2)_1.012537_System.String[];HandRight_(0.5, -0.7, -0.1)_(-0.3, -0.5, -0.5, 0.6)_0.9825718_System.String[];12.0264;0.3966;0.3062;38.0022;-44.1562;1.1598;1.0563;-86.3367;86.9994;355.6394;357.4533;319.4725;95.4193;0.7283;2.2276
0.0697;-0.5000;False;False;37.9652;-44.1621;-0.0176;-0.0192;-85.9124;86.5978;359.9622;0.5815;295.9179;73.0256;0.5450;0.1744;1.9856;0.0003;-0.0005;2.4848;0.3864;-4.0250;171031;71.61573;Infinity;2377.01;37.8643;-44.0950;1.1285;1.4497;-86.1612;87.3771;354.4876;353.1025;342.9319;79.1015;354.8176;359.4312;LeftFalse_RightFalse;LeftFalse_RightFalse;HandLeft_(-0.3, -0.3, -0.2)_(0.6, -0.5, -0.4, -0.4)_1.012537_System.String[];HandLeft_(0.3, -0.5, -0.2)_(0.9, 0.2, -0.2, -0.2)_0.9825718_System.String[];HandRight_(-0.3, -0.4, -0.1)_(0.9, 0.4, 0.2, -0.2)_1.012537_System.String[];HandRight_(0.5, -0.7, -0.1)_(-0.2, -0.5, -0.6, 0.6)_0.9825718_System.String[];12.0681;0.4059;0.3104;37.8244;-44.0624;1.1599;1.0564;-86.2309;87.0170;355.6733;357.4109;320.6765;96.3428;0.7682;2.4651
0.0508;-0.5000;False;False;37.7972;-44.0818;-0.0175;-0.0193;-85.8059;86.6132;359.9730;0.5800;297.1585;73.4246;0.5621;0.1532;1.8091;0.0004;0.0000;2.5551;0.3332;-3.9293;171034;71.3277;Infinity;2377.05;37.6907;-44.0066;1.1285;1.4499;-86.0531;87.3920;354.4814;353.1039;344.1566;79.5128;354.8381;359.4106;LeftFalse_RightFalse;LeftFalse_RightFalse;HandLeft_(-0.3, -0.3, -0.2)_(0.6, -0.6, -0.3, -0.4)_1.012537_System.String[];HandLeft_(0.3, -0.5, -0.2)_(1.0, 0.2, -0.2, -0.1)_0.9825718_System.String[];HandRight_(-0.3, -0.4, -0.1)_(0.9, 0.4, 0.2, -0.2)_1.012537_System.String[];HandRight_(0.5, -0.7, -0.1)_(-0.2, -0.5, -0.6, 0.6)_0.9825718_System.String[];12.1106;0.4111;0.3129;37.6501;-43.9761;1.1599;1.0566;-86.1210;87.0321;355.6920;357.3356;321.8672;97.1559;0.7740;2.7763
0.0370;-0.4881;False;False;37.6357;-44.0102;-0.0175;-0.0192;-85.6980;86.6262;359.9832;0.5771;298.3975;73.7832;0.5748;0.1310;1.6340;0.0004;0.0003;2.6203;0.2856;-3.8327;171037;71.65591;Infinity;2377.09;37.5222;-43.9269;1.1284;1.4502;-85.9423;87.4046;354.4780;353.1038;345.3959;79.8882;354.8555;359.3883;LeftFalse_RightFalse;LeftFalse_RightFalse;HandLeft_(-0.3, -0.3, -0.2)_(0.6, -0.6, -0.3, -0.4)_1.012537_System.String[];HandLeft_(0.3, -0.5, -0.2)_(1.0, 0.2, -0.2, -0.1)_0.9825718_System.String[];HandRight_(-0.3, -0.4, -0.1)_(0.9, 0.4, 0.2, -0.2)_1.012537_System.String[];HandRight_(0.5, -0.7, -0.1)_(-0.2, -0.5, -0.6, 0.6)_0.9825718_System.String[];12.1521;0.4139;0.3153;37.4814;-43.8983;1.1598;1.0568;-86.0083;87.0447;355.5682;357.3315;323.1946;97.7972;0.5571;3.0585
0.0270;-0.4444;False;False;37.4784;-43.9461;-0.0175;-0.0192;-85.5874;86.6373;359.9926;0.5731;299.6438;74.1069;0.5833;0.1086;1.4665;0.0004;0.0004;2.6806;0.2439;-3.7359;171040;71.81911;Infinity;2377.13;37.3587;-43.8556;1.1284;1.4505;-85.8290;87.4150;354.4773;353.1027;346.6395;80.2266;354.8694;359.3654;LeftFalse_RightFalse;LeftFalse_RightFalse;HandLeft_(-0.3, -0.3, -0.2)_(0.7, -0.5, -0.3, -0.4)_1.012537_System.String[];HandLeft_(0.3, -0.5, -0.2)_(1.0, 0.2, -0.2, -0.1)_0.9825718_System.String[];HandRight_(-0.3, -0.4, -0.1)_(0.9, 0.4, 0.2, -0.2)_1.012537_System.String[];HandRight_(0.5, -0.7, -0.1)_(-0.3, -0.6, -0.6, 0.5)_0.9825718_System.String[];12.1938;0.4156;0.3177;37.3182;-43.8289;1.1597;1.0571;-85.8928;87.0553;355.3977;357.3878;324.6563;98.2845;0.2200;3.1876
0.0197;-0.3809;False;False;37.3249;-43.8887;-0.0175;-0.0192;-85.4740;86.6467;0.0009;0.5673;300.8932;74.3982;0.5879;0.0870;1.3127;0.0004;0.0004;2.7366;0.2084;-3.6392;171043;71.8;Infinity;2377.18;37.1996;-43.7921;1.1284;1.4508;-85.7129;87.4238;354.4789;353.0999;347.8854;80.5307;354.8798;359.3429;LeftFalse_RightFalse;LeftFalse_RightFalse;HandLeft_(-0.3, -0.3, -0.2)_(0.6, -0.6, -0.3, -0.4)_1.012537_System.String[];HandLeft_(0.3, -0.5, -0.2)_(1.0, 0.2, -0.2, -0.1)_0.9825718_System.String[];HandRight_(-0.3, -0.4, -0.1)_(0.9, 0.4, 0.2, -0.2)_1.012537_System.String[];HandRight_(0.5, -0.7, -0.1)_(-0.3, -0.6, -0.5, 0.5)_0.9825718_System.String[];12.2356;0.4192;0.3203;37.1596;-43.7670;1.1595;1.0573;-85.7749;87.0641;355.2815;357.4421;326.2211;98.7052;359.8427;3.1607
0.0144;-0.3055;False;False;37.1753;-43.8373;-0.0175;-0.0192;-85.3581;86.6548;0.0082;0.5583;302.1440;74.6612;0.5900;0.0676;1.1827;0.0004;0.0004;2.7903;0.1796;-3.5405;171046;71.72785;Infinity;2377.22;37.0441;-43.7352;1.1284;1.4512;-85.5938;87.4311;354.4821;353.0944;349.1358;80.8050;354.8872;359.3217;LeftFalse_RightFalse;LeftFalse_RightFalse;HandLeft_(-0.3, -0.3, -0.2)_(0.6, -0.6, -0.4, -0.4)_1.012537_System.String[];HandLeft_(0.3, -0.5, -0.2)_(1.0, 0.2, -0.2, -0.1)_0.9825718_System.String[];HandRight_(-0.3, -0.4, -0.1)_(0.9, 0.4, 0.2, -0.2)_1.012537_System.String[];HandRight_(0.5, -0.7, -0.1)_(-0.3, -0.6, -0.5, 0.5)_0.9825718_System.String[];12.2773;0.4265;0.3229;37.0043;-43.7117;1.1595;1.0575;-85.6541;87.0716;355.3151;357.4816;327.7586;99.1021;359.5314;3.1060
0.0105;-0.2778;False;False;37.0309;-43.7911;-0.0175;-0.0192;-85.2405;86.6617;0.0146;0.5451;303.3895;74.8994;0.5912;0.0514;1.0770;0.0004;0.0002;2.8425;0.1569;-3.4386;171049;71.89063;Infinity;2377.26;36.8936;-43.6843;1.1284;1.4514;-85.4726;87.4374;354.4856;353.0845;350.3827;81.0531;354.8931;359.3031;LeftFalse_RightFalse;LeftFalse_RightFalse;HandLeft_(-0.3, -0.3, -0.2)_(0.6, -0.6, -0.3, -0.4)_1.012537_System.String[];HandLeft_(0.3, -0.5, -0.2)_(1.0, 0.2, -0.2, -0.1)_0.9825718_System.String[];HandRight_(-0.3, -0.4, -0.1)_(0.9, 0.4, 0.2, -0.2)_1.012537_System.String[];HandRight_(0.4, -0.7, -0.1)_(-0.3, -0.6, -0.6, 0.5)_0.9825718_System.String[];12.3191;0.4358;0.3251;36.8540;-43.6623;1.1596;1.0577;-85.5313;87.0779;355.2888;357.4836;329.1490;99.5164;359.3590;3.1257
0.0076;-0.3135;False;False;36.8898;-43.7489;-0.0174;-0.0192;-85.1195;86.6678;0.0204;0.5291;304.6541;75.1188;0.5926;0.0374;0.9245;0.0003;0.0000;2.9173;0.1275;-3.2810;171052;71.57365;Infinity;2377.30;36.7479;-43.6382;1.1284;1.4517;-85.3492;87.4428;354.4887;353.0709;351.6335;81.2796;354.8983;359.2870;LeftFalse_RightFalse;LeftFalse_RightFalse;HandLeft_(-0.3, -0.3, -0.2)_(0.6, -0.6, -0.3, -0.4)_1.012537_System.String[];HandLeft_(0.3, -0.5, -0.2)_(1.0, 0.2, -0.2, -0.1)_0.9825718_System.String[];HandRight_(-0.3, -0.4, -0.1)_(0.9, 0.4, 0.2, -0.2)_1.012537_System.String[];HandRight_(0.4, -0.7, -0.1)_(-0.2, -0.6, -0.6, 0.5)_0.9825718_System.String[];12.3611;0.4447;0.3272;36.7084;-43.6179;1.1600;1.0578;-85.4062;87.0834;355.1698;357.4270;330.5521;99.8675;359.1658;3.2095
0.0056;-0.3770;False;False;36.7545;-43.7117;-0.0174;-0.0192;-84.9975;86.6730;0.0254;0.5140;305.9152;75.3127;0.5936;0.0249;0.8039;0.0003;-0.0001;2.9637;0.1071;-3.1747;171055;71.78457;Infinity;2377.34;36.6056;-43.5966;1.1284;1.4520;-85.2226;87.4474;354.4914;353.0566;352.9021;81.4855;354.9030;359.2722;LeftFalse_RightFalse;LeftFalse_RightFalse;HandLeft_(-0.3, -0.3, -0.2)_(0.6, -0.6, -0.3, -0.4)_1.012537_System.String[];HandLeft_(0.3, -0.5, -0.2)_(1.0, 0.2, -0.2, -0.1)_0.9825718_System.String[];HandRight_(-0.3, -0.4, -0.1)_(0.9, 0.4, 0.2, -0.2)_1.012537_System.String[];HandRight_(0.4, -0.7, -0.1)_(-0.2, -0.6, -0.6, 0.5)_0.9825718_System.String[];12.4028;0.4517;0.3302;36.5664;-43.5776;1.1602;1.0579;-85.2781;87.0885;355.1367;357.3048;332.0556;100.1021;358.9478;3.2538
0.0041;-0.3889;False;False;36.6238;-43.6800;-0.0174;-0.0192;-84.8734;86.6772;0.0297;0.5028;307.1840;75.4792;0.5941;0.0126;0.6716;0.0003;-0.0001;3.0067;0.0863;-3.0684;171058;71.88721;Infinity;2377.38;36.4692;-43.5608;1.1284;1.4522;-85.0948;87.4512;354.4939;353.0453;354.1682;81.6634;354.9069;359.2585;LeftFalse_RightFalse;LeftFalse_RightFalse;HandLeft_(-0.3, -0.3, -0.2)_(0.6, -0.6, -0.3, -0.4)_1.012537_System.String[];HandLeft_(0.3, -0.5, -0.2)_(1.0, 0.1, -0.2, -0.1)_0.9825718_System.String[];HandRight_(-0.3, -0.4, -0.1)_(0.9, 0.4, 0.2, -0.2)_1.012537_System.String[];HandRight_(0.4, -0.7, -0.1)_(-0.2, -0.6, -0.6, 0.5)_0.9825718_System.String[];12.4443;0.4569;0.3343;36.4302;-43.5427;1.1603;1.0581;-85.1491;87.0928;355.1566;357.2379;333.4991;100.2224;358.7767;3.3068
0.0030;-0.3651;False;False;36.4966;-43.6538;-0.0174;-0.0192;-84.7465;86.6806;0.0333;0.4950;308.4683;75.6178;0.5934;0.0009;0.5425;0.0003;-0.0001;3.0460;0.0670;-2.9636;171061;71.65421;Infinity;2377.43;36.3366;-43.5309;1.1284;1.4524;-84.9642;87.4542;354.4967;353.0379;355.4491;81.8133;354.9096;359.2455;LeftFalse_RightFalse;LeftFalse_RightFalse;HandLeft_(-0.3, -0.3, -0.2)_(0.6, -0.7, -0.2, -0.4)_1.012537_System.String[];HandLeft_(0.3, -0.5, -0.2)_(1.0, 0.1, -0.2, -0.1)_0.9825718_System.String[];HandRight_(-0.3, -0.4, -0.1)_(0.9, 0.4, 0.2, -0.2)_1.012537_System.String[];HandRight_(0.4, -0.7, -0.1)_(-0.2, -0.6, -0.6, 0.5)_0.9825718_System.String[];12.4866;0.4594;0.3395;36.2976;-43.5133;1.1603;1.0583;-85.0173;87.0965;355.1309;357.2873;334.8107;100.2507;358.6085;3.3949
0.0022;-0.3135;False;False;36.3749;-43.6333;-0.0174;-0.0192;-84.6190;86.6832;0.0362;0.4890;309.7415;75.7281;0.5907;359.9905;0.4274;0.0002;-0.0001;3.0809;0.0507;-2.8618;171064;71.82158;Infinity;2377.47;36.2094;-43.5070;1.1284;1.4526;-84.8324;87.4565;354.5002;353.0328;356.7250;81.9342;354.9106;359.2339;LeftFalse_RightFalse;LeftFalse_RightFalse;HandLeft_(-0.3, -0.3, -0.2)_(0.6, -0.7, -0.2, -0.4)_1.012537_System.String[];HandLeft_(0.3, -0.5, -0.2)_(1.0, 0.1, -0.2, -0.1)_0.9825718_System.String[];HandRight_(-0.3, -0.4, -0.1)_(0.9, 0.4, 0.2, -0.2)_1.012537_System.String[];HandRight_(0.4, -0.7, -0.1)_(-0.3, -0.6, -0.6, 0.4)_0.9825718_System.String[];12.5281;0.4595;0.3450;36.1700;-43.4899;1.1604;1.0584;-84.8845;87.0996;355.0246;357.3563;335.9218;100.2387;358.4403;3.5483
0.0016;-0.2778;False;False;36.2577;-43.6175;-0.0174;-0.0192;-84.4902;86.6851;0.0384;0.4826;311.0082;75.8140;0.5854;359.9820;0.3260;0.0002;-0.0001;3.1120;0.0374;-2.7626;171067;71.91279;Infinity;2377.51;36.0870;-43.4885;1.1284;1.4527;-84.6993;87.4581;354.5052;353.0277;357.9945;82.0294;354.9094;359.2240;LeftFalse_RightFalse;LeftFalse_RightFalse;HandLeft_(-0.3, -0.3, -0.2)_(0.6, -0.6, -0.2, -0.4)_1.012537_System.String[];HandLeft_(0.3, -0.5, -0.2)_(0.9, 0.1, -0.3, -0.1)_0.9825718_System.String[];HandRight_(-0.3, -0.4, -0.1)_(0.9, 0.4, 0.2, -0.2)_1.012537_System.String[];HandRight_(0.4, -0.7, -0.1)_(-0.5, -0.6, -0.5, 0.4)_0.9825718_System.String[];12.5698;0.4595;0.3497;36.0469;-43.4717;1.1605;1.0586;-84.7504;87.1023;354.7881;357.4040;336.8402;100.2504;358.2401;3.7003
0.0082;-0.2540;False;False;36.1442;-43.6059;-0.0174;-0.0192;-84.3595;86.6865;0.0400;0.4755;312.2705;75.8818;0.5781;359.9749;0.2196;0.0001;-0.0001;3.1400;0.0232;-2.6653;171070;71.84437;Infinity;2377.55;35.9685;-43.4746;1.1285;1.4528;-84.5643;87.4592;354.5113;353.0213;359.2606;82.1022;354.9062;359.2159;LeftFalse_RightFalse;LeftFalse_RightFalse;HandLeft_(-0.3, -0.3, -0.2)_(0.6, -0.6, -0.2, -0.4)_1.012537_System.String[];HandLeft_(0.3, -0.5, -0.2)_(0.9, 0.1, -0.3, -0.1)_0.9825718_System.String[];HandRight_(-0.3, -0.4, -0.1)_(0.9, 0.4, 0.2, -0.2)_1.012537_System.String[];HandRight_(0.4, -0.7, -0.1)_(-0.6, -0.5, -0.5, 0.3)_0.9825718_System.String[];12.6116;0.4594;0.3528;35.9275;-43.4578;1.1609;1.0587;-84.6145;87.1041;354.6196;357.3904;337.7091;100.3071;358.0952;3.8269
0.0216;-0.2540;False;False;36.0354;-43.6025;-0.0174;-0.0192;-84.2282;86.6856;0.0412;0.4820;313.5169;75.9599;0.5697;359.9724;0.0079;0.0000;0.0002;3.1659;-0.0084;-2.5702;171073;71.92569;Infinity;2377.59;35.8549;-43.4668;1.1285;1.4528;-84.4286;87.4588;354.5182;353.0230;0.5111;82.1935;354.9016;359.2208;LeftFalse_RightFalse;LeftFalse_RightFalse;HandLeft_(-0.3, -0.3, -0.2)_(0.6, -0.6, -0.2, -0.4)_1.012537_System.String[];HandLeft_(0.3, -0.5, -0.2)_(0.9, 0.1, -0.3, -0.1)_0.9825718_System.String[];HandRight_(-0.3, -0.4, -0.1)_(0.9, 0.4, 0.2, -0.2)_1.012537_System.String[];HandRight_(0.4, -0.7, -0.1)_(-0.6, -0.5, -0.5, 0.3)_0.9825718_System.String[];12.6533;0.4593;0.3545;35.8127;-43.4501;1.1612;1.0588;-84.4779;87.1044;354.5530;357.3331;338.5500;100.4611;358.0263;3.9412
0.0373;-0.2500;False;False;35.9305;-43.6024;-0.0174;-0.0192;-84.0957;86.6856;0.0417;0.4757;314.7537;75.9634;0.5605;359.9572;-0.0006;-0.0001;0.0001;3.1903;-0.0006;-2.4773;171076;71.94029;Infinity;2377.64;35.7455;-43.4663;1.1285;1.4530;-84.2915;87.4581;354.5253;353.0256;1.7521;82.2080;354.8961;359.1984;LeftFalse_RightFalse;LeftFalse_RightFalse;HandLeft_(-0.3, -0.3, -0.2)_(0.6, -0.6, -0.2, -0.4)_1.012537_System.String[];HandLeft_(0.3, -0.5, -0.2)_(0.9, 0.1, -0.3, -0.1)_0.9825718_System.String[];HandRight_(-0.3, -0.4, -0.1)_(0.9, 0.4, 0.2, -0.2)_1.012537_System.String[];HandRight_(0.4, -0.7, -0.1)_(-0.6, -0.4, -0.5, 0.4)_0.9825718_System.String[];12.6951;0.4593;0.3549;35.7020;-43.4492;1.1613;1.0590;-84.3399;87.1045;354.5588;357.3117;339.3899;100.5530;357.9662;4.0499
0.0557;-0.2143;False;False;35.8297;-43.6024;-0.0174;-0.0192;-83.9622;86.6856;0.0416;0.4573;315.9791;75.9634;0.5512;359.9551;-0.0012;0.0000;-0.0002;3.2138;-0.0002;-2.3868;171079;71.97182;Infinity;2377.68;35.6403;-43.4666;1.1286;1.4532;-84.1536;87.4579;354.5323;353.0105;2.9813;82.2088;354.8898;359.1921;LeftFalse_RightFalse;LeftFalse_RightFalse;HandLeft_(-0.3, -0.3, -0.2)_(0.6, -0.6, -0.2, -0.4)_1.012537_System.String[];HandLeft_(0.3, -0.5, -0.2)_(0.9, 0.0, -0.3, -0.1)_0.9825718_System.String[];HandRight_(-0.3, -0.4, -0.1)_(0.9, 0.4, 0.2, -0.2)_1.012537_System.String[];HandRight_(0.5, -0.7, -0.1)_(-0.7, -0.3, -0.5, 0.4)_0.9825718_System.String[];12.7366;0.4593;0.3562;35.5949;-43.4492;1.1611;1.0591;-84.2011;87.1054;354.6728;357.2671;340.1346;100.6589;357.9307;4.1436
0.0785;-0.1468;False;False;35.7326;-43.6023;-0.0175;-0.0192;-83.8277;86.6856;0.0460;0.4339;317.1962;75.9634;0.5313;359.9580;-0.0014;-0.0037;-0.0004;3.2377;-0.0001;-2.2983;171082;71.94121;Infinity;2377.72;35.5392;-43.4671;1.1286;1.4533;-84.0144;87.4578;354.5453;352.9881;4.2012;82.2089;354.8810;359.1914;LeftFalse_RightFalse;LeftFalse_RightFalse;HandLeft_(-0.3, -0.3, -0.2)_(0.6, -0.6, -0.2, -0.4)_1.012537_System.String[];HandLeft_(0.3, -0.5, -0.2)_(0.9, 0.0, -0.4, -0.1)_0.9825718_System.String[];HandRight_(-0.3, -0.4, -0.1)_(0.9, 0.4, 0.2, -0.2)_1.012537_System.String[];HandRight_(0.5, -0.7, -0.1)_(-0.7, -0.3, -0.6, 0.4)_0.9825718_System.String[];12.7783;0.4593;0.3596;35.4915;-43.4495;1.1610;1.0592;-84.0613;87.1065;354.6257;357.2252;340.7352;100.7853;357.9170;4.2052
0.1105;-0.0833;False;False;35.6390;-43.6022;-0.0177;-0.0192;-83.6917;86.6856;0.0529;0.4092;318.4084;75.9634;0.5069;359.9630;-0.0015;-0.0050;-0.0006;3.2619;-0.0001;-2.2123;171085;71.81461;Infinity;2377.76;35.4418;-43.4676;1.1285;1.4533;-83.8738;87.4578;354.5668;352.9632;5.4152;82.2087;354.8697;359.1932;LeftFalse_RightFalse;LeftFalse_RightFalse;HandLeft_(-0.3, -0.3, -0.2)_(0.6, -0.6, -0.2, -0.4)_1.012537_System.String[];HandLeft_(0.3, -0.5, -0.2)_(0.9, 0.0, -0.3, -0.1)_0.9825718_System.String[];HandRight_(-0.3, -0.4, -0.1)_(0.9, 0.4, 0.2, -0.2)_1.012537_System.String[];HandRight_(0.5, -0.7, -0.1)_(-0.7, -0.2, -0.6, 0.4)_0.9825718_System.String[];12.8201;0.4593;0.3646;35.3918;-43.4499;1.1609;1.0594;-83.9201;87.1077;354.6098;357.1609;341.2177;100.8935;357.9699;4.3246
0.1578;-0.0397;False;False;35.5494;-43.6021;-0.0179;-0.0193;-83.5552;86.6857;0.0609;0.3859;319.6098;75.9634;0.4811;359.9683;-0.0013;-0.0061;-0.0007;3.3009;0.0000;-2.0891;171088;71.9082;Infinity;2377.80;35.3483;-43.4682;1.1284;1.4534;-83.7319;87.4578;354.5909;352.9388;6.6230;82.2083;354.8581;359.1959;LeftFalse_RightFalse;LeftFalse_RightFalse;HandLeft_(-0.3, -0.3, -0.2)_(0.6, -0.6, -0.2, -0.4)_1.012537_System.String[];HandLeft_(0.3, -0.5, -0.2)_(0.9, 0.0, -0.3, -0.1)_0.9825718_System.String[];HandRight_(-0.3, -0.4, -0.1)_(0.9, 0.4, 0.2, -0.2)_1.012537_System.String[];HandRight_(0.5, -0.7, -0.1)_(-0.7, -0.3, -0.5, 0.4)_0.9825718_System.String[];12.8618;0.4583;0.3715;35.2956;-43.4504;1.1608;1.0598;-83.7776;87.1092;354.6586;357.0389;341.5409;100.9721;358.0465;4.5345
0.2107;-0.0198;False;False;35.4624;-43.6020;-0.0195;-0.0193;-83.4179;86.6857;0.0201;0.3649;320.8193;75.9634;0.3366;359.9734;-0.0011;-0.1045;-0.0007;3.3252;0.0000;-2.0162;171091;71.95494;Infinity;2377.84;35.2592;-43.4687;1.1280;1.4534;-83.5892;87.4578;354.6354;352.9165;7.8304;82.2079;354.8041;359.1988;LeftFalse_RightFalse;LeftFalse_RightFalse;HandLeft_(-0.3, -0.3, -0.2)_(0.6, -0.6, -0.2, -0.4)_1.012537_System.String[];HandLeft_(0.3, -0.5, -0.2)_(0.9, 0.0, -0.4, -0.1)_0.9825718_System.String[];HandRight_(-0.3, -0.4, -0.1)_(0.9, 0.4, 0.2, -0.2)_1.012537_System.String[];HandRight_(0.4, -0.7, -0.1)_(-0.7, -0.4, -0.5, 0.4)_0.9825718_System.String[];12.9036;0.4554;0.3801;35.2037;-43.4510;1.1603;1.0601;-83.6344;87.1107;354.7361;356.9493;341.8002;101.0508;358.0376;4.7766
0.2599;0.0000;False;False;35.3755;-43.6020;-0.0252;-0.0193;-83.2774;86.6857;359.8335;0.3465;322.0745;75.9636;359.8878;359.9781;-0.0006;-0.1871;-0.0007;3.3659;0.0001;-1.9316;171094;71.47823;Infinity;2377.89;35.1767;-43.4691;1.1254;1.4534;-83.4424;87.4578;354.8055;352.8968;9.1067;82.2075;354.4566;359.2015;LeftFalse_RightFalse;LeftFalse_RightFalse;HandLeft_(-0.3, -0.3, -0.2)_(0.6, -0.6, -0.2, -0.4)_1.012537_System.String[];HandLeft_(0.3, -0.5, -0.2)_(0.9, 0.0, -0.4, -0.1)_0.9825718_System.String[];HandRight_(-0.3, -0.4, -0.1)_(0.9, 0.4, 0.2, -0.2)_1.012537_System.String[];HandRight_(0.4, -0.7, -0.1)_(-0.6, -0.4, -0.5, 0.4)_0.9825718_System.String[];12.9458;0.4510;0.3907;35.1186;-43.4515;1.1579;1.0603;-83.4865;87.1121;354.7363;356.7942;342.2248;101.1473;357.6743;4.9371
0.3025;0.0000;False;False;35.2917;-43.6019;-0.0342;-0.0194;-83.1363;86.6857;359.5291;0.3312;323.3261;75.9647;359.2376;359.9821;-0.0001;-0.2543;-0.0006;3.4123;0.0000;-1.8493;171097;71.53738;Infinity;2377.93;35.1019;-43.4695;1.1201;1.4534;-83.2936;87.4578;355.0598;352.8801;10.4123;82.2080;353.8579;359.2039;LeftFalse_RightFalse;LeftFalse_RightFalse;HandLeft_(-0.3, -0.3, -0.2)_(0.6, -0.6, -0.3, -0.4)_1.012537_System.String[];HandLeft_(0.3, -0.5, -0.2)_(0.9, 0.0, -0.4, -0.1)_0.9825718_System.String[];HandRight_(-0.3, -0.4, -0.1)_(0.9, 0.4, 0.2, -0.2)_1.012537_System.String[];HandRight_(0.4, -0.7, -0.1)_(-0.6, -0.4, -0.5, 0.4)_0.9825718_System.String[];12.9878;0.4446;0.4024;35.0413;-43.4519;1.1534;1.0610;-83.3368;87.1133;354.7592;356.5909;342.7878;101.2926;357.0884;5.0364
0.3378;0.0000;False;False;35.2108;-43.6019;-0.0457;-0.0194;-82.9938;86.6856;359.1343;0.3190;324.5641;75.9661;358.4519;359.9852;-0.0006;-0.3062;-0.0005;3.4604;0.0000;-1.7716;171100;71.74173;Infinity;2377.97;35.0343;-43.4698;1.1127;1.4534;-83.1445;87.4578;355.3615;352.8666;11.7106;82.2092;353.0827;359.2059;LeftFalse_RightFalse;LeftFalse_RightFalse;HandLeft_(-0.3, -0.3, -0.2)_(0.6, -0.6, -0.3, -0.4)_1.012537_System.String[];HandLeft_(0.3, -0.5, -0.2)_(0.9, -0.1, -0.3, -0.1)_0.9825718_System.String[];HandRight_(-0.3, -0.4, -0.1)_(0.9, 0.4, 0.2, -0.2)_1.012537_System.String[];HandRight_(0.5, -0.7, -0.1)_(-0.6, -0.4, -0.6, 0.3)_0.9825718_System.String[];13.0295;0.4369;0.4123;34.9717;-43.4523;1.1469;1.0619;-83.1866;87.1142;354.6822;356.4229;343.4344;101.4574;356.3480;5.1398
0.3672;0.0000;False;False;35.1322;-43.6018;-0.0588;-0.0194;-82.8477;86.6856;358.6833;0.3089;325.7889;75.9669;357.6089;359.9881;-0.0014;-0.3086;-0.0004;3.5159;0.0001;-1.6853;171103;71.56743;Infinity;2378.01;34.9718;-43.4699;1.1033;1.4534;-82.9930;87.4578;355.6933;352.8555;13.0026;82.2103;352.1744;359.2078;LeftFalse_RightFalse;LeftFalse_RightFalse;HandLeft_(-0.3, -0.3, -0.2)_(0.6, -0.6, -0.3, -0.4)_1.012537_System.String[];HandLeft_(0.3, -0.5, -0.2)_(0.9, -0.1, -0.3, -0.2)_0.9825718_System.String[];HandRight_(-0.3, -0.4, -0.1)_(0.9, 0.4, 0.2, -0.2)_1.012537_System.String[];HandRight_(0.5, -0.7, -0.1)_(-0.6, -0.5, -0.6, 0.4)_0.9825718_System.String[];13.0715;0.4280;0.4214;34.9072;-43.4525;1.1388;1.0629;-83.0336;87.1151;354.5194;356.2415;344.2516;101.6514;355.4467;5.2846
0.3918;0.0000;False;False;35.0570;-43.6017;-0.0696;-0.0194;-82.7008;86.6856;358.3247;0.3011;326.9300;75.9679;357.0433;359.9903;-0.0002;-0.2300;-0.0003;3.5389;-0.0001;-1.6839;171106;71.77236;Infinity;2378.05;34.9096;-43.4701;1.0939;1.4534;-82.8417;87.4578;355.9224;352.8468;14.2114;82.2102;351.4189;359.2092;LeftFalse_RightFalse;LeftFalse_RightFalse;HandLeft_(-0.3, -0.3, -0.2)_(0.6, -0.6, -0.3, -0.4)_1.012537_System.String[];HandLeft_(0.4, -0.5, -0.2)_(0.9, -0.1, -0.3, -0.2)_0.9825718_System.String[];HandRight_(-0.3, -0.4, -0.1)_(0.9, 0.4, 0.2, -0.2)_1.012537_System.String[];HandRight_(0.5, -0.7, -0.1)_(-0.6, -0.5, -0.4, 0.5)_0.9825718_System.String[];13.1130;0.4213;0.4275;34.8433;-43.4525;1.1305;1.0636;-82.8809;87.1159;354.3289;356.1002;345.0692;101.8041;354.7430;5.4184
0.4156;0.0000;False;False;34.9856;-43.6017;-0.0775;-0.0194;-82.5514;86.6856;358.0736;0.2952;328.0336;75.9681;356.6979;359.9919;0.0003;-0.1675;-0.0002;3.5884;-0.0001;-1.6231;171109;71.83203;Infinity;2378.09;34.8451;-43.4703;1.0865;1.4534;-82.6902;87.4578;356.0281;352.8403;15.3434;82.2108;350.9399;359.2102;LeftFalse_RightFalse;LeftFalse_RightFalse;HandLeft_(-0.3, -0.3, -0.2)_(0.6, -0.5, -0.4, -0.4)_1.012537_System.String[];HandLeft_(0.4, -0.5, -0.2)_(0.9, -0.1, -0.3, -0.2)_0.9825718_System.String[];HandRight_(-0.3, -0.4, -0.1)_(0.9, 0.4, 0.2, -0.2)_1.012537_System.String[];HandRight_(0.5, -0.7, -0.1)_(-0.6, -0.5, -0.4, 0.4)_0.9825718_System.String[];13.1548;0.4140;0.4306;34.7771;-43.4522;1.1235;1.0640;-82.7279;87.1167;354.1898;356.0978;345.8496;101.8972;354.3830;5.5416
0.4389;0.0000;False;False;34.9160;-43.6017;-0.0832;-0.0194;-82.3968;86.6856;357.8953;0.2908;329.1474;75.9672;356.4669;359.9931;-0.0017;-0.1198;-0.0002;3.6308;0.0002;-1.5788;171112;71.17773;Infinity;2378.14;34.7801;-43.4704;1.0811;1.4534;-82.5351;87.4578;356.0863;352.8351;16.4643;82.2106;350.6171;359.2112;LeftFalse_RightFalse;LeftFalse_RightFalse;HandLeft_(-0.3, -0.3, -0.2)_(0.6, -0.5, -0.4, -0.4)_1.012537_System.String[];HandLeft_(0.4, -0.5, -0.2)_(0.9, -0.1, -0.3, -0.2)_0.9825718_System.String[];HandRight_(-0.3, -0.4, -0.1)_(0.9, 0.4, 0.2, -0.2)_1.012537_System.String[];HandRight_(0.5, -0.7, -0.1)_(-0.6, -0.5, -0.4, 0.4)_0.9825718_System.String[];13.1975;0.4079;0.4307;34.7102;-43.4518;1.1184;1.0644;-82.5712;87.1172;354.1298;356.2011;346.6274;101.9088;354.2190;5.6837
0.4627;0.0000;False;False;34.8501;-43.6017;-0.0870;-0.0194;-82.2434;86.6856;357.7765;0.2872;330.2342;75.9683;356.3161;-0.0056;-0.0002;-0.0833;-0.0001;3.6729;0.0000;-1.5388;171115;71.51434;Infinity;2378.18;34.7157;-43.4705;1.0773;1.4534;-82.3785;87.4578;356.1227;352.8312;17.5699;82.2105;350.3997;359.2120;LeftFalse_RightFalse;LeftFalse_RightFalse;HandLeft_(-0.3, -0.3, -0.2)_(0.6, -0.5, -0.4, -0.4)_1.012537_System.String[];HandLeft_(0.4, -0.5, -0.2)_(0.9, -0.1, -0.3, -0.2)_0.9825718_System.String[];HandRight_(-0.3, -0.4, -0.1)_(0.9, 0.4, 0.2, -0.2)_1.012537_System.String[];HandRight_(0.5, -0.7, -0.1)_(-0.6, -0.5, -0.4, 0.4)_0.9825718_System.String[];13.2393;0.4022;0.4307;34.6438;-43.4513;1.1149;1.0646;-82.4130;87.1177;354.0726;356.3397;347.3105;101.8457;354.1455;5.8079
0.4922;0.0113;False;False;34.7864;-43.6017;-0.0896;-0.0194;-82.0884;86.6856;357.6987;0.2847;331.3140;75.9698;356.2138;-0.0047;-0.0017;-0.0466;-0.0001;3.7398;0.0001;-1.4786;171118;71.75202;Infinity;2378.22;34.6528;-43.4705;1.0747;1.4534;-82.2217;87.4578;356.1480;352.8283;18.6564;82.2118;350.2550;359.2127;LeftFalse_RightFalse;LeftFalse_RightFalse;HandLeft_(-0.3, -0.3, -0.2)_(0.6, -0.5, -0.4, -0.4)_1.012537_System.String[];HandLeft_(0.4, -0.5, -0.2)_(0.9, -0.1, -0.3, -0.2)_0.9825718_System.String[];HandRight_(-0.3, -0.4, -0.1)_(0.9, 0.4, 0.2, -0.2)_1.012537_System.String[];HandRight_(0.5, -0.7, -0.1)_(-0.6, -0.5, -0.5, 0.4)_0.9825718_System.String[];13.2808;0.3950;0.4307;34.5786;-43.4506;1.1126;1.0648;-82.2546;87.1183;354.0668;356.4788;347.9607;101.7143;354.0135;5.8609
0.5246;0.0808;False;False;34.7248;-43.6016;-0.0913;-0.0195;-81.9314;86.6856;357.6505;0.2829;332.3896;75.9705;356.1442;-0.0041;0.0038;-0.0303;0.0000;3.7882;0.0001;-1.4380;171121;71.87719;Infinity;2378.26;34.5909;-43.4706;1.0730;1.4534;-82.0627;87.4578;356.1682;352.8264;19.7370;82.2127;350.1592;359.2130;LeftFalse_RightFalse;LeftFalse_RightFalse;HandLeft_(-0.3, -0.3, -0.2)_(0.6, -0.5, -0.4, -0.4)_1.012537_System.String[];HandLeft_(0.4, -0.5, -0.2)_(0.9, -0.1, -0.3, -0.2)_0.9825718_System.String[];HandRight_(-0.3, -0.4, -0.1)_(0.9, 0.4, 0.2, -0.2)_1.012537_System.String[];HandRight_(0.5, -0.7, -0.1)_(-0.6, -0.5, -0.5, 0.4)_0.9825718_System.String[];13.3225;0.3867;0.4307;34.5149;-43.4501;1.1111;1.0646;-82.0942;87.1187;354.0576;356.6366;348.5570;101.6158;353.9834;5.7330
0.5583;0.1813;False;False;34.6637;-43.6013;-0.0924;-0.0195;-81.7686;86.6856;357.6216;0.2805;333.4839;75.9739;356.0932;-0.0026;0.0186;-0.0189;0.0000;3.8401;0.0003;-1.3981;171124;71.07493;Infinity;2378.31;34.5299;-43.4704;1.0719;1.4534;-81.9000;87.4578;356.1865;352.8242;20.8213;82.2146;350.0955;359.2140;LeftFalse_RightFalse;LeftFalse_RightFalse;HandLeft_(-0.3, -0.3, -0.2)_(0.6, -0.5, -0.4, -0.5)_1.012537_System.String[];HandLeft_(0.4, -0.5, -0.2)_(0.9, -0.1, -0.3, -0.2)_0.9825718_System.String[];HandRight_(-0.3, -0.4, -0.1)_(0.9, 0.4, 0.2, -0.2)_1.012537_System.String[];HandRight_(0.4, -0.7, -0.1)_(-0.6, -0.5, -0.5, 0.4)_0.9825718_System.String[];13.3652;0.3761;0.4307;34.4517;-43.4495;1.1102;1.0644;-81.9301;87.1190;354.0021;356.8073;349.0311;101.6127;354.0532;5.5451
0.5903;0.2772;False;False;34.6053;-43.6001;-0.0930;-0.0195;-81.6054;86.6857;357.6070;0.2768;334.5541;75.9847;356.0568;-0.0001;0.0407;-0.0113;-0.0001;3.8951;0.0013;-1.3601;171127;71.1118;Infinity;2378.35;34.4699;-43.4695;1.0712;1.4534;-81.7336;87.4578;356.2039;352.8207;21.9042;82.2224;350.0538;359.2158;LeftFalse_RightFalse;LeftFalse_RightFalse;HandLeft_(-0.3, -0.3, -0.2)_(0.6, -0.5, -0.4, -0.5)_1.012537_System.String[];HandLeft_(0.4, -0.5, -0.2)_(0.9, -0.1, -0.3, -0.2)_0.9825718_System.String[];HandRight_(-0.3, -0.4, -0.1)_(0.9, 0.4, 0.2, -0.2)_1.012537_System.String[];HandRight_(0.4, -0.7, -0.1)_(-0.6, -0.5, -0.5, 0.4)_0.9825718_System.String[];13.4072;0.3629;0.4307;34.3893;-43.4489;1.1098;1.0642;-81.7625;87.1192;353.9666;356.9243;349.4332;101.7181;354.1393;5.3938
0.6236;0.3597;False;False;34.5487;-43.5979;-0.0934;-0.0195;-81.4400;86.6857;357.6020;0.2717;335.6087;76.0038;356.0302;0.0028;0.0692;-0.0065;-0.0001;3.9528;0.0031;-1.3234;171130;71.20903;Infinity;2378.39;34.4118;-43.4676;1.0708;1.4534;-81.5654;87.4579;356.2206;352.8158;22.9681;82.2382;350.0280;359.2181;LeftFalse_RightFalse;LeftFalse_RightFalse;HandLeft_(-0.3, -0.3, -0.2)_(0.6, -0.4, -0.5, -0.5)_1.012537_System.String[];HandLeft_(0.4, -0.5, -0.2)_(0.9, -0.1, -0.3, -0.2)_0.9825718_System.String[];HandRight_(-0.3, -0.4, -0.1)_(0.9, 0.4, 0.2, -0.2)_1.012537_System.String[];HandRight_(0.4, -0.7, -0.1)_(-0.5, -0.5, -0.5, 0.5)_0.9825718_System.String[];13.4492;0.3457;0.4317;34.3285;-43.4472;1.1097;1.0637;-81.5934;87.1197;353.8617;356.9719;349.8003;101.8267;354.2259;5.4119
0.6592;0.4319;False;False;34.4934;-43.5942;-0.0936;-0.0195;-81.2712;86.6859;357.6034;0.2651;336.6456;76.0356;356.0094;0.0065;0.1067;-0.0037;-0.0002;4.0133;0.0051;-1.2916;171133;71.10155;Infinity;2378.43;34.3552;-43.4642;1.0707;1.4534;-81.3947;87.4580;356.2368;352.8094;24.0134;82.2649;350.0126;359.2208;LeftFalse_RightFalse;LeftFalse_RightFalse;HandLeft_(-0.3, -0.3, -0.2)_(0.6, -0.4, -0.5, -0.5)_1.012537_System.String[];HandLeft_(0.4, -0.5, -0.2)_(0.9, -0.1, -0.3, -0.2)_0.9825718_System.String[];HandRight_(-0.3, -0.4, -0.1)_(0.9, 0.4, 0.2, -0.2)_1.012537_System.String[];HandRight_(0.4, -0.7, -0.1)_(-0.5, -0.5, -0.4, 0.5)_0.9825718_System.String[];13.4917;0.3239;0.4353;34.2691;-43.4441;1.1098;1.0635;-81.4217;87.1204;353.7281;356.9761;350.1320;101.8644;354.4068;5.5484
0.6953;0.4943;False;False;34.4402;-43.5887;-0.0937;-0.0195;-81.1022;86.6862;357.6070;0.2575;337.6357;76.0806;355.9949;0.0104;0.1479;-0.0053;-0.0002;4.0768;0.0078;-1.2676;171136;71.53872;Infinity;2378.47;34.3006;-43.4591;1.0706;1.4534;-81.2230;87.4582;356.2532;352.8016;25.0196;82.3050;350.0032;359.2240;LeftFalse_RightFalse;LeftFalse_RightFalse;HandLeft_(-0.3, -0.3, -0.2)_(0.6, -0.3, -0.6, -0.5)_1.012537_System.String[];HandLeft_(0.4, -0.5, -0.2)_(0.9, -0.1, -0.3, -0.2)_0.9825718_System.String[];HandRight_(-0.3, -0.4, -0.1)_(0.9, 0.4, 0.2, -0.2)_1.012537_System.String[];HandRight_(0.4, -0.7, -0.1)_(-0.5, -0.5, -0.4, 0.5)_0.9825718_System.String[];13.5332;0.2981;0.4409;34.2114;-43.4393;1.1100;1.0633;-81.2488;87.1216;353.6133;356.9619;350.4306;101.8061;354.6559;5.7419
0.7312;0.5494;False;False;34.3875;-43.5813;-0.0940;-0.0195;-80.9289;86.6865;357.6069;0.2490;338.5911;76.1415;355.9932;0.0148;0.1974;-0.0072;-0.0003;4.1434;0.0103;-1.2486;171139;71.5043;Infinity;2378.52;34.2468;-43.4518;1.0704;1.4534;-81.0484;87.4584;356.2571;352.7930;25.9874;82.3596;350.0008;359.2272;LeftFalse_RightFalse;LeftFalse_RightFalse;HandLeft_(-0.3, -0.3, -0.2)_(0.6, -0.2, -0.6, -0.5)_1.012537_System.String[];HandLeft_(0.4, -0.5, -0.2)_(0.9, -0.1, -0.3, -0.2)_0.9825718_System.String[];HandRight_(-0.3, -0.4, -0.1)_(0.9, 0.4, 0.2, -0.2)_1.012537_System.String[];HandRight_(0.4, -0.7, -0.1)_(-0.5, -0.5, -0.4, 0.5)_0.9825718_System.String[];13.5752;0.2657;0.4492;34.1545;-43.4324;1.1100;1.0632;-81.0731;87.1225;353.6015;356.9809;350.7027;101.7099;354.8932;5.9105
0.7624;0.6026;False;False;34.3354;-43.5715;-0.0943;-0.0195;-80.7529;86.6870;357.6038;0.2398;339.4901;76.2211;355.9935;0.0198;0.2513;-0.0084;-0.0003;4.2119;0.0123;-1.2397;171142;71.52142;Infinity;2378.56;34.1937;-43.4421;1.0700;1.4533;-80.8709;87.4588;356.2553;352.7835;26.9058;82.4325;349.9995;359.2310;LeftFalse_RightFalse;LeftFalse_RightFalse;HandLeft_(-0.4, -0.3, -0.2)_(0.6, -0.1, -0.7, -0.4)_1.012537_System.String[];HandLeft_(0.4, -0.5, -0.2)_(0.9, -0.1, -0.2, -0.2)_0.9825718_System.String[];HandRight_(-0.3, -0.4, -0.1)_(0.9, 0.4, 0.2, -0.2)_1.012537_System.String[];HandRight_(0.4, -0.7, -0.1)_(-0.5, -0.5, -0.4, 0.5)_0.9825718_System.String[];13.6172;0.2305;0.4586;34.0981;-43.4231;1.1097;1.0631;-80.8943;87.1232;353.7099;357.0215;350.8995;101.6514;355.1786;6.0325
0.7884;0.6537;False;False;34.2832;-43.5591;-0.0947;-0.0195;-80.5726;86.6876;357.5981;0.2302;340.3221;76.3227;355.9934;0.0253;0.3098;-0.0093;-0.0004;4.2818;0.0140;-1.2392;171145;71.29869;Infinity;2378.60;34.1406;-43.4295;1.0697;1.4533;-80.6894;87.4592;356.2522;352.7735;27.7619;82.5263;349.9958;359.2354;LeftFalse_RightFalse;LeftFalse_RightFalse;HandLeft_(-0.4, -0.2, -0.2)_(0.5, 0.0, -0.8, -0.3)_1.012537_System.String[];HandLeft_(0.4, -0.5, -0.2)_(0.9, -0.2, -0.2, -0.3)_0.9825718_System.String[];HandRight_(-0.3, -0.4, -0.1)_(0.9, 0.4, 0.2, -0.2)_1.012537_System.String[];HandRight_(0.4, -0.7, -0.1)_(-0.6, -0.6, -0.4, 0.4)_0.9825718_System.String[];13.6594;0.1951;0.4674;34.0419;-43.4108;1.1093;1.0631;-80.7115;87.1238;353.8556;357.0285;350.9976;101.7374;355.5313;6.0953
0.8105;0.7008;False;False;34.2308;-43.5440;-0.0951;-0.0195;-80.3896;86.6882;357.5888;0.2206;341.0659;76.4482;355.9951;0.0311;0.4061;-0.0088;-0.0004;4.3876;0.0158;-1.2510;171148;71.25587;Infinity;2378.64;34.0877;-43.4141;1.0693;1.4533;-80.5056;87.4596;356.2466;352.7633;28.5348;82.6431;349.9903;359.2401;LeftFalse_RightFalse;LeftFalse_RightFalse;HandLeft_(-0.4, -0.2, -0.2)_(0.5, 0.1, -0.8, -0.3)_1.012537_System.String[];HandLeft_(0.4, -0.6, -0.2)_(0.9, -0.2, -0.2, -0.3)_0.9825718_System.String[];HandRight_(-0.3, -0.4, -0.1)_(0.9, 0.4, 0.2, -0.2)_1.012537_System.String[];HandRight_(0.4, -0.7, -0.1)_(-0.7, -0.5, -0.4, 0.3)_0.9825718_System.String[];13.7014;0.1584;0.4750;33.9863;-43.3950;1.1085;1.0627;-80.5266;87.1238;354.1122;357.0308;351.0709;102.0732;355.7329;6.1245
0.8280;0.7396;False;False;34.1782;-43.5260;-0.0955;-0.0195;-80.2040;86.6888;357.5761;0.2110;341.7212;76.5990;356.0013;0.0370;0.4752;-0.0089;-0.0004;4.4588;0.0166;-1.2635;171151;71.29974;Infinity;2378.68;34.0346;-43.3954;1.0689;1.4532;-80.3196;87.4600;356.2345;352.7532;29.2194;82.7842;349.9852;359.2449;LeftFalse_RightFalse;LeftFalse_RightFalse;HandLeft_(-0.4, -0.2, -0.2)_(0.5, 0.2, -0.8, -0.2)_1.012537_System.String[];HandLeft_(0.4, -0.6, -0.2)_(0.9, -0.2, -0.2, -0.3)_0.9825718_System.String[];HandRight_(-0.3, -0.4, -0.1)_(0.9, 0.4, 0.2, -0.2)_1.012537_System.String[];HandRight_(0.4, -0.8, -0.1)_(-0.7, -0.5, -0.4, 0.4)_0.9825718_System.String[];13.7434;0.1296;0.4802;33.9311;-43.3762;1.1078;1.0625;-80.3402;87.1235;354.3240;357.0887;351.2288;102.6381;355.8144;6.1807
0.8419;0.7708;False;False;34.1269;-43.5050;-0.0922;-0.0196;-80.0168;86.6895;357.7047;0.2018;342.2821;76.7756;356.3185;0.0429;0.5476;0.7781;-0.0005;4.5097;0.0169;-1.3748;171154;71.58159;Infinity;2378.73;33.9810;-43.3734;1.0685;1.4532;-80.1306;87.4603;356.2214;352.7432;29.8184;82.9518;349.9782;359.2498;LeftFalse_RightFalse;LeftFalse_RightFalse;HandLeft_(-0.4, -0.2, -0.1)_(0.4, 0.3, -0.9, -0.2)_1.012537_System.String[];HandLeft_(0.4, -0.6, -0.2)_(0.9, -0.2, -0.2, -0.3)_0.9825718_System.String[];HandRight_(-0.3, -0.4, -0.2)_(0.6, 0.3, 0.5, -0.5)_1.012537_System.String[];HandRight_(0.4, -0.8, -0.1)_(-0.7, -0.5, -0.4, 0.4)_0.9825718_System.String[];13.7852;0.1055;0.4842;33.8753;-43.3540;1.1071;1.0623;-80.1514;87.1229;354.5083;357.1709;351.4969;103.3182;355.7937;6.2673
0.8548;0.7988;False;False;34.0819;-43.4806;-0.0648;-0.0196;-79.8279;86.6902;358.7629;0.1929;342.7517;76.9823;358.4944;0.0490;0.6229;0.5225;-0.0005;4.5420;0.0167;-1.4492;171157;71.36978;Infinity;2378.77;33.8932;-43.3478;1.0849;1.4531;-79.9350;87.4606;355.4019;352.7335;30.2330;83.1476;351.9409;359.2549;LeftFalse_RightFalse;LeftFalse_RightFalse;HandLeft_(-0.4, -0.2, -0.1)_(0.3, 0.3, -0.9, -0.2)_1.012537_System.String[];HandLeft_(0.4, -0.6, -0.2)_(0.9, -0.2, -0.2, -0.3)_0.9825718_System.String[];HandRight_(-0.3, -0.3, -0.2)_(0.6, 0.3, 0.4, -0.6)_1.012537_System.String[];HandRight_(0.4, -0.8, -0.1)_(-0.7, -0.5, -0.4, 0.4)_0.9825718_System.String[];13.8274;0.0899;0.4876;33.7838;-43.3286;1.1195;1.0619;-79.9558;87.1226;355.1703;357.2922;351.5922;104.0352;357.7995;6.3304
0.8659;0.8300;False;False;34.0279;-43.4526;-0.0465;-0.0196;-79.6363;86.6909;359.4397;0.1844;343.2069;77.2194;359.5995;0.0550;0.7005;0.3428;-0.0005;4.5971;0.0157;-1.4592;171160;71.09087;Infinity;2378.81;33.8093;-43.3181;1.1003;1.4531;-79.7347;87.4608;354.9085;352.7242;30.5921;83.3747;353.4702;359.2599;LeftFalse_RightFalse;LeftFalse_RightFalse;HandLeft_(-0.4, -0.2, -0.1)_(0.3, 0.3, -0.9, -0.2)_1.012537_System.String[];HandLeft_(0.4, -0.6, -0.2)_(0.9, -0.2, -0.2, -0.3)_0.9825718_System.String[];HandRight_(-0.3, -0.3, -0.2)_(0.6, 0.4, 0.4, -0.6)_1.012537_System.String[];HandRight_(0.4, -0.8, -0.1)_(-0.7, -0.5, -0.4, 0.3)_0.9825718_System.String[];13.8699;0.0821;0.4908;33.6964;-43.2993;1.1314;1.0616;-79.7562;87.1221;355.7832;357.4144;351.6347;104.6823;359.3610;6.3650
0.8747;0.8683;False;False;33.9713;-43.4217;-0.0350;-0.0196;-79.4446;86.6915;359.8481;0.1765;343.6375;77.4826;0.1447;0.0610;0.7813;0.2146;-0.0005;4.6726;0.0137;-1.4445;171163;71.53191;Infinity;2378.85;33.7373;-43.2852;1.1105;1.4530;-79.5372;87.4609;354.7287;352.7156;30.9609;83.6267;354.2938;359.2650;LeftFalse_RightFalse;LeftFalse_RightFalse;HandLeft_(-0.4, -0.3, -0.1)_(0.3, 0.3, -0.9, -0.2)_1.012537_System.String[];HandLeft_(0.4, -0.6, -0.2)_(0.9, -0.2, -0.2, -0.3)_0.9825718_System.String[];HandRight_(-0.3, -0.3, -0.2)_(0.5, 0.4, 0.4, -0.7)_1.012537_System.String[];HandRight_(0.4, -0.8, -0.1)_(-0.7, -0.5, -0.4, 0.4)_0.9825718_System.String[];13.9116;0.0817;0.4934;33.6210;-43.2672;1.1391;1.0610;-79.5597;87.1216;356.3703;357.5784;351.6248;105.2653;0.1847;6.4112
0.8811;0.9040;False;False;33.9134;-43.3870;-0.0282;-0.0196;-79.2477;86.6919;0.0816;0.1690;344.0452;77.7791;0.4062;0.0673;0.8660;0.1242;-0.0005;4.7658;0.0107;-1.4124;171166;71.53067;Infinity;2378.89;33.6715;-43.2483;1.1170;1.4530;-79.3373;87.4608;354.6737;352.7074;31.3366;83.9100;354.7319;359.2704;LeftFalse_RightFalse;LeftFalse_RightFalse;HandLeft_(-0.4, -0.3, -0.1)_(0.3, 0.3, -0.9, -0.2)_1.012537_System.String[];HandLeft_(0.4, -0.6, -0.2)_(0.9, -0.2, -0.2, -0.3)_0.9825718_System.String[];HandRight_(-0.3, -0.3, -0.3)_(0.4, 0.4, 0.4, -0.7)_1.012537_System.String[];HandRight_(0.4, -0.8, -0.1)_(-0.7, -0.5, -0.4, 0.4)_0.9825718_System.String[];13.9534;0.0849;0.4952;33.5516;-43.2316;1.1444;1.0606;-79.3608;87.1210;356.7846;357.7530;351.5941;105.7918;0.6662;6.4261
0.8858;0.9300;False;False;33.8558;-43.3483;-0.0245;-0.0197;-79.0448;86.6923;0.1938;0.1616;344.4141;78.1103;0.5201;0.0739;0.9536;0.0648;-0.0005;4.8888;0.0067;-1.3713;171169;71.42626;Infinity;2378.94;33.6097;-43.2068;1.1207;1.4529;-79.1322;87.4605;354.6625;352.6993;31.7030;84.2299;354.9430;359.2762;LeftFalse_RightFalse;LeftFalse_RightFalse;HandLeft_(-0.4, -0.2, -0.1)_(0.4, 0.3, -0.9, -0.2)_1.012537_System.String[];HandLeft_(0.4, -0.6, -0.1)_(0.9, -0.3, -0.2, -0.3)_0.9825718_System.String[];HandRight_(-0.3, -0.3, -0.2)_(0.5, 0.4, 0.4, -0.7)_1.012537_System.String[];HandRight_(0.4, -0.8, -0.1)_(-0.7, -0.5, -0.3, 0.4)_0.9825718_System.String[];13.9956;0.0911;0.4957;33.4868;-43.1916;1.1476;1.0603;-79.1562;87.1204;356.8907;357.8392;351.5359;106.2760;1.0011;6.4071
0.8892;0.9460;False;False;33.8003;-43.3062;-0.0230;-0.0197;-78.8388;86.6924;0.2270;0.1549;344.7582;78.4714;0.5574;0.0799;1.0437;0.0211;-0.0009;4.9807;0.0016;-1.3228;171172;71.70848;Infinity;2378.98;33.5520;-43.1613;1.1225;1.4529;-78.9246;87.4599;354.6570;352.6916;32.0400;84.5807;355.0216;359.2819;LeftFalse_RightFalse;LeftFalse_RightFalse;HandLeft_(-0.4, -0.2, -0.1)_(0.4, 0.3, -0.9, -0.2)_1.012537_System.String[];HandLeft_(0.4, -0.6, -0.1)_(0.9, -0.3, -0.2, -0.3)_0.9825718_System.String[];HandRight_(-0.3, -0.4, -0.2)_(0.5, 0.4, 0.4, -0.7)_1.012537_System.String[];HandRight_(0.4, -0.8, -0.1)_(-0.7, -0.4, -0.2, 0.5)_0.9825718_System.String[];14.0371;0.0983;0.4957;33.4259;-43.1479;1.1492;1.0601;-78.9493;87.1195;356.8176;357.8389;351.3575;106.6954;1.3857;6.3794
0.8917;0.9509;False;False;33.7464;-43.2600;-0.0230;-0.0197;-78.6287;86.6923;0.2130;0.1494;345.1130;78.8661;0.5536;0.0847;1.1354;-0.0065;-0.0012;5.0685;-0.0048;-1.2785;171175;71.84711;Infinity;2379.02;33.4973;-43.1114;1.1229;1.4528;-78.7142;87.4588;354.6513;352.6852;32.3901;84.9641;355.0249;359.2863;LeftFalse_RightFalse;LeftFalse_RightFalse;HandLeft_(-0.4, -0.2, -0.1)_(0.4, 0.2, -0.9, -0.2)_1.012537_System.String[];HandLeft_(0.4, -0.6, -0.1)_(0.9, -0.3, -0.2, -0.3)_0.9825718_System.String[];HandRight_(-0.3, -0.4, -0.2)_(0.5, 0.4, 0.4, -0.6)_1.012537_System.String[];HandRight_(0.5, -0.8, -0.1)_(-0.5, -0.4, -0.1, 0.8)_0.9825718_System.String[];14.0789;0.1051;0.4957;33.3686;-43.1002;1.1495;1.0600;-78.7391;87.1182;356.7726;357.7265;351.1219;107.0535;1.8265;6.3913
0.8930;0.9495;False;False;33.6747;-43.1897;-0.0242;-0.0199;-78.3319;86.6915;0.1508;0.1418;345.6373;79.4672;0.5205;0.0936;1.2739;-0.0272;-0.0037;5.1979;-0.0168;-1.2182;171177;50.3315;Infinity;2379.08;33.4622;-43.0757;1.1227;1.4527;-78.5719;87.4579;354.6455;352.6815;32.6343;85.2384;355.0025;359.2889;LeftFalse_RightFalse;LeftFalse_RightFalse;HandLeft_(-0.4, -0.2, -0.1)_(0.4, 0.2, -0.8, -0.2)_1.012537_System.String[];HandLeft_(0.4, -0.6, -0.1)_(0.9, -0.3, -0.2, -0.3)_0.9825718_System.String[];HandRight_(-0.3, -0.4, -0.2)_(0.5, 0.4, 0.4, -0.6)_1.012537_System.String[];HandRight_(0.5, -0.8, -0.1)_(-0.3, -0.3, -0.1, 0.9)_0.9825718_System.String[];14.1365;0.1127;0.4961;33.3302;-43.0651;1.1493;1.0599;-78.5971;87.1172;356.8223;357.6314;350.2683;107.1898;2.4438;6.5153
0.8945;0.9473;False;False;33.6234;-43.1326;-0.0255;-0.0201;-78.1074;86.6905;0.0907;0.1329;346.0518;79.9545;0.4885;0.1086;1.3668;-0.0322;-0.0053;5.2821;-0.0269;-1.1849;171180;58.46597;Infinity;2379.12;33.3746;-42.9737;1.1211;1.4524;-78.1940;87.4546;354.6193;352.6680;33.3221;86.0217;354.9037;359.3047;LeftFalse_RightFalse;LeftFalse_RightFalse;HandLeft_(-0.4, -0.2, -0.1)_(0.4, 0.2, -0.8, -0.2)_1.012537_System.String[];HandLeft_(0.4, -0.6, -0.1)_(0.9, -0.3, -0.2, -0.3)_0.9825718_System.String[];HandRight_(-0.3, -0.4, -0.2)_(0.6, 0.5, 0.4, -0.6)_1.012537_System.String[];HandRight_(0.5, -0.7, -0.1)_(-0.4, -0.3, 0.0, 0.9)_0.9825718_System.String[];14.1790;0.1159;0.4975;33.2411;-42.9670;1.1479;1.0596;-78.2175;87.1138;356.7592;357.7326;350.3507;107.9273;2.6007;6.6003
0.8955;0.9457;False;False;33.5745;-43.0726;-0.0269;-0.0203;-77.8838;86.6889;0.0283;0.1229;346.4770;80.4676;0.4533;0.1263;1.5057;-0.0320;-0.0089;5.4066;-0.0474;-1.1388;171183;64.30434;Infinity;2379.16;33.3261;-42.9084;1.1200;1.4519;-77.9702;87.4520;354.6030;352.6565;33.7489;86.5224;354.8346;359.3207;LeftFalse_RightFalse;LeftFalse_RightFalse;HandLeft_(-0.4, -0.2, -0.1)_(0.4, 0.2, -0.8, -0.2)_1.012537_System.String[];HandLeft_(0.4, -0.6, -0.1)_(0.9, -0.3, -0.2, -0.3)_0.9825718_System.String[];HandRight_(-0.3, -0.4, -0.2)_(0.6, 0.4, 0.4, -0.5)_1.012537_System.String[];HandRight_(0.5, -0.6, 0.0)_(-0.3, -0.5, -0.1, 0.8)_0.9825718_System.String[];14.2209;0.1172;0.4999;33.1916;-42.9047;1.1465;1.0589;-77.9920;87.1109;356.8195;357.9553;350.2418;108.5793;2.5988;6.5557
0.8963;0.9445;False;False;33.5267;-43.0079;-0.0282;-0.0207;-77.6549;86.6866;359.9675;0.1082;346.9212;81.0207;0.4200;0.1387;1.5984;-0.0277;-0.0111;5.4885;-0.0652;-1.1104;171186;67.53621;Infinity;2379.20;33.2788;-42.8386;1.1188;1.4515;-77.7420;87.4485;354.5866;352.6421;34.1937;87.0603;354.7652;359.3338;LeftFalse_RightFalse;LeftFalse_RightFalse;HandLeft_(-0.4, -0.2, -0.1)_(0.4, 0.2, -0.8, -0.2)_1.012537_System.String[];HandLeft_(0.4, -0.6, -0.1)_(0.9, -0.3, -0.2, -0.3)_0.9825718_System.String[];HandRight_(-0.3, -0.4, -0.2)_(0.6, 0.4, 0.4, -0.6)_1.012537_System.String[];HandRight_(0.5, -0.6, -0.1)_(-0.2, -0.5, -0.4, 0.7)_0.9825718_System.String[];14.2629;0.1171;0.5024;33.1441;-42.8384;1.1453;1.0582;-77.7617;87.1069;356.8705;358.0034;350.2148;109.3885;2.5072;6.4938
0.8983;0.9437;False;False;33.4806;-42.9400;-0.0293;-0.0212;-77.4249;86.6835;359.9152;0.0912;347.3726;81.6042;0.3973;0.1499;1.6905;-0.0218;-0.0128;5.5696;-0.0855;-1.0829;171189;69.65047;Infinity;2379.24;33.2329;-42.7647;1.1178;1.4510;-77.5115;87.4440;354.5681;352.6247;34.6479;87.6316;354.7067;359.3436;LeftFalse_RightFalse;LeftFalse_RightFalse;HandLeft_(-0.4, -0.2, -0.1)_(0.4, 0.2, -0.8, -0.2)_1.012537_System.String[];HandLeft_(0.4, -0.6, -0.1)_(0.9, -0.3, -0.2, -0.3)_0.9825718_System.String[];HandRight_(-0.3, -0.4, -0.2)_(0.6, 0.4, 0.4, -0.5)_1.012537_System.String[];HandRight_(0.5, -0.6, -0.1)_(0.0, -0.5, -0.5, 0.7)_0.9825718_System.String[];14.3047;0.1171;0.5038;33.0982;-42.7683;1.1443;1.0574;-77.5292;87.1013;356.9536;357.9244;350.3319;110.2858;2.3510;6.3844
0.9005;0.9431;False;False;33.4357;-42.8679;-0.0301;-0.0218;-77.1913;86.6796;359.8730;0.0724;347.8333;82.2239;0.3749;0.1605;1.7822;-0.0163;-0.0141;5.6503;-0.1078;-1.0547;171192;70.77338;Infinity;2379.29;33.1881;-42.6865;1.1171;1.4504;-77.2778;87.4384;354.5537;352.6053;35.1103;88.2380;354.6577;359.3524;LeftFalse_RightFalse;LeftFalse_RightFalse;HandLeft_(-0.4, -0.2, -0.1)_(0.4, 0.2, -0.8, -0.2)_1.012537_System.String[];HandLeft_(0.4, -0.6, -0.1)_(0.9, -0.3, -0.2, -0.3)_0.9825718_System.String[];HandRight_(-0.3, -0.4, -0.2)_(0.6, 0.4, 0.4, -0.6)_1.012537_System.String[];HandRight_(0.5, -0.6, -0.1)_(0.2, -0.4, -0.5, 0.7)_0.9825718_System.String[];14.3462;0.1171;0.5040;33.0540;-42.6945;1.1436;1.0568;-77.2933;87.0946;357.1037;357.7863;350.4960;111.2744;2.0724;6.1980
0.9028;0.9441;False;False;33.3921;-42.7918;-0.0307;-0.0224;-76.9537;86.6746;359.8393;0.0522;348.3031;82.8802;0.3555;0.1707;1.8736;-0.0116;-0.0152;5.7309;-0.1323;-1.0254;171195;71.28445;Infinity;2379.33;33.1445;-42.6037;1.1165;1.4498;-77.0399;87.4317;354.5442;352.5845;35.5814;88.8814;354.6166;359.3606;LeftFalse_RightFalse;LeftFalse_RightFalse;HandLeft_(-0.4, -0.2, -0.1)_(0.4, 0.2, -0.8, -0.2)_1.012537_System.String[];HandLeft_(0.4, -0.6, -0.1)_(0.9, -0.3, -0.2, -0.3)_0.9825718_System.String[];HandRight_(-0.3, -0.4, -0.2)_(0.6, 0.4, 0.4, -0.6)_1.012537_System.String[];HandRight_(0.5, -0.6, -0.1)_(0.2, -0.4, -0.4, 0.7)_0.9825718_System.String[];14.3879;0.1175;0.5040;33.0112;-42.6166;1.1431;1.0564;-77.0534;87.0866;357.2033;357.6199;350.7362;112.3134;1.7840;5.9586
0.9062;0.9477;False;False;33.3498;-42.7115;-0.0311;-0.0250;-76.7132;86.6695;359.8129;359.9557;348.7798;83.5735;0.3398;0.0079;1.9616;-0.0079;-0.1150;5.8114;-0.1708;-0.9942;171198;71.62817;Infinity;2379.37;33.1022;-42.5172;1.1161;1.4494;-76.7990;87.4221;354.5373;352.5402;36.0583;89.5696;354.5839;359.2916;LeftFalse_RightFalse;LeftFalse_RightFalse;HandLeft_(-0.4, -0.2, -0.1)_(0.4, 0.2, -0.8, -0.2)_1.012537_System.String[];HandLeft_(0.4, -0.6, -0.1)_(0.9, -0.3, -0.2, -0.3)_0.9825718_System.String[];HandRight_(-0.3, -0.4, -0.2)_(0.6, 0.4, 0.4, -0.6)_1.012537_System.String[];HandRight_(0.5, -0.6, -0.2)_(0.2, -0.4, -0.4, 0.8)_0.9825718_System.String[];14.4297;0.1189;0.5040;32.9703;-42.5352;1.1428;1.0560;-76.8104;87.0763;357.2919;357.4404;351.0959;113.4515;1.4270;5.5703
0.9094;0.9538;False;False;33.3085;-42.6256;-0.0313;-0.0317;-76.4661;86.6642;359.7919;359.7024;349.2724;84.3167;0.3281;359.5396;2.0481;-0.0045;-0.2002;5.8921;-0.2242;-0.9601;171201;71.34358;Infinity;2379.41;33.0608;-42.4277;1.1159;1.4498;-76.5519;87.4038;354.5318;352.3793;36.5482;90.3498;354.5581;358.8895;LeftFalse_RightFalse;LeftFalse_RightFalse;HandLeft_(-0.4, -0.2, -0.1)_(0.4, 0.2, -0.8, -0.2)_1.012537_System.String[];HandLeft_(0.4, -0.6, -0.1)_(0.9, -0.3, -0.2, -0.3)_0.9825718_System.String[];HandRight_(-0.3, -0.4, -0.2)_(0.6, 0.4, 0.4, -0.6)_1.012537_System.String[];HandRight_(0.5, -0.6, -0.2)_(0.2, -0.4, -0.4, 0.8)_0.9825718_System.String[];14.4719;0.1219;0.5031;32.9306;-42.4504;1.1424;1.0541;-76.5615;87.0595;357.3049;357.2600;351.4976;114.6845;1.0591;4.8476
0.9128;0.9625;False;False;33.2690;-42.5357;-0.0315;-0.0416;-76.2167;86.6578;359.7750;359.3277;349.7760;85.0885;0.3223;358.8589;2.1329;-0.0017;-0.2670;5.9729;-0.2789;-0.9219;171204;71.40019;Infinity;2379.45;33.0209;-42.3366;1.1158;1.4502;-76.3013;87.3781;354.5253;352.1114;37.0493;91.1981;354.5394;358.2328;LeftFalse_RightFalse;LeftFalse_RightFalse;HandLeft_(-0.4, -0.2, -0.1)_(0.4, 0.2, -0.8, -0.2)_1.012537_System.String[];HandLeft_(0.4, -0.6, -0.1)_(0.9, -0.3, -0.2, -0.3)_0.9825718_System.String[];HandRight_(-0.3, -0.4, -0.2)_(0.6, 0.4, 0.4, -0.5)_1.012537_System.String[];HandRight_(0.4, -0.6, -0.2)_(0.1, -0.4, -0.3, 0.9)_0.9825718_System.String[];14.5139;0.1259;0.5006;32.8922;-42.3630;1.1420;1.0508;-76.3093;87.0370;357.3376;357.0723;351.9314;116.0082;0.6007;3.8377
0.9152;0.9695;False;False;33.2314;-42.4416;-0.0315;-0.0540;-75.9643;86.6500;359.7604;358.8620;350.2959;85.8818;0.3200;358.0301;2.2140;0.0009;-0.3194;6.0537;-0.3293;-0.8802;171207;71.5209;Infinity;2379.50;32.9827;-42.2440;1.1158;1.4502;-76.0476;87.3462;354.5173;351.7623;37.5652;92.0934;354.5261;357.3913;LeftFalse_RightFalse;LeftFalse_RightFalse;HandLeft_(-0.4, -0.2, -0.1)_(0.4, 0.2, -0.9, -0.2)_1.012537_System.String[];HandLeft_(0.4, -0.6, -0.1)_(0.9, -0.3, -0.2, -0.3)_0.9825718_System.String[];HandRight_(-0.3, -0.4, -0.2)_(0.6, 0.4, 0.4, -0.5)_1.012537_System.String[];HandRight_(0.4, -0.6, -0.2)_(0.0, -0.4, -0.3, 0.9)_0.9825718_System.String[];14.5559;0.1300;0.4992;32.8557;-42.2731;1.1418;1.0462;-76.0541;87.0100;357.3671;356.9098;352.4166;117.3341;0.1387;2.6601
0.9170;0.9746;False;False;33.1960;-42.3447;-0.0314;-0.0660;-75.7096;86.6396;359.7477;358.4148;350.8329;86.6672;0.3210;357.3064;2.2887;0.0026;-0.2692;6.1343;-0.3572;-0.8343;171210;71.71954;Infinity;2379.54;32.9467;-42.1499;1.1158;1.4491;-75.7921;87.3116;354.5084;351.3808;38.0962;92.9953;354.5162;356.5232;LeftFalse_RightFalse;LeftFalse_RightFalse;HandLeft_(-0.4, -0.2, -0.1)_(0.4, 0.2, -0.8, -0.2)_1.012537_System.String[];HandLeft_(0.4, -0.6, -0.1)_(0.9, -0.3, -0.2, -0.3)_0.9825718_System.String[];HandRight_(-0.3, -0.4, -0.2)_(0.6, 0.4, 0.4, -0.5)_1.012537_System.String[];HandRight_(0.4, -0.6, -0.2)_(0.0, -0.4, -0.3, 0.9)_0.9825718_System.String[];14.5977;0.1345;0.4958;32.8216;-42.1815;1.1418;1.0401;-75.7968;86.9806;357.3159;356.7615;352.9030;118.6359;359.7946;1.5039
0.9183;0.9783;False;False;33.1625;-42.2447;-0.0312;-0.0751;-75.4500;86.6266;359.7367;358.0871;351.3955;87.4492;0.3261;356.8490;2.3574;0.0046;-0.2016;6.2145;-0.3837;-0.7841;171213;71.63509;Infinity;2379.58;32.9125;-42.0508;1.1160;1.4467;-75.5316;87.2819;354.4980;351.0801;38.6513;93.8472;354.5099;355.9506;LeftFalse_RightFalse;LeftFalse_RightFalse;HandLeft_(-0.4, -0.2, -0.1)_(0.5, 0.2, -0.8, -0.2)_1.012537_System.String[];HandLeft_(0.4, -0.6, -0.1)_(0.9, -0.3, -0.2, -0.3)_0.9825718_System.String[];HandRight_(-0.3, -0.4, -0.2)_(0.6, 0.5, 0.4, -0.5)_1.012537_System.String[];HandRight_(0.4, -0.6, -0.2)_(0.0, -0.4, -0.3, 0.9)_0.9825718_System.String[];14.6394;0.1387;0.4925;32.7891;-42.0847;1.1419;1.0345;-75.5344;86.9541;357.2331;356.5359;353.4391;119.7994;359.5130;0.7500
0.9171;0.9810;False;False;33.1313;-42.1420;-0.0310;-0.0817;-75.1865;86.6117;359.7289;357.8548;351.9838;88.2461;0.3340;356.5507;2.4576;0.0073;-0.1265;6.3337;-0.4088;-0.7023;171216;71.52533;Infinity;2379.62;32.8806;-41.9468;1.1162;1.4443;-75.2673;87.2551;354.4865;350.8613;39.2307;94.6847;354.5085;355.5758;LeftFalse_RightFalse;LeftFalse_RightFalse;HandLeft_(-0.4, -0.2, -0.1)_(0.5, 0.2, -0.8, -0.2)_1.012537_System.String[];HandLeft_(0.4, -0.6, -0.1)_(0.9, -0.3, -0.2, -0.3)_0.9825718_System.String[];HandRight_(-0.3, -0.4, -0.2)_(0.6, 0.5, 0.4, -0.5)_1.012537_System.String[];HandRight_(0.4, -0.6, -0.2)_(0.0, -0.4, -0.3, 0.9)_0.9825718_System.String[];14.6814;0.1427;0.4885;32.7589;-41.9836;1.1421;1.0300;-75.2682;86.9292;357.2371;356.4357;354.0097;120.8510;359.2472;0.3330
0.9141;0.9830;False;False;33.1028;-42.0375;-0.0306;-0.0864;-74.9217;86.5954;359.7232;357.6948;352.5907;89.0548;0.3431;356.3551;2.5246;0.0084;-0.0907;6.4120;-0.4311;-0.6437;171219;71.76594;Infinity;2379.66;32.8511;-41.8387;1.1164;1.4423;-75.0001;87.2299;354.4758;350.7066;39.8317;95.5212;354.5097;355.3268;LeftFalse_RightFalse;LeftFalse_RightFalse;HandLeft_(-0.4, -0.2, -0.1)_(0.5, 0.2, -0.8, -0.2)_1.012537_System.String[];HandLeft_(0.4, -0.6, -0.1)_(0.9, -0.3, -0.2, -0.3)_0.9825718_System.String[];HandRight_(-0.3, -0.4, -0.2)_(0.6, 0.5, 0.4, -0.5)_1.012537_System.String[];HandRight_(0.5, -0.6, -0.2)_(0.0, -0.4, -0.3, 0.8)_0.9825718_System.String[];14.7231;0.1454;0.4825;32.7308;-41.8789;1.1424;1.0265;-74.9990;86.9050;357.2674;356.4722;354.5418;121.9340;358.9771;359.9012
0.9076;0.9844;False;False;33.0770;-41.9303;-0.0303;-0.0897;-74.6533;86.5777;359.7191;357.5854;353.2205;89.8803;0.3532;356.2248;2.5920;0.0091;-0.0638;6.4888;-0.4575;-0.5823;171222;71.86874;Infinity;2379.70;32.8243;-41.7269;1.1168;1.4407;-74.7302;87.2052;354.4654;350.6002;40.4536;96.3623;354.5130;355.1610;LeftFalse_RightFalse;LeftFalse_RightFalse;HandLeft_(-0.4, -0.2, -0.1)_(0.5, 0.2, -0.8, -0.2)_1.012537_System.String[];HandLeft_(0.4, -0.6, -0.1)_(0.9, -0.3, -0.2, -0.3)_0.9825718_System.String[];HandRight_(-0.3, -0.4, -0.2)_(0.6, 0.5, 0.4, -0.5)_1.012537_System.String[];HandRight_(0.5, -0.6, -0.2)_(0.0, -0.4, -0.3, 0.8)_0.9825718_System.String[];14.7649;0.1469;0.4738;32.7054;-41.7710;1.1428;1.0240;-74.7272;86.8810;357.3108;356.4783;355.0522;123.1435;358.7537;359.4555
0.9008;0.9854;False;False;33.0538;-41.8205;-0.0299;-0.0920;-74.3818;86.5585;359.7161;357.5131;353.8693;90.7175;0.3638;356.1389;2.6593;0.0096;-0.0440;6.5640;-0.4874;-0.5192;171225;71.94212;Infinity;2379.75;32.8002;-41.6112;1.1171;1.4396;-74.4569;87.1804;354.4556;350.5288;41.0960;97.2097;354.5176;355.0511;LeftFalse_RightFalse;LeftFalse_RightFalse;HandLeft_(-0.4, -0.2, -0.1)_(0.5, 0.2, -0.8, -0.2)_1.012537_System.String[];HandLeft_(0.4, -0.6, -0.1)_(0.9, -0.3, -0.2, -0.3)_0.9825718_System.String[];HandRight_(-0.3, -0.4, -0.2)_(0.6, 0.5, 0.4, -0.5)_1.012537_System.String[];HandRight_(0.5, -0.6, -0.2)_(-0.1, -0.4, -0.3, 0.8)_0.9825718_System.String[];14.8064;0.1469;0.4636;32.6827;-41.6595;1.1431;1.0222;-74.4521;86.8567;357.3658;356.4218;355.6105;124.5827;358.5279;358.9357
0.8934;0.9862;False;False;33.0333;-41.7076;-0.0295;-0.0935;-74.1063;86.5377;359.7134;357.4671;354.5349;91.5648;0.3747;356.0791;2.7257;0.0102;-0.0275;6.6372;-0.5208;-0.4548;171228;71.90041;Infinity;2379.79;32.7787;-41.4917;1.1174;1.4388;-74.1796;87.1547;354.4456;350.4829;41.7565;98.0639;354.5231;354.9777;LeftFalse_RightFalse;LeftFalse_RightFalse;HandLeft_(-0.4, -0.2, -0.1)_(0.5, 0.2, -0.8, -0.2)_1.012537_System.String[];HandLeft_(0.3, -0.6, -0.1)_(0.9, 0.1, -0.3, -0.2)_0.9825718_System.String[];HandRight_(-0.3, -0.4, -0.2)_(0.6, 0.5, 0.4, -0.5)_1.012537_System.String[];HandRight_(0.5, -0.6, -0.2)_(-0.1, -0.4, -0.4, 0.8)_0.9825718_System.String[];14.8481;0.1459;0.4532;32.6627;-41.5442;1.1435;1.0209;-74.1728;86.8313;357.4004;356.4109;356.1930;126.0095;358.2942;358.7223
0.8874;0.9850;False;False;33.0157;-41.5958;-0.0290;-0.0734;-73.8284;86.5079;359.7106;358.2592;355.2091;92.4953;0.3846;357.7981;2.8782;0.0104;0.6246;6.7086;-0.4283;-0.3894;171231;71.95244;Infinity;2379.83;32.7602;-41.3573;1.1178;1.4368;-73.8998;87.1495;354.4361;350.7957;42.4274;98.8177;354.5281;356.0078;LeftFalse_RightFalse;LeftFalse_RightFalse;HandLeft_(-0.4, -0.2, -0.1)_(0.5, 0.2, -0.8, -0.2)_1.012537_System.String[];HandLeft_(0.3, -0.6, -0.1)_(0.9, 0.1, -0.3, -0.2)_0.9825718_System.String[];HandRight_(-0.3, -0.4, -0.2)_(0.6, 0.5, 0.4, -0.5)_1.012537_System.String[];HandRight_(0.5, -0.6, -0.2)_(-0.1, -0.4, -0.4, 0.8)_0.9825718_System.String[];14.8899;0.1435;0.4424;32.6454;-41.4181;1.1439;1.0250;-73.8913;86.8195;357.4709;356.2076;356.7370;127.3335;358.0876;359.9202
0.8830;0.9830;False;False;33.0010;-41.4790;-0.0286;-0.0521;-73.5474;86.4807;359.7077;359.0543;355.8882;93.5589;0.3933;359.2540;2.9668;0.0109;0.4257;6.7784;-0.4608;-0.3235;171234;71.97462;Infinity;2379.87;32.7446;-41.2041;1.1182;1.4359;-73.6168;87.1612;354.4276;351.5057;43.1053;99.6029;354.5320;357.9305;LeftFalse_RightFalse;LeftFalse_RightFalse;HandLeft_(-0.4, -0.2, -0.1)_(0.5, 0.2, -0.8, -0.2)_1.012537_System.String[];HandLeft_(0.3, -0.6, -0.1)_(0.9, 0.1, -0.3, -0.2)_0.9825718_System.String[];HandRight_(-0.3, -0.4, -0.2)_(0.6, 0.5, 0.4, -0.5)_1.012537_System.String[];HandRight_(0.5, -0.6, -0.2)_(-0.1, -0.4, -0.4, 0.8)_0.9825718_System.String[];14.9316;0.1400;0.4271;32.6308;-41.2778;1.1443;1.0356;-73.6066;86.8196;357.5150;355.9125;357.1976;128.5846;357.9395;2.2098
0.8794;0.9780;False;False;32.9889;-41.3555;-0.0281;-0.0378;-73.2603;86.4551;359.7059;359.5653;356.5739;94.6945;0.4006;0.0268;3.0566;0.0118;0.2784;6.8467;-0.5321;-0.2578;171237;71.58418;Infinity;2379.91;32.7318;-41.0522;1.1187;1.4377;-73.3285;87.1528;354.4200;351.9919;43.7896;100.5879;354.5358;358.9567;LeftFalse_RightFalse;LeftFalse_RightFalse;HandLeft_(-0.4, -0.2, -0.1)_(0.5, 0.2, -0.8, -0.2)_1.012537_System.String[];HandLeft_(0.3, -0.6, -0.1)_(0.9, 0.1, -0.3, -0.3)_0.9825718_System.String[];HandRight_(-0.3, -0.4, -0.2)_(0.6, 0.5, 0.5, -0.5)_1.012537_System.String[];HandRight_(0.5, -0.6, -0.2)_(-0.2, -0.4, -0.5, 0.8)_0.9825718_System.String[];14.9736;0.1349;0.4078;32.6187;-41.1370;1.1448;1.0439;-73.3167;86.8062;357.5298;355.8351;357.5683;129.8690;357.8306;3.5018
0.8753;0.9700;False;False;32.9798;-41.2262;-0.0276;-0.0288;-72.9703;86.4281;359.7050;359.8730;357.2522;95.8579;0.4054;0.4197;3.1511;0.0123;0.1723;6.9136;-0.6215;-0.1926;171240;71.43704;Infinity;2379.96;32.7219;-40.8997;1.1191;1.4402;-73.0355;87.1309;354.4152;352.3012;44.4726;101.6858;354.5387;359.4883;LeftFalse_RightFalse;LeftFalse_RightFalse;HandLeft_(-0.4, -0.2, -0.1)_(0.4, 0.2, -0.8, -0.2)_1.012537_System.String[];HandLeft_(0.3, -0.6, -0.1)_(0.9, 0.1, -0.3, -0.3)_0.9825718_System.String[];HandRight_(-0.3, -0.4, -0.2)_(0.6, 0.5, 0.5, -0.5)_1.012537_System.String[];HandRight_(0.5, -0.6, -0.2)_(-0.2, -0.4, -0.5, 0.8)_0.9825718_System.String[];15.0159;0.1278;0.3873;32.6094;-40.9941;1.1453;1.0500;-73.0221;86.7828;357.5174;355.8081;357.8837;131.2579;357.7152;4.1673
0.8706;0.9568;False;False;32.9735;-41.0944;-0.0271;-0.0237;-72.6803;86.3989;359.7045;0.0473;357.9095;96.9449;0.4074;0.6033;3.2150;0.0127;0.0980;6.9794;-0.7103;-0.1303;171243;71.69767;Infinity;2380.00;32.7150;-40.7496;1.1196;1.4422;-72.7436;87.1006;354.4126;352.4845;45.1353;102.7643;354.5403;359.7462;LeftFalse_RightFalse;LeftFalse_RightFalse;HandLeft_(-0.4, -0.2, -0.1)_(0.4, 0.2, -0.9, -0.2)_1.012537_System.String[];HandLeft_(0.3, -0.6, -0.1)_(0.8, 0.2, -0.3, -0.4)_0.9825718_System.String[];HandRight_(-0.3, -0.4, -0.2)_(0.5, 0.5, 0.5, -0.5)_1.012537_System.String[];HandRight_(0.5, -0.6, -0.2)_(-0.2, -0.4, -0.5, 0.8)_0.9825718_System.String[];15.0574;0.1181;0.3632;32.6029;-40.8524;1.1458;1.0541;-72.7288;86.7530;357.4686;355.7621;358.1243;132.6166;357.6404;4.5439
0.8643;0.9384;False;False;32.9697;-40.9582;-0.0266;-0.0211;-72.3856;86.3662;359.7043;0.1367;358.5469;97.9604;0.4056;0.6760;3.2813;0.0129;0.0476;7.0440;-0.7949;-0.0725;171246;71.59068;Infinity;2380.04;32.7109;-40.5992;1.1202;1.4436;-72.4474;87.0641;354.4128;352.5858;45.7802;103.7872;354.5398;359.8603;LeftFalse_RightFalse;LeftFalse_RightFalse;HandLeft_(-0.4, -0.2, -0.1)_(0.4, 0.2, -0.9, -0.2)_1.012537_System.String[];HandLeft_(0.3, -0.6, -0.2)_(0.8, 0.2, -0.3, -0.4)_0.9825718_System.String[];HandRight_(-0.3, -0.4, -0.2)_(0.5, 0.5, 0.5, -0.5)_1.012537_System.String[];HandRight_(0.5, -0.6, -0.2)_(-0.2, -0.4, -0.5, 0.8)_0.9825718_System.String[];15.0994;0.1055;0.3374;32.5991;-40.7092;1.1463;1.0564;-72.4313;86.7185;357.3793;355.6965;358.3886;133.8537;357.5588;4.8223
0.8565;0.9182;False;False;32.9683;-40.8183;-0.0260;-0.0202;-72.0873;86.3305;359.7043;0.1700;359.1484;98.9043;0.3993;0.6844;3.3848;0.0127;0.0031;7.1387;-0.9016;0.0045;171249;71.47047;Infinity;2380.08;32.7092;-40.4474;1.1207;1.4444;-72.1473;87.0229;354.4162;352.6318;46.3954;104.7505;354.5364;359.8914;LeftFalse_RightFalse;LeftFalse_RightFalse;HandLeft_(-0.4, -0.2, -0.1)_(0.3, 0.2, -0.9, -0.2)_1.012537_System.String[];HandLeft_(0.3, -0.6, -0.2)_(0.8, 0.3, -0.4, -0.4)_0.9825718_System.String[];HandRight_(-0.3, -0.4, -0.2)_(0.5, 0.4, 0.5, -0.6)_1.012537_System.String[];HandRight_(0.5, -0.6, -0.2)_(-0.2, -0.4, -0.5, 0.8)_0.9825718_System.String[];15.1416;0.0896;0.3102;32.5977;-40.5636;1.1469;1.0576;-72.1299;86.6798;357.3195;355.5660;358.7234;134.8740;357.4210;5.0683
0.8451;0.9015;False;False;32.9690;-40.6754;-0.0255;-0.0203;-71.7871;86.2921;359.7047;0.1690;359.7023;99.7845;0.3886;0.6587;3.4552;0.0126;-0.0126;7.2001;-0.9611;0.0477;171252;71.47779;Infinity;2380.12;32.7098;-40.2949;1.1213;1.4448;-71.8454;86.9783;354.4231;352.6423;46.9664;105.6526;354.5305;359.8762;LeftFalse_RightFalse;LeftFalse_RightFalse;HandLeft_(-0.4, -0.2, -0.1)_(0.3, 0.3, -0.9, -0.2)_1.012537_System.String[];HandLeft_(0.3, -0.6, -0.2)_(0.8, 0.3, -0.4, -0.4)_0.9825718_System.String[];HandRight_(-0.3, -0.4, -0.2)_(0.4, 0.4, 0.5, -0.6)_1.012537_System.String[];HandRight_(0.5, -0.7, -0.1)_(-0.1, -0.5, -0.5, 0.7)_0.9825718_System.String[];15.1833;0.0721;0.2891;32.5986;-40.4163;1.1475;1.0580;-71.8269;86.6384;357.2564;355.3964;359.0824;135.6673;357.2907;5.1660
0.8276;0.8905;False;False;32.9714;-40.5299;-0.0250;-0.0209;-71.4854;86.2514;359.7053;0.1488;0.1962;100.6093;0.3722;0.6166;3.5253;0.0128;-0.0202;7.2593;-1.0157;0.0903;171255;71.6485;Infinity;2380.17;32.7124;-40.1408;1.1219;1.4449;-71.5415;86.9310;354.4341;352.6318;47.4832;106.5012;354.5211;359.8368;LeftFalse_RightFalse;LeftFalse_RightFalse;HandLeft_(-0.4, -0.2, -0.1)_(0.3, 0.3, -0.9, -0.1)_1.012537_System.String[];HandLeft_(0.3, -0.6, -0.2)_(0.7, 0.3, -0.4, -0.4)_0.9825718_System.String[];HandRight_(-0.3, -0.4, -0.2)_(0.4, 0.4, 0.5, -0.7)_1.012537_System.String[];HandRight_(0.5, -0.7, -0.1)_(-0.2, -0.5, -0.5, 0.7)_0.9825718_System.String[];15.2253;0.0531;0.2759;32.6011;-40.2668;1.1481;1.0577;-71.5223;86.5945;357.2633;355.3664;359.4304;136.2540;357.1146;5.2526
0.8041;0.8865;False;False;32.9754;-40.3816;-0.0244;-0.0219;-71.1818;86.2084;359.7066;0.1168;0.6195;101.3932;0.3490;0.5641;3.5924;0.0130;-0.0246;7.3157;-1.0732;0.1132;171258;71.79578;Infinity;2380.21;32.7167;-39.9853;1.1225;1.4448;-71.2367;86.8816;354.4502;352.6086;47.9324;107.3032;354.5077;359.7840;LeftFalse_RightFalse;LeftFalse_RightFalse;HandLeft_(-0.4, -0.3, -0.1)_(0.2, 0.3, -0.9, -0.1)_1.012537_System.String[];HandLeft_(0.3, -0.6, -0.2)_(0.7, 0.3, -0.5, -0.4)_0.9825718_System.String[];HandRight_(-0.3, -0.4, -0.2)_(0.3, 0.4, 0.4, -0.7)_1.012537_System.String[];HandRight_(0.5, -0.7, -0.1)_(-0.2, -0.5, -0.5, 0.6)_0.9825718_System.String[];15.2668;0.0339;0.2741;32.6053;-40.1156;1.1487;1.0569;-71.2169;86.5488;357.2874;355.4781;359.6947;136.6238;356.9566;5.3937
0.7729;0.8895;False;False;32.9804;-40.2304;-0.0239;-0.0229;-70.8759;86.1628;359.7086;0.0793;0.9667;102.1582;0.3207;0.5110;3.6559;0.0133;-0.0256;7.3687;-1.1359;0.1299;171261;71.88303;Infinity;2380.25;32.7222;-39.8275;1.1232;1.4446;-70.9300;86.8298;354.4710;352.5784;48.3074;108.0796;354.4909;359.7260;LeftFalse_RightFalse;LeftFalse_RightFalse;HandLeft_(-0.4, -0.3, -0.1)_(0.2, 0.4, -0.9, -0.1)_1.012537_System.String[];HandLeft_(0.3, -0.6, -0.2)_(0.7, 0.4, -0.5, -0.4)_0.9825718_System.String[];HandRight_(-0.3, -0.3, -0.3)_(0.3, 0.3, 0.5, -0.8)_1.012537_System.String[];HandRight_(0.5, -0.7, -0.1)_(-0.2, -0.5, -0.5, 0.6)_0.9825718_System.String[];15.3086;0.0137;0.2741;32.6104;-39.9617;1.1494;1.0563;-70.9099;86.5008;357.2360;355.5053;359.8538;136.9536;356.8159;5.4059
0.7316;0.8988;False;False;32.9857;-40.0767;-0.0233;-0.0240;-70.5680;86.1144;359.7113;0.0410;1.2299;102.9199;0.2876;0.4634;3.7170;0.0135;-0.0246;7.4167;-1.2018;0.1370;171264;71.94633;Infinity;2380.29;32.7284;-39.6673;1.1239;1.4444;-70.6214;86.7753;354.4959;352.5456;48.6019;108.8483;354.4712;359.6719;LeftFalse_RightFalse;LeftFalse_RightFalse;HandLeft_(-0.4, -0.3, -0.1)_(0.2, 0.4, -0.9, -0.1)_1.012537_System.String[];HandLeft_(0.3, -0.6, -0.2)_(0.7, 0.3, -0.5, -0.4)_0.9825718_System.String[];HandRight_(-0.3, -0.3, -0.3)_(0.3, 0.3, 0.5, -0.8)_1.012537_System.String[];HandRight_(0.5, -0.7, -0.1)_(-0.2, -0.6, -0.5, 0.6)_0.9825718_System.String[];15.3503;-0.0059;0.2745;32.6162;-39.8051;1.1501;1.0560;-70.6012;86.4501;357.1892;355.3497;359.9637;137.2651;356.6962;5.3705
0.6873;0.9083;False;False;32.9912;-39.9200;-0.0228;-0.0250;-70.2576;86.0630;359.7148;0.0039;1.4028;103.6900;0.2500;0.4240;3.7763;0.0137;-0.0239;7.4582;-1.2709;0.1350;171267;71.89707;Infinity;2380.33;32.7348;-39.5044;1.1246;1.4442;-70.3112;86.7179;354.5246;352.5131;48.8079;109.6198;354.4491;359.6245;LeftFalse_RightFalse;LeftFalse_RightFalse;HandLeft_(-0.4, -0.3, -0.1)_(0.2, 0.4, -0.9, -0.1)_1.012537_System.String[];HandLeft_(0.3, -0.6, -0.2)_(0.7, 0.3, -0.5, -0.4)_0.9825718_System.String[];HandRight_(-0.3, -0.3, -0.3)_(0.3, 0.3, 0.5, -0.8)_1.012537_System.String[];HandRight_(0.5, -0.7, -0.1)_(-0.2, -0.6, -0.5, 0.6)_0.9825718_System.String[];15.3921;-0.0237;0.2775;32.6220;-39.6460;1.1508;1.0558;-70.2912;86.3964;357.1286;355.1487;359.9728;137.7229;356.5911;5.1947
0.6444;0.9162;False;False;32.9965;-39.7597;-0.0222;-0.0259;-69.9433;86.0080;359.7206;359.9676;1.4834;104.4809;0.2091;0.3975;3.8331;0.0127;-0.0224;7.4929;-1.3442;0.1260;171270;71.62289;Infinity;2380.37;32.7410;-39.3378;1.1253;1.4437;-69.9977;86.6571;354.5573;352.4798;48.9219;110.4067;354.4254;359.5900;LeftFalse_RightFalse;LeftFalse_RightFalse;HandLeft_(-0.4, -0.3, -0.1)_(0.2, 0.5, -0.9, -0.1)_1.012537_System.String[];HandLeft_(0.3, -0.6, -0.2)_(0.7, 0.3, -0.4, -0.4)_0.9825718_System.String[];HandRight_(-0.3, -0.3, -0.3)_(0.3, 0.3, 0.4, -0.8)_1.012537_System.String[];HandRight_(0.5, -0.7, -0.1)_(-0.2, -0.6, -0.5, 0.6)_0.9825718_System.String[];15.4341;-0.0376;0.2823;32.6276;-39.4835;1.1515;1.0556;-69.9781;86.3391;357.0657;354.9370;359.8073;138.3709;356.5428;4.9455
0.6085;0.9164;False;False;33.0012;-39.5971;-0.0217;-0.0268;-69.6279;85.9496;359.7286;359.9334;1.4766;105.2944;0.1670;0.3808;3.8884;0.0124;-0.0205;7.5217;-1.4220;0.1139;171273;71.53568;Infinity;2380.42;32.7468;-39.1677;1.1261;1.4433;-69.6816;86.5927;354.5935;352.4471;48.9436;111.2174;354.4023;359.5666;LeftFalse_RightFalse;LeftFalse_RightFalse;HandLeft_(-0.4, -0.4, -0.1)_(0.1, 0.5, -0.8, 0.0)_1.012537_System.String[];HandLeft_(0.3, -0.6, -0.2)_(0.7, 0.3, -0.4, -0.4)_0.9825718_System.String[];HandRight_(-0.3, -0.3, -0.3)_(0.3, 0.3, 0.4, -0.8)_1.012537_System.String[];HandRight_(0.5, -0.7, -0.1)_(-0.2, -0.6, -0.5, 0.6)_0.9825718_System.String[];15.4761;-0.0481;0.2877;32.6323;-39.3176;1.1526;1.0552;-69.6622;86.2777;356.9663;354.7952;359.5030;139.1936;356.4894;4.7681
0.5818;0.9016;False;False;33.0053;-39.4320;-0.0212;-0.0276;-69.3109;85.8875;359.7378;359.9015;1.3927;106.1367;0.1253;0.3733;3.9405;0.0120;-0.0181;7.5454;-1.5041;0.0966;171276;71.4274;Infinity;2380.46;32.7519;-38.9956;1.1267;1.4427;-69.3659;86.5248;354.6303;352.4158;48.8855;112.0501;354.3805;359.5526;LeftFalse_RightFalse;LeftFalse_RightFalse;HandLeft_(-0.4, -0.4, -0.1)_(0.1, 0.6, -0.8, 0.0)_1.012537_System.String[];HandLeft_(0.3, -0.6, -0.2)_(0.7, 0.3, -0.4, -0.4)_0.9825718_System.String[];HandRight_(-0.3, -0.3, -0.3)_(0.2, 0.3, 0.4, -0.8)_1.012537_System.String[];HandRight_(0.5, -0.7, -0.1)_(-0.2, -0.6, -0.4, 0.6)_0.9825718_System.String[];15.5181;-0.0596;0.2918;32.6361;-39.1499;1.1536;1.0548;-69.3469;86.2126;356.9277;354.7944;359.1229;140.1733;356.4497;4.6284
0.5600;0.8680;False;False;33.0083;-39.2656;-0.0207;-0.0283;-68.9948;85.8221;359.7473;359.8739;1.2369;107.0019;0.0836;0.3737;3.9887;0.0118;-0.0141;7.5646;-1.5884;0.0716;171279;71.58694;Infinity;2380.50;32.7560;-38.8206;1.1274;1.4422;-69.0489;86.4530;354.6675;352.3867;48.7537;112.9119;354.3592;359.5480;LeftFalse_RightFalse;LeftFalse_RightFalse;HandLeft_(-0.4, -0.4, -0.1)_(0.1, 0.6, -0.8, 0.0)_1.012537_System.String[];HandLeft_(0.3, -0.6, -0.2)_(0.7, 0.3, -0.4, -0.4)_0.9825718_System.String[];HandRight_(-0.3, -0.3, -0.3)_(0.2, 0.3, 0.4, -0.8)_1.012537_System.String[];HandRight_(0.5, -0.7, -0.1)_(-0.3, -0.6, -0.4, 0.6)_0.9825718_System.String[];15.5598;-0.0726;0.2925;32.6390;-38.9797;1.1545;1.0543;-69.0304;86.1435;356.9488;354.7840;358.6872;141.2102;356.4751;4.5076
0.5378;0.8175;False;False;33.0099;-39.0979;-0.0202;-0.0288;-68.6791;85.7532;359.7568;359.8519;1.0078;107.8852;0.0403;0.3767;4.0540;0.0117;-0.0095;7.5865;-1.7150;0.0178;171282;71.78679;Infinity;2380.54;32.7588;-38.6449;1.1281;1.4418;-68.7344;86.3778;354.7053;352.3630;48.5510;113.7882;354.3373;359.5475;LeftFalse_RightFalse;LeftFalse_RightFalse;HandLeft_(-0.4, -0.4, -0.1)_(0.1, 0.6, -0.8, 0.0)_1.012537_System.String[];HandLeft_(0.3, -0.6, -0.2)_(0.7, 0.3, -0.4, -0.5)_0.9825718_System.String[];HandRight_(-0.3, -0.3, -0.3)_(0.2, 0.3, 0.4, -0.8)_1.012537_System.String[];HandRight_(0.5, -0.7, -0.1)_(-0.3, -0.6, -0.4, 0.6)_0.9825718_System.String[];15.6016;-0.0875;0.2932;32.6408;-38.8090;1.1553;1.0539;-68.7163;86.0706;356.9745;354.7028;358.1792;142.1951;356.6111;4.3699
0.5127;0.7574;False;False;33.0098;-38.9284;-0.0197;-0.0291;-68.3630;85.6805;359.7661;359.8342;0.7068;108.7844;-0.0041;0.3822;4.0909;0.0119;-0.0065;7.5960;-1.8005;-0.0300;171285;71.89359;Infinity;2380.58;32.7600;-38.4671;1.1288;1.4414;-68.4195;86.2987;354.7440;352.3434;48.2764;114.6821;354.3144;359.5499;LeftFalse_RightFalse;LeftFalse_RightFalse;HandLeft_(-0.4, -0.4, -0.1)_(0.0, 0.7, -0.7, 0.1)_1.012537_System.String[];HandLeft_(0.3, -0.6, -0.2)_(0.7, 0.3, -0.4, -0.4)_0.9825718_System.String[];HandRight_(-0.3, -0.3, -0.3)_(0.1, 0.3, 0.4, -0.9)_1.012537_System.String[];HandRight_(0.5, -0.7, -0.1)_(-0.3, -0.6, -0.5, 0.6)_0.9825718_System.String[];15.6433;-0.1008;0.2951;32.6410;-38.6363;1.1561;1.0535;-68.4019;85.9936;356.9477;354.6667;357.5834;143.1682;356.8043;4.1432
0.4864;0.6935;False;False;33.0075;-38.7572;-0.0192;-0.0293;-68.0460;85.6040;359.7752;359.8214;0.3311;109.6983;359.9497;0.3927;4.1218;0.0115;-0.0040;7.6005;-1.8873;-0.0871;171288;71.89047;Infinity;2380.63;32.7591;-38.2874;1.1295;1.4411;-68.1039;86.2156;354.7838;352.3281;47.9280;115.5907;354.2901;359.5571;LeftFalse_RightFalse;LeftFalse_RightFalse;HandLeft_(-0.4, -0.4, -0.1)_(0.0, 0.7, -0.7, 0.0)_1.012537_System.String[];HandLeft_(0.3, -0.6, -0.2)_(0.8, 0.3, -0.4, -0.4)_0.9825718_System.String[];HandRight_(-0.3, -0.3, -0.3)_(0.1, 0.3, 0.3, -0.9)_1.012537_System.String[];HandRight_(0.5, -0.7, -0.1)_(-0.3, -0.6, -0.5, 0.6)_0.9825718_System.String[];15.6851;-0.1143;0.2985;32.6390;-38.4618;1.1570;1.0533;-68.0870;85.9126;356.9009;354.7033;356.9115;144.1369;356.9183;3.9026
0.4595;0.6310;False;False;33.0024;-38.5851;-0.0187;-0.0295;-67.7294;85.5239;359.7863;359.8124;359.8825;110.6225;359.9029;0.4070;4.1480;0.0102;-0.0022;7.5998;-1.9778;-0.1614;171291;71.94491;Infinity;2380.67;32.7556;-38.1064;1.1301;1.4408;-67.7890;86.1285;354.8249;352.3167;47.5062;116.5093;354.2662;359.5691;LeftFalse_RightFalse;LeftFalse_RightFalse;HandLeft_(-0.4, -0.4, -0.1)_(0.0, 0.7, -0.7, 0.0)_1.012537_System.String[];HandLeft_(0.3, -0.6, -0.2)_(0.8, 0.3, -0.4, -0.4)_0.9825718_System.String[];HandRight_(-0.3, -0.3, -0.3)_(0.1, 0.2, 0.3, -0.9)_1.012537_System.String[];HandRight_(0.5, -0.7, -0.1)_(-0.3, -0.6, -0.4, 0.6)_0.9825718_System.String[];15.7266;-0.1272;0.3039;32.6347;-38.2862;1.1578;1.0531;-67.7728;85.8281;356.9198;354.7261;356.1738;145.1698;356.9964;3.7197
0.4337;0.5746;False;False;32.9942;-38.4114;-0.0183;-0.0295;-67.4121;85.4394;359.7994;359.8051;359.3626;111.5594;359.8557;0.4231;4.1800;0.0097;-0.0005;7.5946;-2.0781;-0.2320;171294;71.9008;Infinity;2380.71;32.7490;-37.9238;1.1307;1.4406;-67.4735;86.0371;354.8683;352.3075;47.0115;117.4412;354.2433;359.5841;LeftFalse_RightFalse;LeftFalse_RightFalse;HandLeft_(-0.4, -0.4, -0.1)_(-0.1, 0.7, -0.7, 0.1)_1.012537_System.String[];HandLeft_(0.3, -0.6, -0.2)_(0.8, 0.3, -0.4, -0.4)_0.9825718_System.String[];HandRight_(-0.3, -0.3, -0.3)_(0.1, 0.2, 0.3, -0.9)_1.012537_System.String[];HandRight_(0.5, -0.7, -0.1)_(-0.3, -0.6, -0.4, 0.6)_0.9825718_System.String[];15.7683;-0.1387;0.3091;32.6270;-38.1090;1.1585;1.0533;-67.4583;85.7395;356.9679;354.6803;355.3644;146.2665;357.0813;3.6303
0.4074;0.5299;False;False;32.9826;-38.2351;-0.0180;-0.0295;-67.0931;85.3499;359.8123;359.7982;358.7716;112.5117;359.8079;0.4402;4.1964;0.0082;0.0006;7.5840;-2.1710;-0.3108;171297;71.62434;Infinity;2380.75;32.7391;-37.7390;1.1313;1.4404;-67.1573;85.9407;354.9123;352.2981;46.4462;118.3840;354.2208;359.6005;LeftFalse_RightFalse;LeftFalse_RightFalse;HandLeft_(-0.4, -0.4, -0.1)_(-0.1, 0.7, -0.7, 0.1)_1.012537_System.String[];HandLeft_(0.3, -0.6, -0.2)_(0.8, 0.3, -0.4, -0.4)_0.9825718_System.String[];HandRight_(-0.3, -0.2, -0.3)_(0.0, 0.2, 0.3, -0.9)_1.012537_System.String[];HandRight_(0.5, -0.7, -0.1)_(-0.3, -0.6, -0.4, 0.6)_0.9825718_System.String[];15.8105;-0.1484;0.3125;32.6161;-37.9297;1.1588;1.0533;-67.1433;85.6462;357.0442;354.6089;354.4984;147.3838;357.1719;3.6144
0.3815;0.4960;False;False;32.9675;-38.0606;-0.0176;-0.0295;-66.7775;85.2577;359.8243;359.7977;358.1239;113.4850;359.7604;0.4515;4.1827;0.0077;0.0027;7.5678;-2.2480;-0.3963;171300;71.8055;Infinity;2380.79;32.7257;-37.5545;1.1319;1.4403;-66.8432;85.8404;354.9556;352.2936;45.8193;119.3473;354.1976;359.6137;LeftFalse_RightFalse;LeftFalse_RightFalse;HandLeft_(-0.4, -0.4, -0.1)_(-0.1, 0.7, -0.6, 0.2)_1.012537_System.String[];HandLeft_(0.3, -0.6, -0.2)_(0.8, 0.3, -0.4, -0.4)_0.9825718_System.String[];HandRight_(-0.3, -0.2, -0.3)_(0.0, 0.2, 0.3, -0.9)_1.012537_System.String[];HandRight_(0.5, -0.7, -0.1)_(-0.3, -0.6, -0.4, 0.6)_0.9825718_System.String[];15.8521;-0.1563;0.3149;32.6017;-37.7505;1.1592;1.0534;-66.8306;85.5493;357.1061;354.5048;353.6144;148.4472;357.2372;3.6761
0.3579;0.4713;False;False;32.9483;-37.8846;-0.0173;-0.0293;-66.4586;85.1609;359.8359;359.8028;357.4125;114.4953;359.7131;0.4601;4.1631;0.0074;0.0038;7.5463;-2.3249;-0.4859;171303;71.51295;Infinity;2380.83;32.7084;-37.3684;1.1324;1.4403;-66.5268;85.7350;354.9988;352.2962;45.1273;120.3493;354.1739;359.6233;LeftFalse_RightFalse;LeftFalse_RightFalse;HandLeft_(-0.4, -0.4, -0.1)_(-0.1, 0.8, -0.6, 0.2)_1.012537_System.String[];HandLeft_(0.3, -0.6, -0.2)_(0.8, 0.3, -0.4, -0.4)_0.9825718_System.String[];HandRight_(-0.3, -0.2, -0.3)_(0.0, 0.1, 0.3, -1.0)_1.012537_System.String[];HandRight_(0.5, -0.7, -0.1)_(-0.4, -0.6, -0.5, 0.6)_0.9825718_System.String[];15.8943;-0.1601;0.3153;32.5832;-37.5700;1.1596;1.0535;-66.5159;85.4478;357.0787;354.3801;352.6801;149.4881;357.2659;3.7280
0.3379;0.4532;False;False;32.9254;-37.7110;-0.0170;-0.0291;-66.1434;85.0616;359.8470;359.8108;356.6649;115.5129;359.6693;0.4676;4.1394;0.0074;0.0045;7.5208;-2.4011;-0.5765;171306;71.54436;Infinity;2380.88;32.6872;-37.1854;1.1329;1.4403;-66.2152;85.6269;355.0396;352.3027;44.3954;121.3583;354.1516;359.6319;LeftFalse_RightFalse;LeftFalse_RightFalse;HandLeft_(-0.3, -0.4, -0.1)_(-0.1, 0.7, -0.6, 0.2)_1.012537_System.String[];HandLeft_(0.3, -0.6, -0.2)_(0.8, 0.3, -0.4, -0.4)_0.9825718_System.String[];HandRight_(-0.3, -0.2, -0.3)_(0.0, 0.1, 0.3, -1.0)_1.012537_System.String[];HandRight_(0.5, -0.7, -0.1)_(-0.4, -0.6, -0.5, 0.6)_0.9825718_System.String[];15.9363;-0.1603;0.3153;32.5607;-37.3923;1.1601;1.0536;-66.2061;85.3437;357.0608;354.3419;351.6929;150.4841;357.2374;3.7455
0.3171;0.4401;False;False;32.8982;-37.5369;-0.0167;-0.0290;-65.8263;84.9580;359.8576;359.8198;355.8832;116.5500;359.6298;0.4739;4.1120;0.0075;0.0045;7.4919;-2.4768;-0.6668;171309;71.23424;Infinity;2380.92;32.6618;-37.0016;1.1334;1.4404;-65.9016;85.5141;355.0770;352.3108;43.6244;122.3888;354.1317;359.6395;LeftFalse_RightFalse;LeftFalse_RightFalse;HandLeft_(-0.3, -0.4, -0.1)_(-0.1, 0.7, -0.6, 0.2)_1.012537_System.String[];HandLeft_(0.3, -0.6, -0.2)_(0.8, 0.3, -0.4, -0.4)_0.9825718_System.String[];HandRight_(-0.3, -0.2, -0.3)_(0.0, 0.2, 0.3, -1.0)_1.012537_System.String[];HandRight_(0.5, -0.7, -0.1)_(-0.4, -0.6, -0.5, 0.6)_0.9825718_System.String[];15.9785;-0.1582;0.3152;32.5339;-37.2138;1.1606;1.0537;-65.8944;85.2348;357.0582;354.3553;350.6316;151.5025;357.2150;3.7007
0.2888;0.4305;False;False;32.8674;-37.3656;-0.0164;-0.0288;-65.5135;84.8519;359.8680;359.8283;355.0966;117.5838;359.5965;0.4801;4.0814;0.0075;0.0045;7.4595;-2.5520;-0.7555;171312;71.40879;Infinity;2380.96;32.6324;-36.8195;1.1338;1.4404;-65.5901;85.3979;355.1102;352.3188;42.8381;123.4246;354.1155;359.6467;LeftFalse_RightFalse;LeftFalse_RightFalse;HandLeft_(-0.3, -0.4, -0.1)_(-0.1, 0.7, -0.6, 0.2)_1.012537_System.String[];HandLeft_(0.3, -0.6, -0.2)_(0.8, 0.3, -0.4, -0.4)_0.9825718_System.String[];HandRight_(-0.3, -0.2, -0.3)_(0.0, 0.2, 0.3, -1.0)_1.012537_System.String[];HandRight_(0.5, -0.7, -0.1)_(-0.3, -0.6, -0.5, 0.6)_0.9825718_System.String[];16.0205;-0.1541;0.3142;32.5032;-37.0367;1.1610;1.0538;-65.5849;85.1225;357.1339;354.3623;349.5618;152.5362;357.2401;3.6286
0.2439;0.4235;False;False;32.8330;-37.1967;-0.0160;-0.0286;-65.2040;84.7432;359.8785;359.8357;354.3163;118.6147;359.5701;0.4862;4.0312;0.0070;0.0049;7.4026;-2.6627;-0.8838;171315;71.69704;Infinity;2381.00;32.5993;-36.6404;1.1342;1.4405;-65.2824;85.2791;355.1384;352.3260;42.0552;124.4563;354.1038;359.6535;LeftFalse_RightFalse;LeftFalse_RightFalse;HandLeft_(-0.3, -0.4, -0.1)_(-0.1, 0.7, -0.6, 0.2)_1.012537_System.String[];HandLeft_(0.3, -0.6, -0.2)_(0.8, 0.3, -0.4, -0.4)_0.9825718_System.String[];HandRight_(-0.3, -0.2, -0.3)_(0.0, 0.2, 0.3, -1.0)_1.012537_System.String[];HandRight_(0.5, -0.7, -0.1)_(-0.4, -0.6, -0.5, 0.6)_0.9825718_System.String[];16.0620;-0.1483;0.3119;32.4690;-36.8624;1.1615;1.0540;-65.2793;85.0076;357.1547;354.4157;348.5151;153.5481;357.2968;3.6264
0.1848;0.4184;False;False;32.7950;-37.0293;-0.0158;-0.0284;-64.8962;84.6313;359.8871;359.8414;353.5478;119.6454;359.5489;0.4923;3.9960;0.0057;0.0050;7.3569;-2.7347;-0.9636;171318;71.84423;Infinity;2381.04;32.5627;-36.4635;1.1346;1.4406;-64.9772;85.1572;355.1620;352.3315;41.2824;125.4863;354.0949;359.6606;LeftFalse_RightFalse;LeftFalse_RightFalse;HandLeft_(-0.3, -0.4, -0.1)_(-0.1, 0.7, -0.6, 0.2)_1.012537_System.String[];HandLeft_(0.3, -0.6, -0.2)_(0.8, 0.3, -0.4, -0.4)_0.9825718_System.String[];HandRight_(-0.3, -0.2, -0.3)_(0.0, 0.2, 0.3, -0.9)_1.012537_System.String[];HandRight_(0.5, -0.7, -0.1)_(-0.4, -0.6, -0.5, 0.6)_0.9825718_System.String[];16.1038;-0.1404;0.3093;32.4314;-36.6900;1.1619;1.0542;-64.9759;84.8896;357.1400;354.5126;347.5283;154.5339;357.3012;3.6521
0.1347;0.4147;False;False;32.7535;-36.8628;-0.0155;-0.0281;-64.5894;84.5158;359.8945;359.8460;352.8010;120.6768;359.5356;0.4985;3.9593;0.0053;0.0055;7.3036;-2.8056;-1.0369;171321;71.7686;Infinity;2381.09;32.5224;-36.2880;1.1349;1.4407;-64.6735;85.0319;355.1787;352.3357;40.5283;126.5153;354.0900;359.6670;LeftFalse_RightFalse;LeftFalse_RightFalse;HandLeft_(-0.4, -0.4, -0.1)_(-0.1, 0.7, -0.6, 0.2)_1.012537_System.String[];HandLeft_(0.3, -0.6, -0.2)_(0.8, 0.3, -0.4, -0.4)_0.9825718_System.String[];HandRight_(-0.3, -0.2, -0.3)_(0.0, 0.2, 0.3, -0.9)_1.012537_System.String[];HandRight_(0.5, -0.7, -0.1)_(-0.3, -0.6, -0.5, 0.6)_0.9825718_System.String[];16.1455;-0.1299;0.3065;32.3902;-36.5190;1.1622;1.0544;-64.6743;84.7681;357.1315;354.6422;346.5403;155.5024;357.3581;3.6693
0.0982;0.4120;False;False;32.7090;-36.6980;-0.0153;-0.0279;-64.2851;84.3974;359.9016;359.8500;352.0917;121.7025;359.5296;0.5047;3.9216;0.0050;0.0057;7.2452;-2.8750;-1.1015;171324;71.79339;Infinity;2381.13;32.4787;-36.1136;1.1352;1.4408;-64.3705;84.9029;355.1899;352.3393;39.8031;127.5449;354.0894;359.6740;LeftFalse_RightFalse;LeftFalse_RightFalse;HandLeft_(-0.4, -0.4, -0.1)_(-0.1, 0.7, -0.7, 0.1)_1.012537_System.String[];HandLeft_(0.3, -0.6, -0.2)_(0.7, 0.3, -0.4, -0.4)_0.9825718_System.String[];HandRight_(-0.3, -0.2, -0.3)_(0.1, 0.2, 0.3, -0.9)_1.012537_System.String[];HandRight_(0.5, -0.7, -0.1)_(-0.3, -0.6, -0.5, 0.6)_0.9825718_System.String[];16.1873;-0.1158;0.3030;32.3460;-36.3490;1.1624;1.0546;-64.3732;84.6430;357.0934;354.7650;345.5463;156.4664;357.4035;3.6502
0.0716;0.4093;False;False;32.6620;-36.5354;-0.0151;-0.0277;-63.9844;84.2763;359.9084;359.8530;351.4326;122.7184;359.5314;0.5096;3.8830;0.0050;0.0059;7.1845;-2.9431;-1.1572;171327;71.89103;Infinity;2381.17;32.4324;-35.9421;1.1354;1.4410;-64.0716;84.7714;355.1953;352.3420;39.1260;128.5624;354.0939;359.6800;LeftFalse_RightFalse;LeftFalse_RightFalse;HandLeft_(-0.4, -0.4, -0.1)_(0.0, 0.7, -0.7, 0.1)_1.012537_System.String[];HandLeft_(0.3, -0.6, -0.2)_(0.7, 0.3, -0.4, -0.4)_0.9825718_System.String[];HandRight_(-0.3, -0.2, -0.3)_(0.1, 0.3, 0.3, -0.9)_1.012537_System.String[];HandRight_(0.5, -0.7, -0.1)_(-0.3, -0.6, -0.5, 0.6)_0.9825718_System.String[];16.2290;-0.0975;0.2985;32.2990;-36.1817;1.1627;1.0549;-64.0760;84.5155;357.1091;354.8395;344.6701;157.3972;357.3206;3.5839
0.0522;0.4070;False;False;32.6130;-36.3745;-0.0149;-0.0274;-63.6864;84.1523;359.9152;359.8549;350.8365;123.7248;359.5417;0.5114;3.8441;0.0049;0.0063;7.1228;-3.0094;-1.2004;171330;71.94603;Infinity;2381.21;32.3837;-35.7726;1.1356;1.4412;-63.7752;84.6370;355.1944;352.3438;38.5058;129.5719;354.1038;359.6831;LeftFalse_RightFalse;LeftFalse_RightFalse;HandLeft_(-0.4, -0.4, -0.1)_(0.0, 0.7, -0.7, 0.1)_1.012537_System.String[];HandLeft_(0.3, -0.6, -0.2)_(0.7, 0.3, -0.4, -0.4)_0.9825718_System.String[];HandRight_(-0.3, -0.3, -0.3)_(0.2, 0.3, 0.3, -0.9)_1.012537_System.String[];HandRight_(0.5, -0.7, -0.1)_(-0.3, -0.5, -0.5, 0.6)_0.9825718_System.String[];16.2708;-0.0759;0.2937;32.2496;-36.0165;1.1628;1.0551;-63.7813;84.3850;357.0881;354.8839;343.9117;158.3145;357.3206;3.5111
0.0380;0.4053;False;False;32.5618;-36.2134;-0.0147;-0.0271;-63.3876;84.0241;359.9224;359.8570;350.3128;124.7312;359.5618;0.5104;3.8047;0.0049;0.0065;7.0614;-3.0741;-1.2307;171333;71.57693;Infinity;2381.25;32.3325;-35.6031;1.1357;1.4414;-63.4777;84.4980;355.1869;352.3459;37.9517;130.5828;354.1204;359.6831;LeftFalse_RightFalse;LeftFalse_RightFalse;HandLeft_(-0.4, -0.4, -0.1)_(0.1, 0.7, -0.8, 0.1)_1.012537_System.String[];HandLeft_(0.3, -0.6, -0.2)_(0.7, 0.3, -0.4, -0.4)_0.9825718_System.String[];HandRight_(-0.3, -0.3, -0.3)_(0.3, 0.3, 0.3, -0.8)_1.012537_System.String[];HandRight_(0.5, -0.7, -0.1)_(-0.3, -0.5, -0.5, 0.6)_0.9825718_System.String[];16.3127;-0.0525;0.2897;32.1977;-35.8512;1.1629;1.0554;-63.4850;84.2502;357.0725;354.9478;343.2758;159.2135;357.3358;3.4814
0.0277;0.4041;False;False;32.5101;-36.0559;-0.0145;-0.0269;-63.0948;83.8944;359.9295;359.8590;349.8835;125.7144;359.5898;0.5080;3.7639;0.0049;0.0067;7.0001;-3.1381;-1.2521;171336;71.7802;Infinity;2381.29;32.2806;-35.4377;1.1358;1.4417;-63.1861;84.3578;355.1727;352.3481;37.4911;131.5697;354.1433;359.6812;LeftFalse_RightFalse;LeftFalse_RightFalse;HandLeft_(-0.4, -0.4, -0.1)_(0.1, 0.6, -0.8, 0.1)_1.012537_System.String[];HandLeft_(0.3, -0.6, -0.2)_(0.7, 0.3, -0.4, -0.4)_0.9825718_System.String[];HandRight_(-0.3, -0.3, -0.3)_(0.3, 0.3, 0.4, -0.8)_1.012537_System.String[];HandRight_(0.5, -0.7, -0.1)_(-0.3, -0.5, -0.5, 0.6)_0.9825718_System.String[];16.3545;-0.0294;0.2865;32.1453;-35.6898;1.1630;1.0554;-63.1943;84.1142;357.0735;355.0155;342.7466;160.0711;357.3977;3.4973
0.0202;0.4032;False;False;32.4575;-35.8989;-0.0143;-0.0266;-62.8023;83.7610;359.9360;359.8607;349.5434;126.6955;359.6249;0.5049;3.7222;0.0048;0.0064;6.9401;-3.2010;-1.2612;171339;71.52658;Infinity;2381.34;32.2278;-35.2743;1.1358;1.4420;-62.8967;84.2148;355.1532;352.3503;37.1210;132.5462;354.1703;359.6785;LeftFalse_RightFalse;LeftFalse_RightFalse;HandLeft_(-0.4, -0.4, -0.1)_(0.2, 0.6, -0.8, 0.0)_1.012537_System.String[];HandLeft_(0.3, -0.6, -0.2)_(0.8, 0.3, -0.5, -0.3)_0.9825718_System.String[];HandRight_(-0.3, -0.3, -0.3)_(0.4, 0.3, 0.4, -0.8)_1.012537_System.String[];HandRight_(0.5, -0.7, -0.1)_(-0.3, -0.5, -0.5, 0.6)_0.9825718_System.String[];16.3965;-0.0076;0.2831;32.0919;-35.5302;1.1630;1.0554;-62.9056;83.9757;357.0860;355.0490;342.2656;160.9077;357.5349;3.5406
0.0147;0.4025;False;False;32.4051;-35.7446;-0.0141;-0.0263;-62.5139;83.6256;359.9413;359.8615;349.3026;127.6607;359.6660;0.5013;3.6800;0.0051;0.0062;6.8813;-3.2627;-1.2596;171342;71.68273;Infinity;2381.38;32.1741;-35.1113;1.1359;1.4423;-62.6063;84.0674;355.1279;352.3517;36.8439;133.5233;354.2015;359.6751;LeftFalse_RightFalse;LeftFalse_RightFalse;HandLeft_(-0.4, -0.4, -0.1)_(0.2, 0.6, -0.8, 0.0)_1.012537_System.String[];HandLeft_(0.3, -0.6, -0.2)_(0.8, 0.3, -0.5, -0.3)_0.9825718_System.String[];HandRight_(-0.3, -0.3, -0.3)_(0.4, 0.3, 0.4, -0.8)_1.012537_System.String[];HandRight_(0.5, -0.7, -0.1)_(-0.3, -0.5, -0.5, 0.6)_0.9825718_System.String[];16.4382;0.0114;0.2792;32.0378;-35.3710;1.1630;1.0556;-62.6157;83.8330;357.1743;355.0256;341.9088;161.7722;357.5240;3.5818
0.0107;0.4021;False;False;32.3529;-35.5918;-0.0139;-0.0261;-62.2276;83.4873;359.9456;359.8616;349.1574;128.6172;359.7114;0.4972;3.6375;0.0052;0.0060;6.8233;-3.3230;-1.2496;171345;71.71116;Infinity;2381.42;32.1209;-34.9515;1.1359;1.4426;-62.3200;83.9183;355.0984;352.3524;36.6657;134.4837;354.2349;359.6712;LeftFalse_RightFalse;LeftFalse_RightFalse;HandLeft_(-0.4, -0.3, -0.1)_(0.2, 0.5, -0.8, 0.0)_1.012537_System.String[];HandLeft_(0.3, -0.6, -0.2)_(0.8, 0.3, -0.4, -0.3)_0.9825718_System.String[];HandRight_(-0.3, -0.3, -0.3)_(0.4, 0.4, 0.4, -0.7)_1.012537_System.String[];HandRight_(0.5, -0.7, -0.1)_(-0.3, -0.5, -0.5, 0.6)_0.9825718_System.String[];16.4802;0.0265;0.2751;31.9844;-35.2147;1.1629;1.0558;-62.3297;83.6885;357.2372;354.9912;341.6940;162.5839;357.4621;3.6187
0.0078;0.4017;False;False;32.3016;-35.4416;-0.0137;-0.0258;-61.9450;83.3469;359.9490;359.8612;349.1021;129.5578;359.7583;0.4927;3.5734;0.0054;0.0060;6.7376;-3.4110;-1.2257;171348;71.83152;Infinity;2381.46;32.0685;-34.7946;1.1359;1.4429;-62.0372;83.7674;355.0666;352.3527;36.5791;135.4283;354.2692;359.6668;LeftFalse_RightFalse;LeftFalse_RightFalse;HandLeft_(-0.4, -0.3, -0.1)_(0.3, 0.4, -0.9, -0.1)_1.012537_System.String[];HandLeft_(0.3, -0.6, -0.2)_(0.8, 0.3, -0.4, -0.4)_0.9825718_System.String[];HandRight_(-0.3, -0.4, -0.2)_(0.5, 0.4, 0.4, -0.6)_1.012537_System.String[];HandRight_(0.5, -0.7, -0.1)_(-0.3, -0.6, -0.5, 0.6)_0.9825718_System.String[];16.5220;0.0371;0.2701;31.9318;-35.0608;1.1632;1.0560;-62.0470;83.5426;357.1946;354.8679;341.6100;163.2034;357.4562;3.6882
0.0057;0.4018;False;False;32.2511;-35.2933;-0.0134;-0.0256;-61.6650;83.2041;359.9517;359.8601;349.1194;130.4861;359.8035;0.4885;3.5304;0.0055;0.0061;6.6812;-3.4679;-1.2067;171351;71.92093;Infinity;2381.50;32.0168;-34.6397;1.1359;1.4433;-61.7564;83.6139;355.0347;352.3523;36.5703;136.3618;354.3025;359.6624;LeftFalse_RightFalse;LeftFalse_RightFalse;HandLeft_(-0.4, -0.3, -0.1)_(0.4, 0.4, -0.9, -0.1)_1.012537_System.String[];HandLeft_(0.3, -0.6, -0.2)_(0.8, 0.3, -0.4, -0.4)_0.9825718_System.String[];HandRight_(-0.3, -0.4, -0.2)_(0.5, 0.4, 0.4, -0.6)_1.012537_System.String[];HandRight_(0.5, -0.7, -0.1)_(-0.3, -0.5, -0.5, 0.6)_0.9825718_System.String[];16.5635;0.0426;0.2671;31.8802;-34.9087;1.1634;1.0562;-61.7659;83.3942;357.1237;354.8093;341.6234;163.7468;357.4870;3.7785
0.0042;0.4026;False;False;32.2006;-35.1445;-0.0132;-0.0253;-61.3828;83.0564;359.9539;359.8586;349.1956;131.4184;359.8463;0.4844;3.4859;0.0056;0.0061;6.6251;-3.5246;-1.1875;171354;71.25274;Infinity;2381.55;31.9659;-34.4870;1.1360;1.4436;-61.4778;83.4580;355.0044;352.3514;36.6244;137.2831;354.3337;359.6581;LeftFalse_RightFalse;LeftFalse_RightFalse;HandLeft_(-0.4, -0.3, -0.1)_(0.4, 0.3, -0.9, -0.1)_1.012537_System.String[];HandLeft_(0.3, -0.6, -0.2)_(0.8, 0.4, -0.4, -0.4)_0.9825718_System.String[];HandRight_(-0.3, -0.4, -0.2)_(0.5, 0.4, 0.4, -0.6)_1.012537_System.String[];HandRight_(0.5, -0.7, -0.1)_(-0.3, -0.5, -0.5, 0.6)_0.9825718_System.String[];16.6060;0.0435;0.2659;31.8296;-34.7586;1.1636;1.0565;-61.4867;83.2435;357.0983;354.7813;341.6918;164.2270;357.5493;3.9035
0.0030;0.4032;False;False;32.1510;-34.9983;-0.0130;-0.0251;-61.1044;82.9068;359.9558;359.8568;349.3117;132.3385;359.8846;0.4812;3.4396;0.0056;0.0065;6.5692;-3.5813;-1.1693;171357;71.22726;Infinity;2381.59;31.9146;-34.3324;1.1360;1.4439;-61.1941;83.2955;354.9759;352.3500;36.7276;138.2196;354.3627;359.6541;LeftFalse_RightFalse;LeftFalse_RightFalse;HandLeft_(-0.5, -0.3, -0.1)_(0.4, 0.3, -0.9, -0.1)_1.012537_System.String[];HandLeft_(0.3, -0.6, -0.2)_(0.7, 0.3, -0.4, -0.4)_0.9825718_System.String[];HandRight_(-0.3, -0.4, -0.2)_(0.5, 0.5, 0.4, -0.6)_1.012537_System.String[];HandRight_(0.5, -0.7, -0.1)_(-0.3, -0.5, -0.5, 0.6)_0.9825718_System.String[];16.6479;0.0407;0.2653;31.7786;-34.6069;1.1637;1.0568;-61.2021;83.0860;357.1121;354.7540;341.7534;164.7463;357.5818;3.9877
0.0022;0.4040;False;False;32.1023;-34.8543;-0.0127;-0.0248;-60.8286;82.7547;359.9573;359.8554;349.4505;133.2535;359.9169;0.4795;3.3918;0.0052;0.0066;6.5137;-3.6376;-1.1528;171360;71.22008;Infinity;2381.63;31.8649;-34.1825;1.1361;1.4442;-60.9171;83.1329;354.9517;352.3488;36.8585;139.1355;354.3873;359.6519;LeftFalse_RightFalse;LeftFalse_RightFalse;HandLeft_(-0.5, -0.3, -0.1)_(0.4, 0.3, -0.9, -0.1)_1.012537_System.String[];HandLeft_(0.3, -0.6, -0.2)_(0.7, 0.3, -0.4, -0.4)_0.9825718_System.String[];HandRight_(-0.3, -0.4, -0.2)_(0.5, 0.5, 0.4, -0.6)_1.012537_System.String[];HandRight_(0.5, -0.7, -0.1)_(-0.3, -0.5, -0.5, 0.6)_0.9825718_System.String[];16.6902;0.0347;0.2651;31.7296;-34.4596;1.1638;1.0571;-60.9243;82.9284;357.1942;354.7364;341.7672;165.2763;357.6213;4.0118
0.0016;0.4060;False;False;32.0547;-34.7141;-0.0125;-0.0245;-60.5585;82.6021;359.9576;359.8545;349.5936;134.1550;359.9432;0.4787;3.3427;0.0054;0.0067;6.4582;-3.6936;-1.1387;171363;71.61417;Infinity;2381.67;31.8165;-34.0362;1.1362;1.4445;-60.6449;82.9692;354.9312;352.3478;37.0002;140.0405;354.4071;359.6507;LeftFalse_RightFalse;LeftFalse_RightFalse;HandLeft_(-0.5, -0.3, -0.1)_(0.3, 0.3, -0.9, -0.1)_1.012537_System.String[];HandLeft_(0.3, -0.6, -0.2)_(0.7, 0.4, -0.4, -0.4)_0.9825718_System.String[];HandRight_(-0.3, -0.4, -0.2)_(0.5, 0.5, 0.4, -0.6)_1.012537_System.String[];HandRight_(0.5, -0.7, -0.1)_(-0.3, -0.5, -0.5, 0.6)_0.9825718_System.String[];16.7319;0.0273;0.2651;31.6818;-34.3159;1.1636;1.0574;-60.6511;82.7696;357.3088;354.7256;341.7579;165.8215;357.5724;4.0252
0.0012;0.4086;False;False;32.0073;-34.5747;-0.0123;-0.0242;-60.2881;82.4454;359.9567;359.8542;349.7305;135.0647;359.9634;0.4777;3.2924;0.0055;0.0072;6.4029;-3.7493;-1.1263;171366;71.52327;Infinity;2381.71;31.7684;-33.8912;1.1363;1.4448;-60.3732;82.8019;354.9145;352.3473;37.1398;140.9501;354.4218;359.6498;LeftFalse_RightFalse;LeftFalse_RightFalse;HandLeft_(-0.4, -0.3, -0.1)_(0.3, 0.4, -0.9, -0.1)_1.012537_System.String[];HandLeft_(0.3, -0.6, -0.2)_(0.7, 0.4, -0.4, -0.4)_0.9825718_System.String[];HandRight_(-0.3, -0.4, -0.2)_(0.5, 0.5, 0.5, -0.6)_1.012537_System.String[];HandRight_(0.5, -0.7, -0.1)_(-0.3, -0.6, -0.5, 0.6)_0.9825718_System.String[];16.7739;0.0199;0.2651;31.6342;-34.1735;1.1634;1.0576;-60.3787;82.6071;357.3631;354.7500;341.7486;166.4174;357.4397;4.0170
0.0009;0.4108;False;False;31.9607;-34.4388;-0.0121;-0.0239;-60.0226;82.2878;359.9553;359.8543;349.8502;135.9662;359.9783;0.4767;3.2412;0.0056;0.0073;6.3479;-3.8046;-1.1145;171369;71.75198;Infinity;2381.76;31.7214;-33.7499;1.1365;1.4451;-60.1065;82.6336;354.9016;352.3475;37.2642;141.8514;354.4319;359.6487;LeftFalse_RightFalse;LeftFalse_RightFalse;HandLeft_(-0.4, -0.3, -0.1)_(0.3, 0.4, -0.9, -0.1)_1.012537_System.String[];HandLeft_(0.3, -0.6, -0.2)_(0.8, 0.4, -0.4, -0.4)_0.9825718_System.String[];HandRight_(-0.3, -0.4, -0.2)_(0.4, 0.4, 0.5, -0.6)_1.012537_System.String[];HandRight_(0.5, -0.7, -0.1)_(-0.3, -0.6, -0.5, 0.6)_0.9825718_System.String[];16.8157;0.0127;0.2651;31.5876;-34.0349;1.1634;1.0580;-60.1115;82.4436;357.4321;354.7501;341.6525;167.0420;357.3528;4.0456
0.0006;0.4124;False;False;31.9145;-34.3048;-0.0118;-0.0236;-59.7587;82.1273;359.9538;359.8541;349.9493;136.8716;359.9888;0.4760;3.1892;0.0059;0.0071;6.2931;-3.8593;-1.1045;171372;71.73169;Infinity;2381.80;31.6750;-33.6111;1.1367;1.4454;-59.8423;82.4628;354.8919;352.3475;37.3698;142.7536;354.4388;359.6480;LeftFalse_RightFalse;LeftFalse_RightFalse;HandLeft_(-0.4, -0.3, -0.1)_(0.3, 0.4, -0.9, 0.0)_1.012537_System.String[];HandLeft_(0.3, -0.6, -0.2)_(0.7, 0.3, -0.4, -0.4)_0.9825718_System.String[];HandRight_(-0.3, -0.4, -0.2)_(0.4, 0.4, 0.5, -0.7)_1.012537_System.String[];HandRight_(0.5, -0.7, -0.1)_(-0.3, -0.6, -0.5, 0.6)_0.9825718_System.String[];16.8574;0.0057;0.2651;31.5416;-33.8984;1.1634;1.0583;-59.8471;82.2777;357.4349;354.7436;341.4733;167.7151;357.2386;4.0838
0.0005;0.4143;False;False;31.8685;-34.1730;-0.0116;-0.0233;-59.4970;81.9643;359.9525;359.8537;350.0239;137.7789;-0.0045;0.4761;3.1330;0.0061;0.0090;6.2384;-3.9160;-1.0960;171375;71.75522;Infinity;2381.84;31.6286;-33.4737;1.1369;1.4457;-59.5786;82.2882;354.8851;352.3473;37.4523;143.6635;354.4431;359.6474;LeftFalse_RightFalse;LeftFalse_RightFalse;HandLeft_(-0.4, -0.3, -0.1)_(0.3, 0.5, -0.9, 0.0)_1.012537_System.String[];HandLeft_(0.3, -0.6, -0.2)_(0.8, 0.4, -0.4, -0.4)_0.9825718_System.String[];HandRight_(-0.3, -0.3, -0.2)_(0.4, 0.4, 0.4, -0.7)_1.012537_System.String[];HandRight_(0.5, -0.7, -0.1)_(-0.3, -0.6, -0.5, 0.6)_0.9825718_System.String[];16.8992;0.0000;0.2651;31.4955;-33.7635;1.1636;1.0586;-59.5833;82.1081;357.3711;354.7326;341.1888;168.4290;357.2200;4.0866
0.0003;0.4175;False;False;31.8226;-34.0428;-0.0113;-0.0229;-59.2357;81.7975;359.9512;359.8531;350.0733;138.6948;-0.0011;0.4778;3.0471;0.0062;0.0077;6.1569;-4.0000;-1.0849;171378;71.53754;Infinity;2381.88;31.5825;-33.3384;1.1371;1.4461;-59.3164;82.1103;354.8810;352.3465;37.5097;144.5787;354.4452;359.6488;LeftFalse_RightFalse;LeftFalse_RightFalse;HandLeft_(-0.4, -0.3, -0.1)_(0.3, 0.5, -0.8, 0.0)_1.012537_System.String[];HandLeft_(0.3, -0.6, -0.2)_(0.8, 0.3, -0.4, -0.4)_0.9825718_System.String[];HandRight_(-0.3, -0.3, -0.2)_(0.4, 0.4, 0.4, -0.7)_1.012537_System.String[];HandRight_(0.5, -0.7, -0.1)_(-0.3, -0.6, -0.5, 0.6)_0.9825718_System.String[];16.9414;-0.0054;0.2651;31.4489;-33.6306;1.1637;1.0589;-59.3212;81.9352;357.3214;354.6933;340.7997;169.1413;357.2555;4.0805
0.0002;0.4265;False;False;31.7770;-33.9152;-0.0111;-0.0226;-58.9771;81.6283;359.9500;359.8524;350.0984;139.6122;-0.0001;0.4792;2.9905;0.0062;0.0072;6.1028;-4.0545;-1.0793;171381;71.3512;Infinity;2381.92;31.5369;-33.2065;1.1374;1.4464;-59.0578;81.9308;354.8788;352.3457;37.5428;145.4916;354.4456;359.6503;LeftFalse_RightFalse;LeftFalse_RightFalse;HandLeft_(-0.4, -0.3, -0.1)_(0.2, 0.5, -0.9, 0.0)_1.012537_System.String[];HandLeft_(0.3, -0.6, -0.2)_(0.8, 0.3, -0.4, -0.4)_0.9825718_System.String[];HandRight_(-0.3, -0.3, -0.2)_(0.3, 0.4, 0.4, -0.7)_1.012537_System.String[];HandRight_(0.5, -0.7, -0.1)_(-0.3, -0.6, -0.5, 0.6)_0.9825718_System.String[];16.9834;-0.0120;0.2651;31.4024;-33.5010;1.1639;1.0593;-59.0628;81.7605;357.3404;354.6428;340.3133;169.8805;357.2571;4.0592
0.0002;0.4434;False;False;31.7317;-33.7907;-0.0108;-0.0223;-58.7220;81.4575;359.9488;359.8515;350.0985;140.5273;-0.0016;0.4801;2.9342;0.0061;0.0070;6.0484;-4.1092;-1.0778;171384;71.49335;Infinity;2381.97;31.4915;-33.0769;1.1376;1.4467;-58.8011;81.7482;354.8784;352.3448;37.5519;146.4088;354.4443;359.6513;LeftFalse_RightFalse;LeftFalse_RightFalse;HandLeft_(-0.4, -0.3, -0.1)_(0.2, 0.5, -0.8, 0.0)_1.012537_System.String[];HandLeft_(0.3, -0.6, -0.2)_(0.8, 0.3, -0.4, -0.4)_0.9825718_System.String[];HandRight_(-0.3, -0.3, -0.2)_(0.3, 0.4, 0.4, -0.7)_1.012537_System.String[];HandRight_(0.5, -0.7, -0.1)_(-0.3, -0.6, -0.5, 0.6)_0.9825718_System.String[];17.0254;-0.0226;0.2650;31.3559;-33.3739;1.1641;1.0596;-58.8064;81.5829;357.3936;354.6195;339.7624;170.6472;357.2949;4.0522
0.0001;0.4665;False;False;31.6860;-33.6676;-0.0105;-0.0220;-58.4673;81.2828;359.9475;359.8501;350.0663;141.4529;359.9930;0.4805;2.8790;0.0062;0.0068;5.9928;-4.1649;-1.0839;171387;71.18639;Infinity;2382.01;31.4463;-32.9503;1.1379;1.4470;-58.5476;81.5637;354.8805;352.3435;37.5324;147.3263;354.4408;359.6518;LeftFalse_RightFalse;LeftFalse_RightFalse;HandLeft_(-0.4, -0.3, -0.1)_(0.2, 0.5, -0.8, 0.0)_1.012537_System.String[];HandLeft_(0.3, -0.6, -0.2)_(0.8, 0.3, -0.4, -0.4)_0.9825718_System.String[];HandRight_(-0.3, -0.3, -0.2)_(0.3, 0.4, 0.4, -0.7)_1.012537_System.String[];HandRight_(0.5, -0.7, -0.1)_(-0.3, -0.6, -0.5, 0.6)_0.9825718_System.String[];17.0676;-0.0390;0.2629;31.3093;-33.2495;1.1644;1.0599;-58.5535;81.4034;357.4829;354.5967;339.1037;171.4027;357.3936;4.0870
0.0001;0.4905;False;False;31.6400;-33.5475;-0.0103;-0.0222;-58.2156;81.1063;359.9460;359.8680;349.9914;142.3678;359.9828;0.5196;2.8332;0.0062;-0.0399;5.9359;-4.2000;-1.0976;171390;71.16134;Infinity;2382.05;31.4004;-32.8250;1.1382;1.4473;-58.2939;81.3745;354.8857;352.3419;37.4738;148.2556;354.4339;359.6517;LeftFalse_RightFalse;LeftFalse_RightFalse;HandLeft_(-0.4, -0.3, -0.1)_(0.2, 0.6, -0.8, 0.0)_1.012537_System.String[];HandLeft_(0.3, -0.6, -0.2)_(0.8, 0.3, -0.4, -0.4)_0.9825718_System.String[];HandRight_(-0.3, -0.3, -0.3)_(0.3, 0.4, 0.4, -0.7)_1.012537_System.String[];HandRight_(0.5, -0.7, -0.1)_(-0.3, -0.6, -0.5, 0.6)_0.9825718_System.String[];17.1099;-0.0594;0.2575;31.2619;-33.1264;1.1647;1.0602;-58.3005;81.2193;357.4904;354.5958;338.3665;172.1625;357.5135;4.1151
0.0001;0.5089;False;False;31.5931;-33.4311;-0.0100;-0.0256;-57.9662;80.9281;359.9443;0.0314;349.8584;143.2188;359.9659;0.8308;2.7853;0.0062;-0.1210;5.8763;-4.2213;-1.1229;171393;71.10895;Infinity;2382.09;31.3541;-32.6980;1.1385;1.4418;-58.0441;81.1861;354.8952;352.4271;37.3639;149.1000;354.4229;359.8785;LeftFalse_RightFalse;LeftFalse_RightFalse;HandLeft_(-0.4, -0.3, -0.1)_(0.1, 0.6, -0.8, 0.0)_1.012537_System.String[];HandLeft_(0.3, -0.6, -0.2)_(0.8, 0.3, -0.4, -0.4)_0.9825718_System.String[];HandRight_(-0.3, -0.3, -0.3)_(0.3, 0.4, 0.4, -0.8)_1.012537_System.String[];HandRight_(0.5, -0.7, -0.1)_(-0.3, -0.6, -0.5, 0.6)_0.9825718_System.String[];17.1521;-0.0831;0.2533;31.2139;-33.0032;1.1650;1.0560;-58.0516;81.0354;357.4953;354.6070;337.4160;172.8405;357.7309;4.3333
0.0000;0.5171;False;False;31.5448;-33.3177;-0.0097;-0.0322;-57.7202;80.7503;359.9431;0.3319;349.6511;143.9760;359.9421;1.3529;2.7977;0.0066;-0.1860;5.8137;-4.1838;-1.1588;171396;71.15039;Infinity;2382.13;31.3070;-32.5684;1.1389;1.4287;-57.7986;80.9992;354.9099;352.6327;37.1858;149.8460;354.4073;0.3750;LeftFalse_RightFalse;LeftFalse_RightFalse;HandLeft_(-0.4, -0.4, -0.1)_(0.1, 0.7, -0.8, 0.0)_1.012537_System.String[];HandLeft_(0.3, -0.6, -0.2)_(0.8, 0.3, -0.4, -0.4)_0.9825718_System.String[];HandRight_(-0.3, -0.3, -0.3)_(0.2, 0.4, 0.4, -0.8)_1.012537_System.String[];HandRight_(0.5, -0.7, -0.1)_(-0.3, -0.6, -0.5, 0.6)_0.9825718_System.String[];17.1941;-0.1073;0.2549;31.1651;-32.8791;1.1654;1.0461;-57.8070;80.8524;357.5301;354.5622;336.2454;173.4066;357.9937;4.8359
0.0000;0.5283;False;False;31.4947;-33.2063;-0.0095;-0.0413;-57.4767;80.5730;359.9425;0.7376;349.3606;144.6542;359.9129;2.0299;2.7306;0.0067;-0.2361;5.7495;-4.2071;-1.1994;171399;71.09087;Infinity;2382.18;31.2581;-32.4353;1.1393;1.4101;-57.5555;80.8146;354.9301;352.9409;36.9234;150.4249;354.3877;1.0376;LeftFalse_RightFalse;LeftFalse_RightFalse;HandLeft_(-0.4, -0.4, -0.1)_(0.0, 0.7, -0.7, 0.1)_1.012537_System.String[];HandLeft_(0.3, -0.6, -0.2)_(0.8, 0.3, -0.4, -0.4)_0.9825718_System.String[];HandRight_(-0.3, -0.3, -0.2)_(0.1, 0.3, 0.3, -0.9)_1.012537_System.String[];HandRight_(0.5, -0.7, -0.1)_(-0.3, -0.6, -0.5, 0.6)_0.9825718_System.String[];17.2363;-0.1302;0.2563;31.1145;-32.7523;1.1658;1.0320;-57.5652;80.6709;357.5710;354.5763;334.8801;173.7858;358.1501;5.5775
0.0000;0.5365;False;False;31.4427;-33.0988;-0.0092;-0.0519;-57.2367;80.3951;359.9421;1.2122;348.9872;145.3692;359.8796;2.8206;2.6723;0.0070;-0.2689;5.6824;-4.2364;-1.2483;171402;71.16303;Infinity;2382.22;31.2074;-32.3023;1.1397;1.3869;-57.3160;80.6289;354.9534;353.3165;36.5793;151.0175;354.3657;1.8508;LeftFalse_RightFalse;LeftFalse_RightFalse;HandLeft_(-0.4, -0.4, -0.1)_(0.0, 0.7, -0.7, 0.1)_1.012537_System.String[];HandLeft_(0.3, -0.6, -0.2)_(0.8, 0.3, -0.4, -0.4)_0.9825718_System.String[];HandRight_(-0.3, -0.2, -0.2)_(0.1, 0.3, 0.3, -0.9)_1.012537_System.String[];HandRight_(0.5, -0.7, -0.1)_(-0.3, -0.6, -0.5, 0.6)_0.9825718_System.String[];17.2786;-0.1506;0.2579;31.0622;-32.6266;1.1663;1.0142;-57.3271;80.4884;357.6364;354.6467;333.4962;174.2259;358.2980;6.4475
0.0000;0.5425;False;False;31.3880;-32.9900;-0.0089;-0.0607;-56.9982;80.2149;359.9419;1.5916;348.5272;146.1884;359.8432;3.4299;2.6083;0.0071;-0.1662;5.5785;-4.3117;-1.3288;171405;71.01158;Infinity;2382.26;31.1537;-32.1702;1.1402;1.3648;-57.0767;80.4376;354.9797;353.6744;36.1445;151.7068;354.3411;2.5991;LeftFalse_RightFalse;LeftFalse_RightFalse;HandLeft_(-0.3, -0.4, -0.1)_(-0.1, 0.7, -0.7, 0.1)_1.012537_System.String[];HandLeft_(0.3, -0.6, -0.2)_(0.8, 0.3, -0.4, -0.4)_0.9825718_System.String[];HandRight_(-0.3, -0.2, -0.2)_(0.0, 0.3, 0.2, -0.9)_1.012537_System.String[];HandRight_(0.5, -0.7, -0.1)_(-0.3, -0.6, -0.5, 0.6)_0.9825718_System.String[];17.3208;-0.1678;0.2581;31.0070;-32.5016;1.1667;0.9971;-57.0893;80.3011;357.6880;354.7343;332.1718;174.8052;358.4332;7.2253
0.0000;0.5469;False;False;31.3315;-32.8850;-0.0086;-0.0668;-56.7660;80.0342;359.9417;1.8535;347.9998;147.0522;359.8076;3.8428;2.5336;0.0073;-0.1203;5.5076;-4.3811;-1.3858;171408;71.35535;Infinity;2382.30;31.0990;-32.0488;1.1406;1.3496;-56.8462;80.2463;355.0058;353.9207;35.6447;152.4871;354.3167;3.0954;LeftFalse_RightFalse;LeftFalse_RightFalse;HandLeft_(-0.3, -0.4, -0.1)_(-0.1, 0.7, -0.6, 0.2)_1.012537_System.String[];HandLeft_(0.3, -0.6, -0.2)_(0.8, 0.3, -0.4, -0.4)_0.9825718_System.String[];HandRight_(-0.3, -0.2, -0.2)_(0.0, 0.2, 0.2, -0.9)_1.012537_System.String[];HandRight_(0.5, -0.7, -0.1)_(-0.3, -0.6, -0.5, 0.6)_0.9825718_System.String[];17.3625;-0.1831;0.2547;30.9509;-32.3856;1.1669;0.9852;-56.8605;80.1145;357.7668;354.8034;330.8926;175.4785;358.6338;7.7608
0.0000;0.5500;False;False;31.2724;-32.7819;-0.0083;-0.0712;-56.5364;79.8501;359.9411;2.0370;347.4068;147.9360;359.7733;4.1335;2.4691;0.0073;-0.0855;5.4351;-4.4460;-1.4457;171411;71.48711;Infinity;2382.34;31.0413;-31.9329;1.1411;1.3387;-56.6172;80.0494;355.0313;354.0954;35.0731;153.3227;354.2928;3.4456;LeftFalse_RightFalse;LeftFalse_RightFalse;HandLeft_(-0.3, -0.4, -0.1)_(-0.1, 0.8, -0.6, 0.2)_1.012537_System.String[];HandLeft_(0.3, -0.6, -0.2)_(0.8, 0.3, -0.4, -0.4)_0.9825718_System.String[];HandRight_(-0.4, -0.2, -0.2)_(-0.1, 0.2, 0.2, -0.9)_1.012537_System.String[];HandRight_(0.5, -0.7, -0.1)_(-0.3, -0.6, -0.5, 0.6)_0.9825718_System.String[];17.4045;-0.1961;0.2473;30.8917;-32.2740;1.1671;0.9766;-56.6336;79.9226;357.8257;354.8703;329.5620;176.1849;358.9042;8.1882
0.0000;0.5524;False;False;31.2110;-32.6814;-0.0080;-0.0742;-56.3110;79.6643;359.9407;2.1635;346.7605;148.8115;359.7410;4.3370;2.4133;0.0071;-0.0595;5.3615;-4.5069;-1.5069;171414;71.72894;Infinity;2382.39;30.9815;-31.8231;1.1415;1.3311;-56.3934;79.8510;355.0552;354.2156;34.4469;154.1683;354.2699;3.6894;LeftFalse_RightFalse;LeftFalse_RightFalse;HandLeft_(-0.3, -0.4, -0.1)_(-0.1, 0.8, -0.6, 0.3)_1.012537_System.String[];HandLeft_(0.3, -0.6, -0.2)_(0.8, 0.3, -0.4, -0.4)_0.9825718_System.String[];HandRight_(-0.4, -0.2, -0.2)_(-0.1, 0.2, 0.2, -0.9)_1.012537_System.String[];HandRight_(0.5, -0.7, -0.1)_(-0.3, -0.6, -0.5, 0.6)_0.9825718_System.String[];17.4463;-0.2073;0.2374;30.8305;-32.1678;1.1675;0.9707;-56.4120;79.7294;357.9510;354.8972;328.1461;176.8754;359.1811;8.4943
0.0000;0.5540;False;False;31.1468;-32.5825;-0.0077;-0.0763;-56.0886;79.4756;359.9405;2.2506;346.0648;149.6704;359.7108;4.4793;2.3644;0.0069;-0.0401;5.2865;-4.5645;-1.5700;171417;71.77618;Infinity;2382.43;30.9191;-31.7174;1.1420;1.3258;-56.1732;79.6501;355.0778;354.2983;33.7703;155.0094;354.2488;3.8598;LeftFalse_RightFalse;LeftFalse_RightFalse;HandLeft_(-0.3, -0.4, -0.1)_(-0.1, 0.7, -0.5, 0.4)_1.012537_System.String[];HandLeft_(0.3, -0.6, -0.2)_(0.8, 0.4, -0.4, -0.3)_0.9825718_System.String[];HandRight_(-0.4, -0.2, -0.2)_(-0.1, 0.1, 0.2, -1.0)_1.012537_System.String[];HandRight_(0.5, -0.7, -0.1)_(-0.2, -0.6, -0.5, 0.6)_0.9825718_System.String[];17.4880;-0.2193;0.2265;30.7665;-32.0651;1.1679;0.9665;-56.1941;79.5337;358.0466;354.9650;326.7689;177.5157;359.4092;8.6907
0.0000;0.5567;False;False;31.0800;-32.4856;-0.0074;-0.0776;-55.8698;79.2848;359.9404;2.3098;345.3292;150.5031;359.6832;4.5781;2.3191;0.0068;-0.0260;5.2103;-4.6199;-1.6341;171420;71.88539;Infinity;2382.47;30.8538;-31.6150;1.1424;1.3222;-55.9558;79.4465;355.0987;354.3546;33.0482;155.8365;354.2293;3.9785;LeftFalse_RightFalse;LeftFalse_RightFalse;HandLeft_(-0.3, -0.4, -0.1)_(-0.1, 0.7, -0.5, 0.4)_1.012537_System.String[];HandLeft_(0.3, -0.6, -0.2)_(0.7, 0.4, -0.5, -0.3)_0.9825718_System.String[];HandRight_(-0.4, -0.2, -0.2)_(-0.2, 0.1, 0.2, -1.0)_1.012537_System.String[];HandRight_(0.5, -0.7, -0.1)_(-0.2, -0.6, -0.5, 0.6)_0.9825718_System.String[];17.5295;-0.2325;0.2157;30.7001;-31.9651;1.1683;0.9638;-55.9792;79.3353;358.0977;355.0443;325.4469;178.0988;359.6335;8.8067
0.0000;0.5615;False;False;31.0104;-32.3903;-0.0071;-0.0784;-55.6543;79.0916;359.9406;2.3498;344.5532;151.3076;359.6571;4.6458;2.2780;0.0068;-0.0158;5.1311;-4.6733;-1.7021;171423;71.91895;Infinity;2382.51;30.7859;-31.5157;1.1428;1.3198;-55.7424;79.2412;355.1182;354.3925;32.2878;156.6398;354.2115;4.0600;LeftFalse_RightFalse;LeftFalse_RightFalse;HandLeft_(-0.3, -0.4, -0.1)_(-0.1, 0.7, -0.5, 0.4)_1.012537_System.String[];HandLeft_(0.3, -0.6, -0.2)_(0.7, 0.4, -0.5, -0.2)_0.9825718_System.String[];HandRight_(-0.4, -0.2, -0.2)_(-0.2, 0.1, 0.2, -1.0)_1.012537_System.String[];HandRight_(0.5, -0.7, -0.1)_(-0.2, -0.6, -0.5, 0.6)_0.9825718_System.String[];17.5713;-0.2469;0.2053;30.6311;-31.8675;1.1687;0.9619;-55.7683;79.1351;358.1790;355.0960;324.2507;178.6502;359.8197;8.8614
0.0000;0.5682;False;False;30.9363;-32.2948;-0.0068;-0.0789;-55.4384;78.8924;359.9412;2.3770;343.7201;152.0952;359.6313;4.6919;2.2400;0.0068;-0.0084;5.0494;-4.7253;-1.7726;171426;71.41649;Infinity;2382.55;30.7136;-31.4171;1.1432;1.3183;-55.5286;79.0301;355.1378;354.4185;31.4704;157.4310;354.1942;4.1159;LeftFalse_RightFalse;LeftFalse_RightFalse;HandLeft_(-0.3, -0.4, -0.1)_(-0.1, 0.7, -0.5, 0.5)_1.012537_System.String[];HandLeft_(0.2, -0.6, -0.2)_(0.7, 0.4, -0.5, -0.2)_0.9825718_System.String[];HandRight_(-0.4, -0.2, -0.2)_(-0.2, 0.1, 0.2, -1.0)_1.012537_System.String[];HandRight_(0.5, -0.7, -0.1)_(-0.2, -0.5, -0.5, 0.6)_0.9825718_System.String[];17.6138;-0.2587;0.1962;30.5582;-31.7699;1.1692;0.9607;-55.5572;78.9292;358.2730;355.1349;323.1233;179.1552;359.9813;8.9074
0.0000;0.5762;False;False;30.8601;-32.2020;-0.0065;-0.0791;-55.2288;78.6933;359.9418;2.3947;342.8584;152.8430;359.6072;4.7221;2.2025;0.0070;-0.0034;4.9671;-4.7772;-1.8417;171429;71.52518;Infinity;2382.60;30.6391;-31.3219;1.1436;1.3174;-55.3211;78.8195;355.1565;354.4352;30.6206;158.1834;354.1780;4.1520;LeftFalse_RightFalse;LeftFalse_RightFalse;HandLeft_(-0.3, -0.4, -0.1)_(-0.1, 0.7, -0.5, 0.5)_1.012537_System.String[];HandLeft_(0.2, -0.6, -0.2)_(0.7, 0.4, -0.5, -0.2)_0.9825718_System.String[];HandRight_(-0.4, -0.2, -0.2)_(-0.3, 0.0, 0.2, -1.0)_1.012537_System.String[];HandRight_(0.5, -0.7, -0.1)_(-0.2, -0.5, -0.5, 0.6)_0.9825718_System.String[];17.6558;-0.2665;0.1902;30.4831;-31.6756;1.1696;0.9600;-55.3528;78.7236;358.2356;355.1063;322.0021;179.6379;0.1145;8.9067
0.0000;0.5820;False;False;30.7810;-32.1109;-0.0062;-0.0791;-55.0230;78.4921;359.9419;2.4062;341.9680;153.5656;359.5853;4.7424;2.1651;0.0072;0.0000;4.8847;-4.8291;-1.9086;171432;71.54624;Infinity;2382.64;30.5620;-31.2292;1.1440;1.3169;-55.1185;78.6082;355.1734;354.4461;29.7427;158.9075;354.1627;4.1762;LeftFalse_RightFalse;LeftFalse_RightFalse;HandLeft_(-0.3, -0.4, -0.1)_(-0.1, 0.7, -0.5, 0.5)_1.012537_System.String[];HandLeft_(0.2, -0.6, -0.2)_(0.7, 0.4, -0.5, -0.2)_0.9825718_System.String[];HandRight_(-0.4, -0.2, -0.2)_(-0.3, 0.0, 0.1, -0.9)_1.012537_System.String[];HandRight_(0.5, -0.7, -0.1)_(-0.2, -0.5, -0.5, 0.6)_0.9825718_System.String[];17.6975;-0.2689;0.1866;30.4048;-31.5836;1.1700;0.9596;-55.1531;78.5170;358.1509;355.0831;320.7838;180.1038;0.2342;8.8537
0.0000;0.5859;False;False;30.6991;-32.0214;-0.0059;-0.0790;-54.8207;78.2887;359.9415;2.4136;341.0605;154.2699;359.5677;4.7562;2.1264;0.0073;0.0022;4.8044;-4.8813;-1.9705;171435;71.52937;Infinity;2382.68;30.4821;-31.1385;1.1443;1.3166;-54.9195;78.3948;355.1873;354.4531;28.8431;159.6125;354.1495;4.1926;LeftFalse_RightFalse;LeftFalse_RightFalse;HandLeft_(-0.3, -0.4, -0.1)_(-0.1, 0.7, -0.5, 0.6)_1.012537_System.String[];HandLeft_(0.2, -0.6, -0.2)_(0.7, 0.4, -0.6, -0.2)_0.9825718_System.String[];HandRight_(-0.4, -0.2, -0.2)_(-0.3, 0.0, 0.1, -0.9)_1.012537_System.String[];HandRight_(0.5, -0.7, -0.1)_(-0.3, -0.5, -0.5, 0.6)_0.9825718_System.String[];17.7395;-0.2684;0.1848;30.3234;-31.4935;1.1705;0.9594;-54.9573;78.3083;358.0330;355.1256;319.2862;180.5240;0.3935;8.7829
0.0000;0.5858;False;False;30.6151;-31.9340;-0.0056;-0.0789;-54.6228;78.0839;359.9402;2.4183;340.1522;154.9595;359.5561;4.7664;2.0651;0.0079;0.0042;4.6870;-4.9598;-2.0555;171438;71.71201;Infinity;2382.72;30.3992;-31.0494;1.1447;1.3166;-54.7233;78.1787;355.1970;354.4575;27.9319;160.3070;354.1395;4.2043;LeftFalse_RightFalse;LeftFalse_RightFalse;HandLeft_(-0.3, -0.4, -0.1)_(-0.1, 0.7, -0.4, 0.6)_1.012537_System.String[];HandLeft_(0.2, -0.6, -0.2)_(0.7, 0.4, -0.6, -0.2)_0.9825718_System.String[];HandRight_(-0.4, -0.2, -0.2)_(-0.3, 0.0, 0.1, -0.9)_1.012537_System.String[];HandRight_(0.5, -0.7, -0.1)_(-0.2, -0.6, -0.5, 0.6)_0.9825718_System.String[];17.7813;-0.2669;0.1843;30.2386;-31.4051;1.1709;0.9594;-54.7648;78.0966;357.9961;355.1868;317.3958;180.9517;0.3881;8.6439
0.0000;0.5833;False;False;30.5287;-31.8485;-0.0053;-0.0787;-54.4285;77.8770;359.9382;2.4217;339.2485;155.6427;359.5501;4.7746;2.0218;0.0081;0.0049;4.6105;-5.0117;-2.1074;171441;71.85629;Infinity;2382.76;30.3143;-30.9628;1.1451;1.3166;-54.5315;77.9614;355.2013;354.4603;27.0260;160.9910;354.1329;4.2134;LeftFalse_RightFalse;LeftFalse_RightFalse;HandLeft_(-0.3, -0.4, -0.1)_(-0.1, 0.7, -0.5, 0.6)_1.012537_System.String[];HandLeft_(0.2, -0.6, -0.2)_(0.7, 0.4, -0.5, -0.3)_0.9825718_System.String[];HandRight_(-0.4, -0.2, -0.2)_(-0.3, 0.0, 0.1, -0.9)_1.012537_System.String[];HandRight_(0.5, -0.7, -0.1)_(-0.2, -0.6, -0.5, 0.6)_0.9825718_System.String[];17.8228;-0.2635;0.1843;30.1520;-31.3189;1.1707;0.9594;-54.5770;77.8838;358.1251;355.2463;315.3067;181.3465;0.3814;8.5024
0.0000;0.5798;False;False;30.4402;-31.7649;-0.0049;-0.0785;-54.2375;77.6677;359.9362;2.4243;338.3557;156.3247;359.5488;4.7819;1.9769;0.0081;0.0051;4.5362;-5.0627;-2.1547;171444;71.91712;Infinity;2382.80;30.2273;-30.8782;1.1454;1.3167;-54.3432;77.7421;355.2020;354.4623;26.1291;161.6721;354.1294;4.2213;LeftFalse_RightFalse;LeftFalse_RightFalse;HandLeft_(-0.3, -0.4, -0.1)_(-0.1, 0.7, -0.5, 0.6)_1.012537_System.String[];HandLeft_(0.2, -0.6, -0.2)_(0.7, 0.4, -0.5, -0.3)_0.9825718_System.String[];HandRight_(-0.4, -0.2, -0.2)_(-0.3, 0.0, 0.2, -1.0)_1.012537_System.String[];HandRight_(0.5, -0.7, -0.1)_(-0.2, -0.6, -0.5, 0.6)_0.9825718_System.String[];17.8645;-0.2583;0.1845;30.0635;-31.2349;1.1707;0.9595;-54.3929;77.6688;358.2176;355.3242;313.3242;181.7513;0.3150;8.3292
0.0000;0.5750;False;False;30.3498;-31.6833;-0.0046;-0.0783;-54.0496;77.4564;359.9345;2.4274;337.4808;157.0076;359.5524;4.7876;1.9299;0.0061;0.0050;4.4655;-5.1129;-2.1948;171447;71.96774;Infinity;2382.85;30.1381;-30.7957;1.1458;1.3168;-54.1581;77.5207;355.1994;354.4646;25.2476;162.3535;354.1294;4.2277;LeftFalse_RightFalse;LeftFalse_RightFalse;HandLeft_(-0.3, -0.4, -0.1)_(-0.1, 0.7, -0.5, 0.5)_1.012537_System.String[];HandLeft_(0.2, -0.6, -0.2)_(0.7, 0.4, -0.5, -0.3)_0.9825718_System.String[];HandRight_(-0.4, -0.2, -0.2)_(-0.2, 0.0, 0.2, -1.0)_1.012537_System.String[];HandRight_(0.5, -0.7, -0.1)_(-0.2, -0.5, -0.5, 0.6)_0.9825718_System.String[];17.9063;-0.2525;0.1865;29.9729;-31.1532;1.1711;0.9593;-54.2121;77.4516;358.1673;355.4368;311.5474;182.1458;0.1962;8.1450
0.0000;0.5698;False;False;30.2576;-31.6037;-0.0043;-0.0786;-53.8643;77.2422;359.9330;2.4089;336.6257;157.7028;359.5612;4.8434;1.8942;0.0068;-0.0708;4.3970;-5.1577;-2.2303;171450;71.87665;Infinity;2382.89;30.0472;-30.7155;1.1460;1.3169;-53.9759;77.2969;355.1931;354.4675;24.3864;163.0388;354.1331;4.2336;LeftFalse_RightFalse;LeftFalse_RightFalse;HandLeft_(-0.3, -0.4, -0.1)_(-0.1, 0.7, -0.5, 0.5)_1.012537_System.String[];HandLeft_(0.2, -0.6, -0.2)_(0.7, 0.4, -0.5, -0.3)_0.9825718_System.String[];HandRight_(-0.4, -0.2, -0.2)_(-0.2, 0.0, 0.2, -1.0)_1.012537_System.String[];HandRight_(0.5, -0.7, -0.1)_(-0.2, -0.5, -0.5, 0.6)_0.9825718_System.String[];17.9480;-0.2467;0.1909;29.8809;-31.0736;1.1713;0.9592;-54.0346;77.2322;358.0460;355.5421;309.6349;182.5038;0.2924;7.9618
0.0000;0.5657;False;False;30.1639;-31.5275;-0.0040;-0.0840;-53.6821;77.0241;359.9313;2.1851;335.7945;158.4461;359.5721;5.3199;1.8582;0.0072;-0.2077;4.3285;-5.2015;-2.2650;171453;71.88545;Infinity;2382.93;29.9544;-30.6322;1.1462;1.3096;-53.7958;77.0744;355.1843;354.2938;23.5447;163.7232;354.1390;4.5416;LeftFalse_RightFalse;LeftFalse_RightFalse;HandLeft_(-0.3, -0.4, -0.1)_(-0.1, 0.7, -0.5, 0.5)_1.012537_System.String[];HandLeft_(0.2, -0.6, -0.2)_(0.7, 0.4, -0.5, -0.2)_0.9825718_System.String[];HandRight_(-0.4, -0.2, -0.2)_(-0.2, 0.1, 0.2, -1.0)_1.012537_System.String[];HandRight_(0.5, -0.7, -0.1)_(-0.2, -0.5, -0.5, 0.6)_0.9825718_System.String[];17.9897;-0.2427;0.1972;29.7872;-30.9922;1.1714;0.9536;-53.8595;77.0127;357.8932;355.3391;307.4978;182.9148;0.4499;7.9193
0.0000;0.5635;False;False;30.0687;-31.4536;-0.0037;-0.0933;-53.5027;76.8030;359.9268;1.8093;334.9853;159.2173;359.5896;6.0162;1.8423;0.0131;-0.2370;4.2583;-5.2325;-2.2999;171456;71.85048;Infinity;2382.97;29.8605;-30.5462;1.1465;1.2932;-53.6194;76.8563;355.1746;353.8825;22.7297;164.3966;354.1456;5.1838;LeftFalse_RightFalse;LeftFalse_RightFalse;HandLeft_(-0.3, -0.4, -0.1)_(-0.1, 0.7, -0.5, 0.5)_1.012537_System.String[];HandLeft_(0.2, -0.6, -0.2)_(0.7, 0.4, -0.5, -0.3)_0.9825718_System.String[];HandRight_(-0.4, -0.2, -0.2)_(-0.2, 0.1, 0.2, -1.0)_1.012537_System.String[];HandRight_(0.5, -0.7, -0.1)_(-0.3, -0.5, -0.5, 0.6)_0.9825718_System.String[];18.0315;-0.2405;0.2035;29.6924;-30.9097;1.1715;0.9408;-53.6880;76.7958;357.7966;354.7488;305.3102;183.3782;0.5513;8.1148
0.0000;0.5636;False;False;29.9721;-31.3811;-0.0030;-0.1025;-53.3268;76.5810;359.9101;1.4396;334.1962;159.9948;359.5914;6.6309;1.7748;0.0111;-0.2228;4.1898;-5.2818;-2.3309;171459;71.9248;Infinity;2383.01;29.7650;-30.4617;1.1471;1.2762;-53.4459;76.6361;355.1569;353.4436;21.9332;165.0852;354.1391;5.7981;LeftFalse_RightFalse;LeftFalse_RightFalse;HandLeft_(-0.3, -0.4, -0.1)_(-0.1, 0.7, -0.5, 0.5)_1.012537_System.String[];HandLeft_(0.2, -0.6, -0.2)_(0.7, 0.4, -0.5, -0.3)_0.9825718_System.String[];HandRight_(-0.4, -0.2, -0.2)_(-0.2, 0.1, 0.2, -1.0)_1.012537_System.String[];HandRight_(0.5, -0.7, -0.1)_(-0.3, -0.5, -0.5, 0.6)_0.9825718_System.String[];18.0732;-0.2379;0.2101;29.5967;-30.8287;1.1721;0.9273;-53.5186;76.5769;357.7278;354.1356;303.3640;183.8960;0.6159;8.3332
0.0000;0.5655;False;False;29.8741;-31.3113;-0.0026;-0.1110;-53.1535;76.3569;359.9048;1.1069;333.4248;160.7843;359.6026;7.1539;1.6958;0.0081;-0.1996;4.1225;-5.3329;-2.3616;171462;71.89818;Infinity;2383.05;29.6682;-30.3815;1.1475;1.2610;-53.2750;76.4121;355.1441;353.0468;21.1555;165.7962;354.1406;6.3201;LeftFalse_RightFalse;LeftFalse_RightFalse;HandLeft_(-0.3, -0.4, -0.1)_(-0.1, 0.7, -0.5, 0.5)_1.012537_System.String[];HandLeft_(0.3, -0.6, -0.2)_(0.7, 0.4, -0.5, -0.3)_0.9825718_System.String[];HandRight_(-0.4, -0.2, -0.2)_(-0.2, 0.1, 0.2, -1.0)_1.012537_System.String[];HandRight_(0.5, -0.7, -0.1)_(-0.3, -0.5, -0.5, 0.6)_0.9825718_System.String[];18.1150;-0.2337;0.2171;29.4999;-30.7517;1.1727;0.9151;-53.3517;76.3550;357.7294;353.5525;301.7827;184.4937;0.7001;8.5040
0.0000;0.5723;False;False;29.7751;-31.2450;-0.0024;-0.1183;-52.9835;76.1315;359.9039;0.8220;332.6741;161.5870;359.6139;7.5920;1.6094;0.0060;-0.1726;4.0568;-5.3843;-2.3895;171465;71.95432;Infinity;2383.10;29.5702;-30.3063;1.1478;1.2478;-53.1073;76.1844;355.1345;352.7051;20.3978;166.5307;354.1465;6.7579;LeftFalse_RightFalse;LeftFalse_RightFalse;HandLeft_(-0.3, -0.4, -0.1)_(-0.1, 0.7, -0.5, 0.5)_1.012537_System.String[];HandLeft_(0.3, -0.6, -0.2)_(0.7, 0.3, -0.5, -0.4)_0.9825718_System.String[];HandRight_(-0.4, -0.2, -0.2)_(-0.2, 0.1, 0.2, -1.0)_1.012537_System.String[];HandRight_(0.5, -0.7, -0.1)_(-0.4, -0.5, -0.6, 0.6)_0.9825718_System.String[];18.1565;-0.2260;0.2245;29.4024;-30.6792;1.1731;0.9045;-53.1873;76.1301;357.6676;353.0302;300.5449;185.1462;0.8319;8.6234
0.0000;0.5861;False;False;29.6744;-31.1819;-0.0021;-0.1244;-52.8153;75.9031;359.9031;0.5846;331.9420;162.4155;359.6211;7.9587;1.5187;0.0065;-0.1451;3.9939;-5.4356;-2.4126;171468;71.78497;Infinity;2383.14;29.4708;-30.2357;1.1480;1.2366;-52.9419;75.9521;355.1276;352.4189;19.6595;167.2966;354.1524;7.1247;LeftFalse_RightFalse;LeftFalse_RightFalse;HandLeft_(-0.3, -0.4, -0.1)_(-0.1, 0.7, -0.5, 0.4)_1.012537_System.String[];HandLeft_(0.3, -0.6, -0.2)_(0.7, 0.3, -0.5, -0.4)_0.9825718_System.String[];HandRight_(-0.4, -0.2, -0.2)_(-0.1, 0.1, 0.2, -1.0)_1.012537_System.String[];HandRight_(0.4, -0.7, -0.1)_(-0.4, -0.5, -0.5, 0.5)_0.9825718_System.String[];18.1985;-0.2149;0.2313;29.3037;-30.6110;1.1734;0.8954;-53.0247;75.9012;357.5800;352.6001;299.5803;185.8567;0.9251;8.6910
0.0000;0.6075;False;False;29.5726;-31.1226;-0.0018;-0.1295;-52.6495;75.6725;359.9001;0.3935;331.2393;163.2713;359.6307;8.2620;1.4260;0.0085;-0.1190;3.9348;-5.4873;-2.4302;171471;71.65105;Infinity;2383.18;29.3700;-30.1696;1.1483;1.2271;-52.7782;75.7146;355.1212;352.1851;18.9453;168.1004;354.1560;7.4307;LeftFalse_RightFalse;LeftFalse_RightFalse;HandLeft_(-0.3, -0.4, -0.1)_(-0.1, 0.7, -0.5, 0.4)_1.012537_System.String[];HandLeft_(0.3, -0.6, -0.2)_(0.8, 0.3, -0.5, -0.3)_0.9825718_System.String[];HandRight_(-0.4, -0.2, -0.2)_(-0.1, 0.1, 0.2, -1.0)_1.012537_System.String[];HandRight_(0.4, -0.7, -0.1)_(-0.4, -0.5, -0.5, 0.5)_0.9825718_System.String[];18.2405;-0.1999;0.2378;29.2040;-30.5472;1.1738;0.8878;-52.8626;75.6676;357.4731;352.2352;298.8649;186.5955;0.8406;8.7238
0.0000;0.6333;False;False;29.4701;-31.0450;-0.0014;-0.0960;-52.4857;75.4360;359.8945;358.5651;330.5760;164.0748;359.6486;5.0876;1.2153;0.0086;0.2949;3.8536;-5.5587;-2.4467;171474;71.42883;Infinity;2383.22;29.2691;-30.1687;1.1486;1.3056;-52.6178;75.4858;355.1060;350.8709;18.2718;169.3153;354.1624;4.4553;LeftFalse_RightFalse;LeftFalse_RightFalse;HandLeft_(-0.3, -0.4, -0.1)_(-0.1, 0.7, -0.6, 0.4)_1.012537_System.String[];HandLeft_(0.3, -0.6, -0.2)_(0.8, 0.3, -0.5, -0.3)_0.9825718_System.String[];HandRight_(-0.4, -0.2, -0.2)_(-0.1, 0.2, 0.2, -1.0)_1.012537_System.String[];HandRight_(0.4, -0.7, -0.1)_(-0.4, -0.5, -0.5, 0.5)_0.9825718_System.String[];18.2825;-0.1827;0.2443;29.1047;-30.5277;1.1742;0.9467;-52.7033;75.4395;357.4302;351.8797;298.4043;187.7325;0.6400;5.3015
0.0000;0.6583;False;False;29.3677;-30.9916;-0.0010;-0.0855;-52.3250;75.1997;359.8914;357.9197;329.9601;164.9326;359.6698;4.6236;1.1406;0.0084;0.1720;3.8045;-5.6196;-2.4510;171477;71.54976;Infinity;2383.26;29.1664;-30.1328;1.1489;1.3309;-52.4577;75.2487;355.0881;350.1676;17.6330;170.2850;354.1734;3.7586;LeftFalse_RightFalse;LeftFalse_RightFalse;HandLeft_(-0.3, -0.4, 0.0)_(0.0, 0.7, -0.7, 0.4)_1.012537_System.String[];HandLeft_(0.3, -0.6, -0.2)_(0.8, 0.3, -0.4, -0.3)_0.9825718_System.String[];HandRight_(-0.4, -0.2, -0.2)_(-0.1, 0.2, 0.2, -1.0)_1.012537_System.String[];HandRight_(0.4, -0.7, -0.1)_(-0.4, -0.5, -0.5, 0.5)_0.9825718_System.String[];18.3242;-0.1638;0.2515;29.0035;-30.4874;1.1745;0.9674;-52.5441;75.2041;357.4619;351.4348;298.0909;188.6125;0.4679;4.2526
0.0000;0.6797;False;False;29.2646;-30.9434;-0.0007;-0.0797;-52.1653;74.9603;359.8902;357.5223;329.3924;165.8187;359.6938;4.4379;1.0616;0.0081;0.0904;3.7594;-5.6773;-2.4501;171480;71.36371;Infinity;2383.31;29.0639;-30.0927;1.1491;1.3441;-52.3004;75.0069;355.0698;349.7245;17.0473;171.2024;354.1879;3.4453;LeftFalse_RightFalse;LeftFalse_RightFalse;HandLeft_(-0.3, -0.4, 0.0)_(0.0, 0.7, -0.7, 0.3)_1.012537_System.String[];HandLeft_(0.3, -0.6, -0.2)_(0.8, 0.3, -0.4, -0.3)_0.9825718_System.String[];HandRight_(-0.4, -0.2, -0.2)_(-0.1, 0.2, 0.2, -1.0)_1.012537_System.String[];HandRight_(0.4, -0.7, -0.1)_(-0.4, -0.5, -0.5, 0.5)_0.9825718_System.String[];18.3665;-0.1454;0.2594;28.9026;-30.4458;1.1748;0.9785;-52.3870;74.9652;357.4739;351.1497;297.8943;189.4467;0.3163;3.6340
0.0000;0.6981;False;False;29.1625;-30.9004;-0.0004;-0.0769;-52.0091;74.7214;359.8900;357.2938;328.8853;166.7409;359.7195;4.4015;0.9756;0.0078;0.0379;3.7172;-5.7331;-2.4452;171483;71.6215;Infinity;2383.35;28.9620;-30.0522;1.1494;1.3501;-52.1457;74.7608;355.0509;349.4560;16.5192;172.1254;354.2047;3.3401;LeftFalse_RightFalse;LeftFalse_RightFalse;HandLeft_(-0.4, -0.4, -0.1)_(0.0, 0.6, -0.7, 0.3)_1.012537_System.String[];HandLeft_(0.3, -0.6, -0.2)_(0.8, 0.3, -0.4, -0.4)_0.9825718_System.String[];HandRight_(-0.3, -0.2, -0.2)_(0.0, 0.3, 0.2, -0.9)_1.012537_System.String[];HandRight_(0.4, -0.7, -0.1)_(-0.4, -0.5, -0.5, 0.5)_0.9825718_System.String[];18.4082;-0.1293;0.2671;28.8023;-30.4053;1.1750;0.9839;-52.2327;74.7231;357.4326;350.9842;297.7635;190.2825;0.0997;3.2675
0.0000;0.7129;False;False;29.0609;-30.8619;0.0000;-0.0759;-51.8549;74.4810;359.8903;357.1717;328.4309;167.7121;359.7447;4.4382;0.8830;0.0075;0.0056;3.6755;-5.7902;-2.4394;171486;71.79907;Infinity;2383.39;28.8605;-30.0134;1.1496;1.3519;-51.9931;74.5105;355.0322;349.3021;16.0463;173.0798;354.2222;3.3425;LeftFalse_RightFalse;LeftFalse_RightFalse;HandLeft_(-0.4, -0.4, -0.1)_(0.0, 0.6, -0.8, 0.2)_1.012537_System.String[];HandLeft_(0.3, -0.6, -0.2)_(0.8, 0.3, -0.4, -0.4)_0.9825718_System.String[];HandRight_(-0.3, -0.2, -0.2)_(0.0, 0.3, 0.2, -0.9)_1.012537_System.String[];HandRight_(0.4, -0.7, -0.1)_(-0.4, -0.5, -0.5, 0.5)_0.9825718_System.String[];18.4500;-0.1179;0.2736;28.7026;-30.3672;1.1752;0.9857;-52.0801;74.4777;357.4645;350.8839;297.6789;191.1042;359.8973;3.0691
0.0000;0.7240;False;False;28.9595;-30.8280;0.0003;-0.0760;-51.7026;74.2385;359.8910;357.1170;328.0221;168.7337;359.7685;4.5094;0.7836;0.0072;-0.0129;3.6341;-5.8483;-2.4334;171489;71.90475;Infinity;2383.43;28.7592;-29.9778;1.1498;1.3515;-51.8421;74.2557;355.0146;349.2224;15.6215;174.0774;354.2392;3.3986;LeftFalse_RightFalse;LeftFalse_RightFalse;HandLeft_(-0.4, -0.4, -0.1)_(0.1, 0.6, -0.8, 0.2)_1.012537_System.String[];HandLeft_(0.3, -0.6, -0.2)_(0.8, 0.2, -0.4, -0.4)_0.9825718_System.String[];HandRight_(-0.3, -0.2, -0.2)_(0.0, 0.4, 0.2, -0.9)_1.012537_System.String[];HandRight_(0.4, -0.8, -0.1)_(-0.5, -0.5, -0.5, 0.5)_0.9825718_System.String[];18.4915;-0.1143;0.2776;28.6032;-30.3324;1.1754;0.9857;-51.9288;74.2282;357.4813;350.8425;297.6768;191.9123;359.7748;2.9516
0.0000;0.7321;False;False;28.8583;-30.7902;0.0006;-0.0516;-51.5521;74.0019;359.8905;358.1169;327.6472;169.8247;359.7871;2.4564;0.5687;0.0080;0.6466;3.5908;-5.9091;-2.4295;171492;71.94661;Infinity;2383.47;28.6582;-29.9725;1.1500;1.3834;-51.6927;73.9805;354.9992;349.9740;15.2359;175.3140;354.2536;2.0926;LeftFalse_RightFalse;LeftFalse_RightFalse;HandLeft_(-0.4, -0.4, 0.0)_(0.1, 0.6, -0.8, 0.1)_1.012537_System.String[];HandLeft_(0.3, -0.6, -0.2)_(0.8, 0.2, -0.4, -0.4)_0.9825718_System.String[];HandRight_(-0.3, -0.2, -0.2)_(0.1, 0.4, 0.2, -0.9)_1.012537_System.String[];HandRight_(0.4, -0.8, -0.1)_(-0.5, -0.5, -0.5, 0.5)_0.9825718_System.String[];18.5332;-0.1161;0.2813;28.5045;-30.3198;1.1756;1.0099;-51.7790;73.9645;357.5110;352.0815;297.8027;192.7665;359.5958;1.8179
0.0000;0.7384;False;False;28.7557;-30.7614;0.0009;-0.0304;-51.4014;73.7577;359.8887;359.0138;327.2873;171.0075;359.7989;1.1109;0.4817;0.0084;0.4254;3.5455;-5.9668;-2.4283;171495;71.5213;Infinity;2383.52;28.5562;-29.9808;1.1503;1.4259;-51.5434;73.6904;354.9879;351.1582;14.8711;176.6828;354.2620;0.4968;LeftFalse_RightFalse;LeftFalse_RightFalse;HandLeft_(-0.4, -0.4, -0.1)_(0.1, 0.6, -0.8, 0.1)_1.012537_System.String[];HandLeft_(0.3, -0.6, -0.2)_(0.8, 0.2, -0.3, -0.4)_0.9825718_System.String[];HandRight_(-0.3, -0.2, -0.2)_(0.1, 0.3, 0.2, -0.9)_1.012537_System.String[];HandRight_(0.4, -0.8, -0.1)_(-0.5, -0.5, -0.5, 0.5)_0.9825718_System.String[];18.5754;-0.1223;0.2846;28.4046;-30.3187;1.1759;1.0432;-51.6291;73.6890;357.5006;353.8257;297.9736;193.6331;359.3737;0.4824
0.0000;0.7452;False;False;28.6542;-30.7400;0.0013;-0.0171;-51.2545;73.5110;359.8861;359.6017;326.9374;172.2385;359.8045;0.4789;0.4099;0.0086;0.2654;3.4976;-6.0221;-2.4303;171498;71.67257;Infinity;2383.56;28.4550;-29.9786;1.1506;1.4485;-51.3970;73.4082;354.9808;351.9142;14.5198;177.9948;354.2653;359.7609;LeftFalse_RightFalse;LeftFalse_RightFalse;HandLeft_(-0.4, -0.4, -0.1)_(0.1, 0.6, -0.8, 0.1)_1.012537_System.String[];HandLeft_(0.3, -0.6, -0.2)_(0.8, 0.2, -0.3, -0.4)_0.9825718_System.String[];HandRight_(-0.3, -0.2, -0.2)_(0.0, 0.3, 0.2, -0.9)_1.012537_System.String[];HandRight_(0.4, -0.8, -0.1)_(-0.5, -0.5, -0.5, 0.5)_0.9825718_System.String[];18.6172;-0.1309;0.2874;28.3057;-30.3122;1.1763;1.0615;-51.4822;73.4186;357.3660;354.9158;298.1245;194.4716;359.1947;359.7430
0.0000;0.7551;False;False;28.5517;-30.7237;0.0018;-0.0093;-51.1086;73.2583;359.8872;359.9718;326.5797;173.5242;359.8137;0.2102;0.3306;0.0141;0.1530;3.4460;-6.0725;-2.4357;171501;71.42522;Infinity;2383.60;28.3533;-29.9729;1.1510;1.4602;-51.2522;73.1281;354.9765;352.3828;14.1650;179.3066;354.2667;359.4460;LeftFalse_RightFalse;LeftFalse_RightFalse;HandLeft_(-0.4, -0.4, -0.1)_(0.0, 0.6, -0.8, 0.1)_1.012537_System.String[];HandLeft_(0.3, -0.6, -0.2)_(0.8, 0.2, -0.3, -0.4)_0.9825718_System.String[];HandRight_(-0.3, -0.2, -0.2)_(0.0, 0.3, 0.2, -0.9)_1.012537_System.String[];HandRight_(0.4, -0.8, -0.1)_(-0.5, -0.5, -0.5, 0.5)_0.9825718_System.String[];18.6594;-0.1405;0.2891;28.2061;-30.3047;1.1771;1.0715;-51.3366;73.1486;357.1493;355.5678;298.3392;195.3563;358.9686;359.2811
0.0000;0.7687;False;False;28.4500;-30.7126;0.0024;-0.0053;-50.9667;73.0050;359.8934;0.1778;326.2114;174.8195;359.8029;0.1360;0.1751;0.0135;0.0501;3.3679;-6.1476;-2.4444;171504;71.7003;Infinity;2383.64;28.2520;-29.9677;1.1515;1.4655;-51.1107;72.8516;354.9764;352.6479;13.8014;180.6111;354.2731;359.3486;LeftFalse_RightFalse;LeftFalse_RightFalse;HandLeft_(-0.4, -0.4, -0.1)_(0.0, 0.6, -0.8, 0.2)_1.012537_System.String[];HandLeft_(0.3, -0.6, -0.2)_(0.8, 0.2, -0.3, -0.4)_0.9825718_System.String[];HandRight_(-0.3, -0.2, -0.2)_(0.1, 0.3, 0.2, -0.9)_1.012537_System.String[];HandRight_(0.4, -0.8, -0.1)_(-0.5, -0.5, -0.5, 0.5)_0.9825718_System.String[];18.7012;-0.1509;0.2901;28.1067;-30.2986;1.1780;1.0763;-51.1941;72.8808;357.0142;355.9274;298.6265;196.2558;358.7366;359.0922
0.0000;0.7870;False;False;28.3477;-30.7070;0.0029;-0.0038;-50.8268;72.7483;359.8965;0.2746;325.8232;176.1257;359.7938;0.1609;0.0536;0.0103;0.0092;3.3144;-6.1972;-2.4531;171507;71.79189;Infinity;2383.68;28.1507;-29.9656;1.1522;1.4671;-50.9712;72.5754;354.9926;352.7771;13.4202;181.9146;354.2664;359.3604;LeftFalse_RightFalse;LeftFalse_RightFalse;HandLeft_(-0.4, -0.4, -0.1)_(0.0, 0.6, -0.7, 0.2)_1.012537_System.String[];HandLeft_(0.3, -0.6, -0.2)_(0.8, 0.2, -0.3, -0.4)_0.9825718_System.String[];HandRight_(-0.3, -0.2, -0.2)_(0.1, 0.3, 0.3, -0.9)_1.012537_System.String[];HandRight_(0.4, -0.8, -0.1)_(-0.5, -0.5, -0.5, 0.5)_0.9825718_System.String[];18.7429;-0.1628;0.2902;28.0069;-30.2961;1.1789;1.0778;-51.0536;72.6127;356.9342;356.1287;299.0102;197.1750;358.4295;359.0515
0.0000;0.8053;False;False;28.2451;-30.7069;0.0033;-0.0038;-50.6891;72.4889;359.8950;0.3001;325.4124;177.4324;359.7918;0.2322;-0.0773;0.0081;-0.0159;3.2586;-6.2464;-2.4642;171510;71.78844;Infinity;2383.72;28.0492;-29.9681;1.1526;1.4665;-50.8347;72.2996;354.9948;352.8169;13.0187;183.2099;354.2643;359.4251;LeftFalse_RightFalse;LeftFalse_RightFalse;HandLeft_(-0.4, -0.4, -0.1)_(0.0, 0.6, -0.7, 0.2)_1.012537_System.String[];HandLeft_(0.3, -0.6, -0.2)_(0.8, 0.2, -0.3, -0.4)_0.9825718_System.String[];HandRight_(-0.3, -0.2, -0.2)_(0.0, 0.3, 0.3, -0.9)_1.012537_System.String[];HandRight_(0.4, -0.8, -0.1)_(-0.6, -0.5, -0.5, 0.4)_0.9825718_System.String[];18.7847;-0.1753;0.2902;27.9068;-30.2983;1.1792;1.0773;-50.9158;72.3444;356.9908;356.2325;299.4530;198.0978;358.1938;359.0824
0.0000;0.8196;False;False;28.1421;-30.7128;0.0036;-0.0047;-50.5541;72.2275;359.8907;0.2811;324.9756;178.7351;359.7908;0.3171;-0.2147;0.0055;-0.0303;3.2013;-6.2948;-2.4768;171513;71.86346;Infinity;2383.77;27.9469;-29.9764;1.1530;1.4648;-50.7003;72.0218;354.9930;352.8019;12.5905;184.5059;354.2610;359.5073;LeftFalse_RightFalse;LeftFalse_RightFalse;HandLeft_(-0.4, -0.4, -0.1)_(0.0, 0.7, -0.7, 0.3)_1.012537_System.String[];HandLeft_(0.3, -0.6, -0.2)_(0.8, 0.2, -0.3, -0.4)_0.9825718_System.String[];HandRight_(-0.3, -0.2, -0.2)_(0.0, 0.3, 0.2, -0.9)_1.012537_System.String[];HandRight_(0.4, -0.8, -0.1)_(-0.6, -0.4, -0.5, 0.4)_0.9825718_System.String[];18.8264;-0.1879;0.2902;27.8059;-30.3061;1.1796;1.0759;-50.7803;72.0734;357.0483;356.3099;299.8792;198.9735;358.1109;359.1868
0.0000;0.8241;False;False;28.0386;-30.7247;0.0039;-0.0061;-50.4218;71.9641;359.8901;0.2372;324.5112;180.0348;359.7859;0.4015;-0.3560;0.0076;-0.0370;3.1424;-6.3414;-2.4898;171516;71.92789;Infinity;2383.81;27.8446;-29.9908;1.1533;1.4627;-50.5689;71.7436;354.9940;352.7556;12.1361;185.7951;354.2566;359.5889;LeftFalse_RightFalse;LeftFalse_RightFalse;HandLeft_(-0.4, -0.4, -0.1)_(-0.1, 0.7, -0.6, 0.3)_1.012537_System.String[];HandLeft_(0.3, -0.6, -0.2)_(0.8, 0.2, -0.3, -0.4)_0.9825718_System.String[];HandRight_(-0.4, -0.2, -0.2)_(0.0, 0.3, 0.2, -0.9)_1.012537_System.String[];HandRight_(0.4, -0.8, -0.1)_(-0.6, -0.5, -0.5, 0.4)_0.9825718_System.String[];18.8679;-0.1993;0.2899;27.7050;-30.3200;1.1800;1.0741;-50.6477;71.8019;357.0326;356.2929;300.3469;199.7709;358.0446;359.3332
0.0000;0.8168;False;False;27.9347;-30.7427;0.0042;-0.0077;-50.2920;71.6988;359.8941;0.1819;324.0211;181.3338;359.7804;0.4787;-0.4990;0.0083;-0.0387;3.0842;-6.3849;-2.5018;171519;71.96413;Infinity;2383.85;27.7417;-30.0119;1.1536;1.4604;-50.4401;71.4638;354.9999;352.6946;11.6543;187.0849;354.2550;359.6634;LeftFalse_RightFalse;LeftFalse_RightFalse;HandLeft_(-0.3, -0.4, -0.1)_(-0.1, 0.7, -0.6, 0.3)_1.012537_System.String[];HandLeft_(0.3, -0.6, -0.2)_(0.8, 0.2, -0.3, -0.4)_0.9825718_System.String[];HandRight_(-0.4, -0.2, -0.2)_(-0.1, 0.2, 0.2, -1.0)_1.012537_System.String[];HandRight_(0.4, -0.8, -0.1)_(-0.5, -0.5, -0.5, 0.5)_0.9825718_System.String[];18.9097;-0.2089;0.2871;27.6037;-30.3402;1.1804;1.0722;-50.5178;71.5282;357.0109;356.2478;300.8289;200.4739;357.9106;359.4887
0.0000;0.8002;False;False;27.8302;-30.7668;0.0045;-0.0093;-50.1648;71.4316;359.8994;0.1243;323.5075;182.6302;359.7736;0.5456;-0.6394;0.0071;-0.0372;3.0263;-6.4249;-2.5136;171522;71.97816;Infinity;2383.89;27.6384;-30.0396;1.1540;1.4582;-50.3138;71.1823;355.0083;352.6297;11.1485;188.3743;354.2546;359.7281;LeftFalse_RightFalse;LeftFalse_RightFalse;HandLeft_(-0.3, -0.4, -0.1)_(-0.1, 0.7, -0.6, 0.4)_1.012537_System.String[];HandLeft_(0.3, -0.6, -0.2)_(0.8, 0.2, -0.3, -0.4)_0.9825718_System.String[];HandRight_(-0.4, -0.2, -0.2)_(-0.1, 0.2, 0.2, -1.0)_1.012537_System.String[];HandRight_(0.4, -0.8, -0.1)_(-0.5, -0.5, -0.5, 0.5)_0.9825718_System.String[];18.9514;-0.2167;0.2795;27.5019;-30.3666;1.1809;1.0703;-50.3908;71.2529;357.0291;356.3444;301.2530;201.0169;357.7571;359.7534
0.0000;0.7790;False;False;27.7250;-30.7969;0.0048;-0.0107;-50.0399;71.1626;359.9034;0.0694;322.9732;183.9153;359.7677;0.5994;-0.7731;0.0061;-0.0341;2.9691;-6.4616;-2.5246;171525;71.94227;Infinity;2383.93;27.5346;-30.0739;1.1543;1.4563;-50.1902;70.8993;355.0160;352.5675;10.6211;189.6575;354.2536;359.7807;LeftFalse_RightFalse;LeftFalse_RightFalse;HandLeft_(-0.3, -0.4, -0.1)_(-0.1, 0.7, -0.6, 0.4)_1.012537_System.String[];HandLeft_(0.3, -0.6, -0.2)_(0.8, 0.3, -0.3, -0.4)_0.9825718_System.String[];HandRight_(-0.4, -0.2, -0.2)_(-0.1, 0.2, 0.1, -1.0)_1.012537_System.String[];HandRight_(0.4, -0.8, -0.1)_(-0.5, -0.5, -0.5, 0.5)_0.9825718_System.String[];18.9929;-0.2217;0.2659;27.3996;-30.3993;1.1812;1.0683;-50.2669;70.9760;357.1225;356.4663;301.5381;201.4179;357.5724;0.0788
0.0000;0.7543;False;False;27.6196;-30.8324;0.0050;-0.0121;-49.9176;70.8923;359.9066;0.0203;322.4247;185.1721;359.7634;0.6389;-0.9004;0.0054;-0.0302;2.9137;-6.4950;-2.5339;171528;71.97149;Infinity;2383.97;27.4302;-30.1144;1.1545;1.4546;-50.0689;70.6147;355.0219;352.5117;10.0760;190.9211;354.2527;359.8194;LeftFalse_RightFalse;LeftFalse_RightFalse;HandLeft_(-0.3, -0.4, -0.1)_(-0.1, 0.6, -0.6, 0.4)_1.012537_System.String[];HandLeft_(0.3, -0.6, -0.2)_(0.8, 0.3, -0.4, -0.4)_0.9825718_System.String[];HandRight_(-0.4, -0.2, -0.2)_(-0.2, 0.2, 0.2, -1.0)_1.012537_System.String[];HandRight_(0.4, -0.8, -0.1)_(-0.4, -0.5, -0.6, 0.5)_0.9825718_System.String[];19.0347;-0.2247;0.2483;27.2964;-30.4381;1.1812;1.0667;-50.1460;70.6973;357.2932;356.5248;301.6255;201.7123;357.4754;0.4181
0.0000;0.7279;False;False;27.5136;-30.8732;0.0053;-0.0132;-49.7974;70.6203;359.9075;359.9778;321.8664;186.3887;359.7581;0.6641;-1.0166;0.0061;-0.0261;2.8595;-6.5262;-2.5416;171531;71.93369;Infinity;2384.02;27.3255;-30.1608;1.1548;1.4532;-49.9501;70.3290;355.0265;352.4641;9.5200;192.1505;354.2510;359.8445;LeftFalse_RightFalse;LeftFalse_RightFalse;HandLeft_(-0.3, -0.4, -0.1)_(-0.1, 0.7, -0.6, 0.4)_1.012537_System.String[];HandLeft_(0.3, -0.6, -0.2)_(0.8, 0.4, -0.4, -0.4)_0.9825718_System.String[];HandRight_(-0.4, -0.2, -0.2)_(-0.2, 0.1, 0.2, -1.0)_1.012537_System.String[];HandRight_(0.4, -0.8, -0.1)_(-0.4, -0.5, -0.6, 0.5)_0.9825718_System.String[];19.0764;-0.2271;0.2279;27.1927;-30.4825;1.1812;1.0653;-50.0279;70.4176;357.4342;356.6096;301.4201;201.9620;357.5231;0.7559
0.0000;0.7002;False;False;27.4051;-30.9197;0.0055;-0.0142;-49.6771;70.3411;359.9067;359.9429;321.2907;187.5690;359.7523;0.6731;-1.1227;0.0063;-0.0213;2.8062;-6.5546;-2.5482;171534;71.14042;Infinity;2384.06;27.2187;-30.2132;1.1551;1.4522;-49.8317;70.0379;355.0305;352.4253;8.9486;193.3454;354.2468;359.8547;LeftFalse_RightFalse;LeftFalse_RightFalse;HandLeft_(-0.3, -0.4, -0.1)_(-0.1, 0.7, -0.6, 0.4)_1.012537_System.String[];HandLeft_(0.3, -0.6, -0.2)_(0.7, 0.4, -0.4, -0.4)_0.9825718_System.String[];HandRight_(-0.4, -0.2, -0.2)_(-0.2, 0.1, 0.2, -1.0)_1.012537_System.String[];HandRight_(0.4, -0.8, -0.1)_(-0.4, -0.5, -0.6, 0.5)_0.9825718_System.String[];19.1191;-0.2297;0.2059;27.0869;-30.5327;1.1814;1.0643;-49.9105;70.1324;357.6492;356.7992;300.8883;202.1911;357.6625;1.1258
0.0000;0.6748;False;False;27.2984;-30.9695;0.0058;-0.0150;-49.5615;70.0665;359.9047;359.9173;320.7233;188.6490;359.7467;0.6697;-1.2641;0.0065;-0.0161;2.7274;-6.5919;-2.5569;171537;71.49837;Infinity;2384.10;27.1130;-30.2696;1.1554;1.4515;-49.7170;69.7499;355.0336;352.3970;8.3803;194.4561;354.2418;359.8518;LeftFalse_RightFalse;LeftFalse_RightFalse;HandLeft_(-0.3, -0.4, -0.1)_(-0.1, 0.7, -0.6, 0.5)_1.012537_System.String[];HandLeft_(0.3, -0.6, -0.2)_(0.7, 0.4, -0.5, -0.3)_0.9825718_System.String[];HandRight_(-0.4, -0.2, -0.2)_(-0.2, 0.1, 0.2, -1.0)_1.012537_System.String[];HandRight_(0.4, -0.8, -0.1)_(-0.3, -0.5, -0.6, 0.5)_0.9825718_System.String[];19.1609;-0.2331;0.1811;26.9818;-30.5864;1.1811;1.0632;-49.7979;69.8494;357.8690;356.9836;300.0500;202.2579;357.8321;1.5621
0.0000;0.6524;False;False;27.1918;-31.0230;0.0061;-0.0156;-49.4485;69.7915;359.9021;359.9000;320.1549;189.6432;359.7414;0.6570;-1.3448;0.0066;-0.0128;2.6748;-6.6148;-2.5626;171540;71.74393;Infinity;2384.14;27.0077;-30.3295;1.1557;1.4511;-49.6054;69.4635;355.0359;352.3781;7.8130;195.4813;354.2363;359.8402;LeftFalse_RightFalse;LeftFalse_RightFalse;HandLeft_(-0.3, -0.4, -0.1)_(-0.1, 0.7, -0.5, 0.5)_1.012537_System.String[];HandLeft_(0.2, -0.6, -0.2)_(0.7, 0.4, -0.6, -0.3)_0.9825718_System.String[];HandRight_(-0.4, -0.2, -0.2)_(-0.2, 0.1, 0.2, -1.0)_1.012537_System.String[];HandRight_(0.4, -0.8, -0.1)_(-0.3, -0.5, -0.6, 0.5)_0.9825718_System.String[];19.2024;-0.2374;0.1547;26.8771;-30.6434;1.1810;1.0625;-49.6890;69.5678;358.0718;357.1432;298.8398;202.0885;358.0424;2.0587
0.0000;0.6344;False;False;27.0840;-31.0804;0.0064;-0.0161;-49.3369;69.5132;359.8996;359.8889;319.5778;190.5488;359.7346;0.6336;-1.4123;0.0075;-0.0102;2.6216;-6.6370;-2.5680;171543;71.63325;Infinity;2384.18;26.9013;-30.3932;1.1560;1.4509;-49.4952;69.1750;355.0384;352.3673;7.2380;196.4235;354.2302;359.8188;LeftFalse_RightFalse;LeftFalse_RightFalse;HandLeft_(-0.3, -0.4, -0.1)_(-0.1, 0.7, -0.5, 0.5)_1.012537_System.String[];HandLeft_(0.2, -0.6, -0.2)_(0.6, 0.4, -0.6, -0.2)_0.9825718_System.String[];HandRight_(-0.4, -0.2, -0.2)_(-0.2, 0.1, 0.2, -1.0)_1.012537_System.String[];HandRight_(0.4, -0.7, -0.1)_(-0.3, -0.5, -0.6, 0.5)_0.9825718_System.String[];19.2446;-0.2423;0.1252;26.7714;-30.7041;1.1809;1.0620;-49.5824;69.2837;358.2188;357.2247;297.0752;201.7626;358.3036;2.5467
0.0000;0.6212;False;False;26.9760;-31.1404;0.0067;-0.0165;-49.2277;69.2340;359.8991;359.8828;318.9956;191.3431;359.7269;0.6002;-1.4656;0.0070;-0.0081;2.5681;-6.6596;-2.5737;171546;71.53142;Infinity;2384.23;26.7950;-30.4592;1.1563;1.4509;-49.3875;68.8875;355.0434;352.3629;6.6595;197.2590;354.2238;359.7878;LeftFalse_RightFalse;LeftFalse_RightFalse;HandLeft_(-0.3, -0.4, -0.1)_(0.0, 0.7, -0.5, 0.5)_1.012537_System.String[];HandLeft_(0.2, -0.6, -0.2)_(0.6, 0.5, -0.6, -0.2)_0.9825718_System.String[];HandRight_(-0.4, -0.2, -0.2)_(-0.2, 0.1, 0.1, -1.0)_1.012537_System.String[];HandRight_(0.4, -0.7, -0.1)_(-0.2, -0.5, -0.6, 0.5)_0.9825718_System.String[];19.2866;-0.2476;0.0935;26.6656;-30.7670;1.1809;1.0617;-49.4786;68.9993;358.3559;357.3188;295.1616;201.2193;358.5709;2.9325
0.0000;0.6102;False;False;26.8683;-31.2022;0.0070;-0.0168;-49.1214;68.9553;359.9009;359.8803;318.4109;192.0167;359.7209;0.5592;-1.5085;0.0067;-0.0063;2.5149;-6.6824;-2.5789;171549;71.68277;Infinity;2384.27;26.6886;-30.5270;1.1566;1.4510;-49.2823;68.6007;355.0490;352.3635;6.0758;197.9792;354.2203;359.7486;LeftFalse_RightFalse;LeftFalse_RightFalse;HandLeft_(-0.3, -0.4, -0.1)_(-0.1, 0.7, -0.5, 0.5)_1.012537_System.String[];HandLeft_(0.2, -0.6, -0.2)_(0.6, 0.5, -0.6, -0.2)_0.9825718_System.String[];HandRight_(-0.4, -0.2, -0.2)_(-0.2, 0.1, 0.1, -1.0)_1.012537_System.String[];HandRight_(0.4, -0.7, -0.1)_(-0.2, -0.5, -0.6, 0.5)_0.9825718_System.String[];19.3284;-0.2523;0.0621;26.5595;-30.8317;1.1810;1.0612;-49.3770;68.7153;358.4104;357.5311;293.4513;200.5456;358.8525;3.3095
0.0000;0.5993;False;False;26.7597;-31.2661;0.0073;-0.0170;-49.0166;68.6735;359.9038;359.8800;317.8160;192.5695;359.7166;0.5107;-1.5378;0.0077;-0.0048;2.4616;-6.7062;-2.5837;171552;71.47964;Infinity;2384.31;26.5816;-30.5960;1.1569;1.4514;-49.1791;68.3135;355.0550;352.3675;5.4846;198.5801;354.2187;359.7024;LeftFalse_RightFalse;LeftFalse_RightFalse;HandLeft_(-0.3, -0.4, -0.1)_(-0.1, 0.7, -0.5, 0.5)_1.012537_System.String[];HandLeft_(0.2, -0.6, -0.1)_(0.6, 0.5, -0.7, -0.1)_0.9825718_System.String[];HandRight_(-0.4, -0.2, -0.2)_(-0.2, 0.1, 0.1, -1.0)_1.012537_System.String[];HandRight_(0.5, -0.7, -0.1)_(-0.2, -0.6, -0.5, 0.6)_0.9825718_System.String[];19.3704;-0.2563;0.0346;26.4532;-30.8976;1.1811;1.0607;-49.2770;68.4297;358.4291;357.8093;292.0784;199.7211;359.0843;3.5527
0.0000;0.5893;False;False;26.6516;-31.3305;0.0076;-0.0172;-48.9149;68.3927;359.9057;359.8814;317.2205;192.9901;359.7180;0.4569;-1.5566;0.0089;-0.0038;2.4086;-6.7301;-2.5878;171555;71.62012;Infinity;2384.35;26.4748;-30.6653;1.1573;1.4518;-49.0786;68.0275;355.0566;352.3740;4.8894;199.0519;354.2197;359.6501;LeftFalse_RightFalse;LeftFalse_RightFalse;HandLeft_(-0.3, -0.4, -0.1)_(0.0, 0.7, -0.5, 0.5)_1.012537_System.String[];HandLeft_(0.2, -0.7, -0.1)_(0.6, 0.4, -0.7, -0.1)_0.9825718_System.String[];HandRight_(-0.4, -0.2, -0.2)_(-0.3, 0.1, 0.1, -1.0)_1.012537_System.String[];HandRight_(0.5, -0.7, -0.1)_(-0.2, -0.6, -0.5, 0.6)_0.9825718_System.String[];19.4121;-0.2597;0.0101;26.3470;-30.9640;1.1813;1.0602;-49.1795;68.1445;358.5222;358.1792;290.9592;198.8827;359.4088;3.7498
0.0000;0.5788;False;False;26.5437;-31.3952;0.0080;-0.0174;-48.8157;68.1115;359.9093;359.8838;316.6231;193.2850;359.7233;0.3992;-1.5656;0.0091;-0.0027;2.3563;-6.7542;-2.5910;171558;71.78202;Infinity;2384.39;26.3681;-30.7341;1.1576;1.4524;-48.9809;67.7431;355.0548;352.3822;4.2922;199.3962;354.2253;359.5939;LeftFalse_RightFalse;LeftFalse_RightFalse;HandLeft_(-0.3, -0.4, -0.1)_(-0.1, 0.7, -0.5, 0.5)_1.012537_System.String[];HandLeft_(0.2, -0.7, -0.1)_(0.6, 0.4, -0.7, 0.1)_0.9825718_System.String[];HandRight_(-0.4, -0.2, -0.2)_(-0.3, 0.1, 0.1, -1.0)_1.012537_System.String[];HandRight_(0.4, -0.7, -0.1)_(0.0, -0.6, -0.5, 0.6)_0.9825718_System.String[];19.4539;-0.2624;-0.0129;26.2412;-31.0295;1.1815;1.0597;-49.0846;67.8600;358.6606;358.6102;289.9468;197.6727;359.7198;4.0482
0.0000;0.5694;False;False;26.4350;-31.4607;0.0084;-0.0175;-48.7181;67.8273;359.9155;359.8860;316.0193;193.4622;359.7277;0.3384;-1.5670;0.0089;-0.0015;2.3054;-6.7779;-2.5931;171561;71.60559;Infinity;2384.44;26.2610;-30.8025;1.1580;1.4530;-48.8851;67.4580;355.0552;352.3912;3.6902;199.6181;354.2323;359.5334;LeftFalse_RightFalse;LeftFalse_RightFalse;HandLeft_(-0.3, -0.4, -0.1)_(-0.1, 0.7, -0.5, 0.5)_1.012537_System.String[];HandLeft_(0.2, -0.7, -0.1)_(0.6, 0.4, -0.7, 0.1)_0.9825718_System.String[];HandRight_(-0.4, -0.2, -0.2)_(-0.3, 0.1, 0.1, -1.0)_1.012537_System.String[];HandRight_(0.4, -0.7, -0.1)_(0.0, -0.6, -0.5, 0.6)_0.9825718_System.String[];19.4958;-0.2649;-0.0373;26.1346;-31.0946;1.1818;1.0596;-48.9915;67.5742;358.7710;358.9008;288.9701;196.3546;359.9307;4.3544
0.0000;0.5622;False;False;26.3262;-31.5257;0.0087;-0.0175;-48.6228;67.5421;359.9214;359.8874;315.4149;193.5225;359.7355;0.2771;-1.5554;0.0073;-0.0010;2.2552;-6.8026;-2.5949;171564;71.56248;Infinity;2384.48;26.1532;-30.8702;1.1583;1.4537;-48.7910;67.1719;355.0548;352.3995;3.0841;199.7239;354.2413;359.4721;LeftFalse_RightFalse;LeftFalse_RightFalse;HandLeft_(-0.3, -0.4, -0.1)_(-0.1, 0.7, -0.4, 0.6)_1.012537_System.String[];HandLeft_(0.2, -0.7, -0.1)_(0.6, 0.4, -0.7, 0.2)_0.9825718_System.String[];HandRight_(-0.4, -0.2, -0.2)_(-0.3, 0.1, 0.1, -1.0)_1.012537_System.String[];HandRight_(0.4, -0.6, -0.2)_(0.1, -0.6, -0.5, 0.7)_0.9825718_System.String[];19.5378;-0.2677;-0.0582;26.0277;-31.1594;1.1820;1.0598;-48.9000;67.2869;358.8800;359.0421;287.9727;195.0530;0.0991;4.5946
0.0000;0.5570;False;False;26.2172;-31.5901;0.0089;-0.0175;-48.5295;67.2556;359.9251;359.8876;314.8089;193.4678;359.7400;0.2158;-1.5334;0.0051;-0.0008;2.2055;-6.8277;-2.5962;171567;71.51987;Infinity;2384.52;26.0457;-30.9362;1.1585;1.4545;-48.6994;66.8865;355.0534;352.4067;2.4782;199.7135;354.2488;359.4108;LeftFalse_RightFalse;LeftFalse_RightFalse;HandLeft_(-0.3, -0.4, -0.1)_(-0.1, 0.7, -0.4, 0.6)_1.012537_System.String[];HandLeft_(0.2, -0.7, -0.1)_(0.6, 0.4, -0.7, 0.1)_0.9825718_System.String[];HandRight_(-0.4, -0.2, -0.2)_(-0.3, 0.1, 0.1, -1.0)_1.012537_System.String[];HandRight_(0.4, -0.6, -0.2)_(0.1, -0.5, -0.4, 0.7)_0.9825718_System.String[];19.5798;-0.2711;-0.0798;25.9210;-31.2230;1.1821;1.0601;-48.8105;66.9996;358.9394;359.1259;287.1526;193.7573;0.1414;4.8156
0.0000;0.5532;False;False;26.1081;-31.6530;0.0091;-0.0176;-48.4385;66.9679;359.9275;359.8872;314.2011;193.2973;359.7433;0.1525;-1.4823;0.0038;-0.0010;2.1316;-6.8663;-2.5973;171570;71.47844;Infinity;2384.56;25.9381;-31.0001;1.1587;1.4552;-48.6098;66.6010;355.0526;352.4133;1.8708;199.5889;354.2532;359.3483;LeftFalse_RightFalse;LeftFalse_RightFalse;HandLeft_(-0.3, -0.4, -0.1)_(0.0, 0.7, -0.4, 0.6)_1.012537_System.String[];HandLeft_(0.2, -0.7, -0.1)_(0.6, 0.4, -0.7, 0.1)_0.9825718_System.String[];HandRight_(-0.4, -0.2, -0.2)_(-0.3, 0.1, 0.1, -1.0)_1.012537_System.String[];HandRight_(0.4, -0.6, -0.2)_(0.1, -0.5, -0.4, 0.7)_0.9825718_System.String[];19.6218;-0.2746;-0.0993;25.8145;-31.2845;1.1823;1.0602;-48.7227;66.7116;358.9632;359.3571;286.6285;192.2869;0.0857;4.9349
0.0000;0.5504;False;False;25.9999;-31.7139;0.0093;-0.0176;-48.3503;66.6813;359.9290;359.8857;313.5969;193.0236;359.7461;0.0891;-1.4376;0.0033;-0.0012;2.0824;-6.8925;-2.5976;171573;71.72932;Infinity;2384.60;25.8310;-31.0614;1.1589;1.4560;-48.5229;66.3171;355.0516;352.4190;1.2652;199.3578;354.2566;359.2844;LeftFalse_RightFalse;LeftFalse_RightFalse;HandLeft_(-0.3, -0.4, -0.1)_(0.0, 0.6, -0.5, 0.6)_1.012537_System.String[];HandLeft_(0.2, -0.7, -0.1)_(0.6, 0.5, -0.6, 0.0)_0.9825718_System.String[];HandRight_(-0.4, -0.2, -0.2)_(-0.3, 0.0, 0.1, -0.9)_1.012537_System.String[];HandRight_(0.4, -0.6, -0.2)_(0.1, -0.6, -0.3, 0.8)_0.9825718_System.String[];19.6636;-0.2783;-0.1151;25.7086;-31.3442;1.1824;1.0602;-48.6367;66.4248;358.9739;359.6541;286.5449;190.8113;0.0509;5.0663
0.0000;0.5484;False;False;25.8917;-31.7726;0.0094;-0.0177;-48.2643;66.3937;359.9300;359.8839;312.9909;192.6512;359.7484;0.0257;-1.3849;0.0031;-0.0013;2.0334;-6.9188;-2.5975;171576;71.86676;Infinity;2384.65;25.7243;-31.1197;1.1590;1.4567;-48.4383;66.0340;355.0506;352.4242;0.6597;199.0264;354.2591;359.2205;LeftFalse_RightFalse;LeftFalse_RightFalse;HandLeft_(-0.3, -0.4, -0.1)_(-0.1, 0.6, -0.5, 0.6)_1.012537_System.String[];HandLeft_(0.2, -0.7, -0.1)_(0.6, 0.6, -0.5, 0.0)_0.9825718_System.String[];HandRight_(-0.4, -0.2, -0.2)_(-0.3, 0.0, 0.1, -0.9)_1.012537_System.String[];HandRight_(0.4, -0.6, -0.2)_(0.2, -0.5, -0.3, 0.8)_0.9825718_System.String[];19.7051;-0.2819;-0.1284;25.6030;-31.4013;1.1827;1.0602;-48.5522;66.1387;358.9623;-0.0023;286.8463;189.4536;0.0920;5.0846
0.0000;0.5469;False;False;25.7832;-31.8291;0.0095;-0.0177;-48.1801;66.1040;359.9306;359.8817;312.3807;192.1882;359.7504;359.9636;-1.3258;0.0029;-0.0012;1.9847;-6.9451;-2.5969;171579;71.84605;Infinity;2384.69;25.6172;-31.1753;1.1591;1.4575;-48.3556;65.7498;355.0496;352.4289;0.0497;198.6004;354.2610;359.1573;LeftFalse_RightFalse;LeftFalse_RightFalse;HandLeft_(-0.3, -0.4, -0.1)_(-0.1, 0.7, -0.5, 0.6)_1.012537_System.String[];HandLeft_(0.2, -0.7, -0.1)_(0.6, 0.6, -0.4, 0.1)_0.9825718_System.String[];HandRight_(-0.4, -0.2, -0.2)_(-0.3, 0.0, 0.1, -0.9)_1.012537_System.String[];HandRight_(0.4, -0.6, -0.2)_(0.2, -0.5, -0.3, 0.8)_0.9825718_System.String[];19.7468;-0.2853;-0.1373;25.4973;-31.4559;1.1829;1.0601;-48.4694;65.8513;358.9457;0.2356;287.3310;188.1482;0.1672;5.0740
0.0000;0.5455;False;False;25.6745;-31.8832;0.0096;-0.0178;-48.0978;65.8125;359.9311;359.8793;311.7674;191.6499;359.7524;359.9051;-1.2637;0.0028;-0.0008;1.9366;-6.9713;-2.5957;171582;71.70816;Infinity;2384.73;25.5104;-31.2275;1.1592;1.4582;-48.2750;65.4657;355.0484;352.4332;359.4388;198.0948;354.2628;359.0971;LeftFalse_RightFalse;LeftFalse_RightFalse;HandLeft_(-0.3, -0.4, -0.1)_(-0.1, 0.7, -0.5, 0.6)_1.012537_System.String[];HandLeft_(0.2, -0.6, -0.1)_(0.6, 0.6, -0.5, 0.0)_0.9825718_System.String[];HandRight_(-0.4, -0.2, -0.2)_(-0.4, 0.0, 0.1, -0.9)_1.012537_System.String[];HandRight_(0.4, -0.6, -0.2)_(0.2, -0.5, -0.3, 0.8)_0.9825718_System.String[];19.7888;-0.2887;-0.1425;25.3920;-31.5078;1.1831;1.0602;-48.3888;65.5640;358.9613;0.4242;287.7086;186.9426;0.2256;5.0360
0.0000;0.5389;False;False;25.5663;-31.9342;0.0098;-0.0178;-48.0181;65.5214;359.9312;359.8764;311.1559;191.0568;359.7540;359.8514;-1.1978;0.0033;-0.0006;1.8889;-6.9971;-2.5939;171585;71.84674;Infinity;2384.77;25.4035;-31.2766;1.1593;1.4589;-48.1965;65.1810;355.0472;352.4364;358.8260;197.5253;354.2643;359.0412;LeftFalse_RightFalse;LeftFalse_RightFalse;HandLeft_(-0.3, -0.4, -0.1)_(-0.1, 0.7, -0.5, 0.6)_1.012537_System.String[];HandLeft_(0.2, -0.6, -0.1)_(0.7, 0.6, -0.5, 0.0)_0.9825718_System.String[];HandRight_(-0.4, -0.2, -0.2)_(-0.4, 0.0, 0.1, -0.9)_1.012537_System.String[];HandRight_(0.4, -0.6, -0.2)_(0.2, -0.4, -0.3, 0.8)_0.9825718_System.String[];19.8306;-0.2919;-0.1457;25.2865;-31.5564;1.1833;1.0604;-48.3102;65.2759;358.9593;0.4845;287.9701;185.8528;0.3128;5.0393
0.0000;0.5196;False;False;25.4582;-31.9824;0.0099;-0.0178;-47.9404;65.2290;359.9305;359.8734;310.5426;190.4202;359.7531;359.8020;-1.1286;0.0043;-0.0002;1.8417;-7.0215;-2.5913;171588;71.89552;Infinity;2384.81;25.2970;-31.3223;1.1595;1.4595;-48.1202;64.8963;355.0466;352.4388;358.2133;196.9082;354.2640;358.9901;LeftFalse_RightFalse;LeftFalse_RightFalse;HandLeft_(-0.3, -0.4, -0.1)_(-0.1, 0.7, -0.5, 0.6)_1.012537_System.String[];HandLeft_(0.2, -0.6, -0.1)_(0.7, 0.6, -0.5, 0.0)_0.9825718_System.String[];HandRight_(-0.4, -0.2, -0.2)_(-0.4, 0.0, 0.1, -0.9)_1.012537_System.String[];HandRight_(0.4, -0.6, -0.2)_(0.2, -0.4, -0.3, 0.8)_0.9825718_System.String[];19.8723;-0.2947;-0.1469;25.1814;-31.6020;1.1835;1.0606;-48.2339;64.9881;358.9386;0.4806;288.0725;184.7678;0.3791;5.0806
0.0000;0.4773;False;False;25.3492;-32.0279;0.0101;-0.0178;-47.8640;64.9329;359.9307;359.8718;309.9224;189.7471;359.7491;359.7573;-1.0567;0.0051;0.0008;1.7952;-7.0421;-2.5879;171591;71.65466;Infinity;2384.85;25.1897;-31.3651;1.1597;1.4601;-48.0452;64.6083;355.0490;352.4418;357.5935;196.2500;354.2617;358.9429;LeftFalse_RightFalse;LeftFalse_RightFalse;HandLeft_(-0.3, -0.4, -0.1)_(0.0, 0.7, -0.5, 0.6)_1.012537_System.String[];HandLeft_(0.2, -0.6, -0.1)_(0.7, 0.5, -0.5, 0.0)_0.9825718_System.String[];HandRight_(-0.4, -0.2, -0.2)_(-0.4, 0.0, 0.1, -0.9)_1.012537_System.String[];HandRight_(0.4, -0.6, -0.2)_(0.2, -0.4, -0.3, 0.8)_0.9825718_System.String[];19.9143;-0.2970;-0.1471;25.0758;-31.6450;1.1838;1.0612;-48.1589;64.6968;358.9572;0.4243;288.1472;183.7085;0.3894;5.1057
0.0000;0.4007;False;False;25.2398;-32.0704;0.0103;-0.0178;-47.7892;64.6344;359.9313;359.8718;309.2988;189.0510;359.7438;359.7181;-0.9821;0.0056;0.0012;1.7498;-7.0566;-2.5838;171594;71.23151;Infinity;2384.90;25.0825;-31.4045;1.1599;1.4606;-47.9723;64.3196;355.0530;352.4457;356.9734;195.5678;354.2587;358.9020;LeftFalse_RightFalse;LeftFalse_RightFalse;HandLeft_(-0.3, -0.4, -0.1)_(0.0, 0.7, -0.5, 0.6)_1.012537_System.String[];HandLeft_(0.2, -0.6, -0.1)_(0.7, 0.5, -0.6, 0.1)_0.9825718_System.String[];HandRight_(-0.4, -0.2, -0.2)_(-0.4, 0.0, 0.1, -0.9)_1.012537_System.String[];HandRight_(0.4, -0.6, -0.2)_(0.2, -0.4, -0.3, 0.8)_0.9825718_System.String[];19.9565;-0.2979;-0.1471;24.9702;-31.6847;1.1841;1.0618;-48.0859;64.4048;358.9232;0.3795;288.1387;182.6963;0.3324;5.1187
0.0000;0.2966;False;False;25.1316;-32.1092;0.0106;-0.0177;-47.7172;64.3385;359.9321;359.8737;308.6835;188.3512;359.7384;359.6846;-0.9046;0.0060;0.0015;1.7057;-7.0598;-2.5789;171597;71.42197;Infinity;2384.94;24.9755;-31.4404;1.1602;1.4611;-47.9012;64.0302;355.0575;352.4509;356.3539;194.8712;354.2556;358.8667;LeftFalse_RightFalse;LeftFalse_RightFalse;HandLeft_(-0.3, -0.4, -0.1)_(0.0, 0.7, -0.5, 0.6)_1.012537_System.String[];HandLeft_(0.2, -0.6, -0.1)_(0.6, 0.5, -0.6, 0.0)_0.9825718_System.String[];HandRight_(-0.4, -0.2, -0.2)_(-0.4, 0.0, 0.1, -0.9)_1.012537_System.String[];HandRight_(0.4, -0.6, -0.2)_(0.2, -0.4, -0.3, 0.8)_0.9825718_System.String[];19.9985;-0.2979;-0.1471;24.8646;-31.7208;1.1844;1.0622;-48.0150;64.1119;358.9413;0.3791;287.8850;181.8175;0.2051;5.0111
0.0000;0.2162;False;False;25.0232;-32.1447;0.0108;-0.0176;-47.6467;64.0416;359.9331;359.8783;308.0691;187.6443;359.7333;359.6559;-0.7834;0.0062;0.0017;1.6416;-7.0380;-2.5701;171600;71.34748;Infinity;2384.98;24.8691;-31.4728;1.1604;1.4615;-47.8323;63.7421;355.0620;352.4579;355.7404;194.1710;354.2527;358.8369;LeftFalse_RightFalse;LeftFalse_RightFalse;HandLeft_(-0.3, -0.4, -0.1)_(0.0, 0.7, -0.5, 0.6)_1.012537_System.String[];HandLeft_(0.2, -0.6, -0.1)_(0.6, 0.6, -0.5, 0.0)_0.9825718_System.String[];HandRight_(-0.4, -0.2, -0.2)_(-0.4, 0.0, 0.1, -0.9)_1.012537_System.String[];HandRight_(0.4, -0.6, -0.2)_(0.2, -0.4, -0.3, 0.8)_0.9825718_System.String[];20.0408;-0.2979;-0.1465;24.7594;-31.7535;1.1842;1.0627;-47.9477;63.8203;359.0822;0.4630;286.8968;181.1815;0.1562;4.8815
0.0000;0.1576;False;False;24.9162;-32.1762;0.0111;-0.0175;-47.5788;63.7486;359.9342;359.8853;307.4660;186.9465;359.7285;359.6324;-0.7023;0.0063;0.0019;1.6000;-7.0102;-2.5635;171603;71.65969;Infinity;2385.02;24.7634;-31.5014;1.1607;1.4619;-47.7655;63.4559;355.0664;352.4668;355.1338;193.4729;354.2502;358.8123;LeftFalse_RightFalse;LeftFalse_RightFalse;HandLeft_(-0.3, -0.4, -0.1)_(0.0, 0.7, -0.5, 0.6)_1.012537_System.String[];HandLeft_(0.2, -0.7, -0.1)_(0.6, 0.6, -0.5, 0.0)_0.9825718_System.String[];HandRight_(-0.4, -0.2, -0.2)_(-0.4, 0.0, 0.1, -0.9)_1.012537_System.String[];HandRight_(0.4, -0.6, -0.2)_(0.2, -0.4, -0.3, 0.8)_0.9825718_System.String[];20.0823;-0.2979;-0.1434;24.6546;-31.7827;1.1840;1.0634;-47.8838;63.5307;359.2384;0.5002;285.1371;180.6854;0.2407;4.8435
0.0000;0.1149;False;False;24.8079;-32.2046;0.0114;-0.0175;-47.5118;63.4530;359.9355;359.8941;306.8599;186.2475;359.7242;359.6137;-0.6230;0.0069;0.0021;1.5590;-6.9741;-2.5563;171606;71.30527;Infinity;2385.06;24.6576;-31.5267;1.1610;1.4622;-47.7002;63.1697;355.0705;352.4772;354.5300;192.7773;354.2479;358.7928;LeftFalse_RightFalse;LeftFalse_RightFalse;HandLeft_(-0.3, -0.4, -0.1)_(0.0, 0.7, -0.5, 0.6)_1.012537_System.String[];HandLeft_(0.2, -0.7, -0.1)_(0.6, 0.6, -0.5, 0.0)_0.9825718_System.String[];HandRight_(-0.4, -0.2, -0.2)_(-0.4, 0.0, 0.1, -0.9)_1.012537_System.String[];HandRight_(0.4, -0.6, -0.2)_(0.2, -0.4, -0.3, 0.8)_0.9825718_System.String[];20.1245;-0.2979;-0.1389;24.5498;-31.8086;1.1839;1.0641;-47.8218;63.2411;359.4414;0.4962;283.1033;180.1584;0.3218;4.8854
0.0000;0.0838;False;False;24.7016;-32.2293;0.0117;-0.0174;-47.4475;63.1631;359.9380;359.9038;306.2677;185.5736;359.7234;359.6007;-0.5465;0.0069;0.0023;1.5187;-6.9321;-2.5487;171609;71.63419;Infinity;2385.11;24.5521;-31.5486;1.1613;1.4624;-47.6367;62.8851;355.0736;352.4883;353.9319;192.0949;354.2480;358.7788;LeftFalse_RightFalse;LeftFalse_RightFalse;HandLeft_(-0.3, -0.4, -0.1)_(0.0, 0.7, -0.5, 0.6)_1.012537_System.String[];HandLeft_(0.2, -0.7, -0.1)_(0.6, 0.6, -0.5, 0.0)_0.9825718_System.String[];HandRight_(-0.4, -0.2, -0.2)_(-0.4, 0.0, 0.1, -0.9)_1.012537_System.String[];HandRight_(0.4, -0.6, -0.2)_(0.2, -0.4, -0.3, 0.8)_0.9825718_System.String[];20.1663;-0.2979;-0.1334;24.4451;-31.8309;1.1839;1.0647;-47.7615;62.9530;359.5137;0.4253;281.2185;179.5832;0.3593;4.8460
0.0000;0.0611;False;False;24.5947;-32.2509;0.0120;-0.0173;-47.3845;62.8729;359.9402;359.9144;305.6770;184.9168;359.7271;359.5931;-0.4737;0.0067;0.0026;1.4790;-6.8858;-2.5408;171612;71.60039;Infinity;2385.15;24.4468;-31.5672;1.1616;1.4626;-47.5750;62.6019;355.0735;352.4997;353.3390;191.4310;354.2513;358.7706;LeftFalse_RightFalse;LeftFalse_RightFalse;HandLeft_(-0.3, -0.4, -0.1)_(0.0, 0.7, -0.5, 0.6)_1.012537_System.String[];HandLeft_(0.2, -0.7, -0.1)_(0.6, 0.6, -0.5, 0.1)_0.9825718_System.String[];HandRight_(-0.4, -0.2, -0.2)_(-0.4, 0.0, 0.1, -0.9)_1.012537_System.String[];HandRight_(0.4, -0.6, -0.2)_(0.2, -0.4, -0.4, 0.8)_0.9825718_System.String[];20.2083;-0.2979;-0.1275;24.3409;-31.8500;1.1840;1.0652;-47.7025;62.6662;359.5312;0.2695;279.7419;178.9032;0.3566;4.7962
0.0000;0.0445;False;False;24.4886;-32.2693;0.0122;-0.0172;-47.3233;62.5858;359.9420;359.9249;305.0940;184.2876;359.7329;359.5900;-0.4037;0.0065;0.0028;1.4400;-6.8367;-2.5324;171615;71.6209;Infinity;2385.19;24.3426;-31.5827;1.1618;1.4627;-47.5154;62.3223;355.0710;352.5107;352.7556;190.7955;354.2563;358.7671;LeftFalse_RightFalse;LeftFalse_RightFalse;HandLeft_(-0.3, -0.4, -0.1)_(0.0, 0.7, -0.5, 0.6)_1.012537_System.String[];HandLeft_(0.2, -0.7, -0.1)_(0.6, 0.6, -0.5, 0.1)_0.9825718_System.String[];HandRight_(-0.4, -0.2, -0.2)_(-0.4, 0.0, 0.1, -0.9)_1.012537_System.String[];HandRight_(0.4, -0.6, -0.2)_(0.2, -0.4, -0.4, 0.8)_0.9825718_System.String[];20.2500;-0.2979;-0.1212;24.2378;-31.8661;1.1841;1.0654;-47.6450;62.3834;359.6030;0.2702;278.7462;178.1855;0.3468;4.6776
0.0000;0.0325;False;False;24.3826;-32.2848;0.0125;-0.0170;-47.2637;62.3003;359.9427;359.9349;304.5152;183.6854;359.7406;359.5913;-0.3381;0.0050;0.0029;1.4019;-6.7852;-2.5238;171618;71.61958;Infinity;2385.23;24.2378;-31.5954;1.1621;1.4627;-47.4570;62.0421;355.0667;352.5209;352.1725;190.1810;354.2621;358.7681;LeftFalse_RightFalse;LeftFalse_RightFalse;HandLeft_(-0.3, -0.4, -0.1)_(0.0, 0.7, -0.5, 0.6)_1.012537_System.String[];HandLeft_(0.2, -0.7, -0.1)_(0.6, 0.6, -0.5, 0.1)_0.9825718_System.String[];HandRight_(-0.4, -0.2, -0.2)_(-0.4, 0.0, 0.1, -0.9)_1.012537_System.String[];HandRight_(0.4, -0.6, -0.2)_(0.2, -0.4, -0.4, 0.8)_0.9825718_System.String[];20.2920;-0.2979;-0.1137;24.1344;-31.8800;1.1842;1.0653;-47.5883;62.1001;359.6295;0.4120;278.0660;177.6154;0.4521;4.4828
0.0000;0.0237;False;False;24.2777;-32.2975;0.0127;-0.0169;-47.2062;62.0189;359.9419;359.9439;303.9457;183.1198;359.7489;359.5971;-0.2781;0.0044;0.0029;1.3645;-6.7321;-2.5148;171621;71.80695;Infinity;2385.27;24.1344;-31.6054;1.1622;1.4628;-47.4008;61.7665;355.0603;352.5297;351.6006;189.6029;354.2674;358.7733;LeftFalse_RightFalse;LeftFalse_RightFalse;HandLeft_(-0.3, -0.4, -0.1)_(0.0, 0.7, -0.5, 0.6)_1.012537_System.String[];HandLeft_(0.2, -0.7, -0.1)_(0.6, 0.6, -0.6, 0.1)_0.9825718_System.String[];HandRight_(-0.4, -0.2, -0.2)_(-0.4, 0.0, 0.1, -0.9)_1.012537_System.String[];HandRight_(0.4, -0.6, -0.2)_(0.2, -0.4, -0.4, 0.8)_0.9825718_System.String[];20.3337;-0.2979;-0.1044;24.0326;-31.8914;1.1843;1.0652;-47.5335;61.8217;359.6145;0.5230;277.4937;177.2086;0.6511;4.3486
0.0000;0.0172;False;False;24.1732;-32.3077;0.0128;-0.0168;-47.1502;61.7398;359.9402;359.9518;303.3815;182.5907;359.7575;359.6069;-0.2230;0.0040;0.0028;1.3278;-6.6781;-2.5053;171624;71.90019;Infinity;2385.32;24.0314;-31.6130;1.1624;1.4627;-47.3462;61.4930;355.0530;352.5370;351.0343;189.0605;354.2721;358.7830;LeftFalse_RightFalse;LeftFalse_RightFalse;HandLeft_(-0.3, -0.4, -0.1)_(0.0, 0.7, -0.5, 0.6)_1.012537_System.String[];HandLeft_(0.2, -0.7, -0.1)_(0.6, 0.6, -0.6, 0.1)_0.9825718_System.String[];HandRight_(-0.4, -0.2, -0.2)_(-0.4, 0.0, 0.1, -0.9)_1.012537_System.String[];HandRight_(0.4, -0.6, -0.2)_(0.2, -0.4, -0.4, 0.8)_0.9825718_System.String[];20.3755;-0.2979;-0.0939;23.9311;-31.9005;1.1843;1.0651;-47.4802;61.5456;359.5960;0.5078;276.9455;176.9664;0.7623;4.2789
0.0000;0.0126;False;False;24.0682;-32.3159;0.0130;-0.0167;-47.0953;61.4606;359.9378;359.9588;302.8177;182.0980;359.7662;359.6208;-0.1752;0.0038;0.0027;1.2918;-6.6235;-2.4954;171627;71.57974;Infinity;2385.36;23.9288;-31.6185;1.1625;1.4627;-47.2931;61.2212;355.0452;352.5428;350.4729;188.5561;354.2763;358.7961;LeftFalse_RightFalse;LeftFalse_RightFalse;HandLeft_(-0.3, -0.4, -0.1)_(0.0, 0.7, -0.5, 0.6)_1.012537_System.String[];HandLeft_(0.2, -0.7, -0.1)_(0.6, 0.6, -0.6, 0.1)_0.9825718_System.String[];HandRight_(-0.4, -0.2, -0.2)_(-0.4, 0.0, 0.1, -0.9)_1.012537_System.String[];HandRight_(0.4, -0.6, -0.2)_(0.1, -0.4, -0.4, 0.8)_0.9825718_System.String[];20.4175;-0.2979;-0.0829;23.8303;-31.9075;1.1844;1.0651;-47.4279;61.2712;359.5674;0.2817;276.5848;176.7430;0.7310;4.2933
0.0000;0.0092;False;False;23.9636;-32.3222;0.0131;-0.0166;-47.0420;61.1839;359.9362;359.9648;302.2591;181.6509;359.7724;359.6386;-0.1334;0.0028;0.0025;1.2568;-6.5686;-2.4852;171630;71.47397;Infinity;2385.40;23.8253;-31.6222;1.1626;1.4625;-47.2409;60.9478;355.0385;352.5473;349.9098;188.0898;354.2797;358.8137;LeftFalse_RightFalse;LeftFalse_RightFalse;HandLeft_(-0.3, -0.4, -0.1)_(0.0, 0.7, -0.5, 0.6)_1.012537_System.String[];HandLeft_(0.2, -0.7, -0.1)_(0.5, 0.6, -0.6, 0.0)_0.9825718_System.String[];HandRight_(-0.4, -0.2, -0.2)_(-0.4, 0.0, 0.1, -0.9)_1.012537_System.String[];HandRight_(0.4, -0.6, -0.2)_(0.1, -0.5, -0.4, 0.8)_0.9825718_System.String[];20.4595;-0.2979;-0.0735;23.7285;-31.9128;1.1845;1.0650;-47.3753;60.9953;359.5318;0.0669;276.6247;176.3740;0.7029;4.3156
0.0000;0.0067;False;False;23.8604;-32.3267;0.0132;-0.0165;-46.9907;60.9119;359.9351;359.9697;301.7105;181.2536;359.7774;359.6590;-0.0784;0.0023;0.0025;1.2054;-6.4859;-2.4693;171633;71.73134;Infinity;2385.44;23.7233;-31.6244;1.1627;1.4624;-47.1907;60.6791;355.0338;352.5504;349.3575;187.6737;354.2824;358.8341;LeftFalse_RightFalse;LeftFalse_RightFalse;HandLeft_(-0.3, -0.4, -0.1)_(0.0, 0.7, -0.5, 0.6)_1.012537_System.String[];HandLeft_(0.2, -0.7, -0.1)_(0.5, 0.6, -0.6, 0.0)_0.9825718_System.String[];HandRight_(-0.4, -0.2, -0.2)_(-0.4, 0.0, 0.1, -0.9)_1.012537_System.String[];HandRight_(0.4, -0.6, -0.2)_(0.1, -0.5, -0.4, 0.7)_0.9825718_System.String[];20.5010;-0.2979;-0.0657;23.6282;-31.9164;1.1847;1.0647;-47.3242;60.7244;359.5092;0.0280;276.9625;175.9097;0.6769;4.2507
0.0000;0.0049;False;False;23.7570;-32.3297;0.0133;-0.0164;-46.9405;60.6406;359.9343;359.9737;301.1633;180.8951;359.7817;359.6803;-0.0453;0.0021;0.0026;1.1719;-6.4307;-2.4583;171636;71.58126;Infinity;2385.48;23.6220;-31.6253;1.1628;1.4622;-47.1420;60.4129;355.0298;352.5523;348.8115;187.3009;354.2848;358.8556;LeftFalse_RightFalse;LeftFalse_RightFalse;HandLeft_(-0.3, -0.4, -0.1)_(0.0, 0.7, -0.5, 0.6)_1.012537_System.String[];HandLeft_(0.2, -0.7, -0.1)_(0.5, 0.5, -0.6, 0.1)_0.9825718_System.String[];HandRight_(-0.4, -0.2, -0.2)_(-0.4, 0.0, 0.1, -0.9)_1.012537_System.String[];HandRight_(0.4, -0.6, -0.2)_(0.1, -0.5, -0.4, 0.7)_0.9825718_System.String[];20.5430;-0.2979;-0.0608;23.5288;-31.9184;1.1848;1.0644;-47.2744;60.4562;359.4989;0.0633;277.5932;175.4369;0.6354;4.1273
0.0000;0.0036;False;False;23.6523;-32.3313;0.0134;-0.0163;-46.8910;60.3672;359.9336;359.9768;300.6122;180.5671;359.7857;359.7022;-0.0138;0.0021;0.0027;1.1390;-6.3756;-2.4471;171639;70.96648;Infinity;2385.53;23.5193;-31.6250;1.1628;1.4620;-47.0939;60.1436;355.0263;352.5533;348.2602;186.9594;354.2870;358.8778;LeftFalse_RightFalse;LeftFalse_RightFalse;HandLeft_(-0.3, -0.4, -0.1)_(0.0, 0.7, -0.5, 0.6)_1.012537_System.String[];HandLeft_(0.2, -0.7, -0.1)_(0.5, 0.5, -0.7, 0.1)_0.9825718_System.String[];HandRight_(-0.4, -0.2, -0.2)_(-0.4, 0.0, 0.1, -0.9)_1.012537_System.String[];HandRight_(0.4, -0.6, -0.2)_(0.1, -0.5, -0.5, 0.7)_0.9825718_System.String[];20.5857;-0.2979;-0.0582;23.4279;-31.9194;1.1850;1.0641;-47.2245;60.1852;359.4688;0.1108;278.4096;175.0900;0.5597;3.9315
0.0000;-0.0093;False;False;23.5497;-32.3314;0.0135;-0.0161;-46.8437;60.1003;359.9331;359.9791;300.0744;180.2721;359.7894;359.7226;0.0171;0.0021;0.0027;1.1066;-6.3206;-2.4355;171642;71.1693;Infinity;2385.57;23.4177;-31.6234;1.1629;1.4618;-47.0475;59.8780;355.0232;352.5536;347.7174;186.6512;354.2892;358.8992;LeftFalse_RightFalse;LeftFalse_RightFalse;HandLeft_(-0.3, -0.4, -0.1)_(0.0, 0.7, -0.5, 0.6)_1.012537_System.String[];HandLeft_(0.2, -0.7, -0.1)_(0.5, 0.6, -0.6, 0.1)_0.9825718_System.String[];HandRight_(-0.4, -0.2, -0.2)_(-0.4, 0.0, 0.1, -0.9)_1.012537_System.String[];HandRight_(0.4, -0.6, -0.2)_(0.0, -0.5, -0.5, 0.7)_0.9825718_System.String[];20.6277;-0.2979;-0.0577;23.3280;-31.9189;1.1851;1.0639;-47.1764;59.9181;359.4583;0.0859;279.1006;174.8691;0.5404;3.7735
0.0000;-0.0894;False;False;23.4482;-32.3303;0.0136;-0.0160;-46.7981;59.8374;359.9327;359.9812;299.5446;179.9985;359.7929;359.7409;0.0471;0.0021;0.0026;1.0748;-6.2573;-2.4237;171645;71.50513;Infinity;2385.61;23.3174;-31.6207;1.1630;1.4617;-47.0028;59.6168;355.0202;352.5534;347.1840;186.3682;354.2913;358.9186;LeftFalse_RightFalse;LeftFalse_RightFalse;HandLeft_(-0.3, -0.4, -0.1)_(0.0, 0.7, -0.5, 0.6)_1.012537_System.String[];HandLeft_(0.2, -0.7, -0.1)_(0.5, 0.6, -0.6, 0.1)_0.9825718_System.String[];HandRight_(-0.4, -0.2, -0.2)_(-0.4, 0.0, 0.2, -0.9)_1.012537_System.String[];HandRight_(0.4, -0.6, -0.2)_(0.0, -0.5, -0.4, 0.7)_0.9825718_System.String[];20.6694;-0.2979;-0.0573;23.2293;-31.9169;1.1853;1.0637;-47.1300;59.6556;359.4790;359.9746;279.7144;174.6856;0.4738;3.7421
0.0000;-0.1732;False;False;23.3465;-32.3278;0.0137;-0.0159;-46.7535;59.5759;359.9323;359.9861;299.0158;179.7374;359.7962;359.7577;0.0752;0.0021;0.0024;1.0437;-6.1677;-2.4116;171648;71.36402;Infinity;2385.65;23.2176;-31.6168;1.1631;1.4616;-46.9595;59.3582;355.0175;352.5551;346.6553;186.1013;354.2933;358.9362;LeftFalse_RightFalse;LeftFalse_RightFalse;HandLeft_(-0.3, -0.4, -0.1)_(0.0, 0.7, -0.5, 0.6)_1.012537_System.String[];HandLeft_(0.2, -0.7, -0.1)_(0.5, 0.6, -0.6, 0.1)_0.9825718_System.String[];HandRight_(-0.4, -0.2, -0.2)_(-0.4, 0.0, 0.2, -0.9)_1.012537_System.String[];HandRight_(0.4, -0.6, -0.2)_(0.0, -0.5, -0.5, 0.7)_0.9825718_System.String[];20.7117;-0.2979;-0.0572;23.1310;-31.9135;1.1855;1.0639;-47.0849;59.3961;359.4877;359.7969;280.3145;174.4514;0.2647;3.7971
0.0000;-0.2252;False;False;23.2459;-32.3241;0.0138;-0.0158;-46.7105;59.3205;359.9320;-0.0043;298.4949;179.4896;359.7995;359.7730;0.1013;0.0021;0.0024;1.0130;-6.0535;-2.3993;171651;71.54327;Infinity;2385.69;23.1182;-31.6118;1.1631;1.4614;-46.9175;59.1030;355.0148;352.5613;346.1306;185.8467;354.2953;358.9530;LeftFalse_RightFalse;LeftFalse_RightFalse;HandLeft_(-0.3, -0.4, -0.1)_(0.0, 0.7, -0.5, 0.6)_1.012537_System.String[];HandLeft_(0.2, -0.7, -0.1)_(0.5, 0.6, -0.6, 0.1)_0.9825718_System.String[];HandRight_(-0.4, -0.2, -0.2)_(-0.4, 0.0, 0.2, -0.9)_1.012537_System.String[];HandRight_(0.4, -0.6, -0.2)_(0.0, -0.5, -0.5, 0.7)_0.9825718_System.String[];20.7534;-0.2979;-0.0572;23.0333;-31.9089;1.1857;1.0641;-47.0407;59.1401;359.4894;359.6192;281.0744;174.0872;359.9459;3.8570
0.0000;-0.2612;False;False;23.1454;-32.3194;0.0139;-0.0157;-46.6687;59.0695;359.9313;0.0096;297.9769;179.2503;359.8018;359.7869;0.1255;0.0028;0.0025;0.9831;-5.9245;-2.3866;171654;71.46716;Infinity;2385.74;23.0195;-31.6057;1.1632;1.4613;-46.8768;58.8535;355.0123;352.5722;345.6121;185.6030;354.2972;358.9687;LeftFalse_RightFalse;LeftFalse_RightFalse;HandLeft_(-0.3, -0.4, -0.1)_(0.0, 0.7, -0.5, 0.6)_1.012537_System.String[];HandLeft_(0.2, -0.7, -0.1)_(0.5, 0.6, -0.6, 0.1)_0.9825718_System.String[];HandRight_(-0.4, -0.2, -0.2)_(-0.4, 0.0, 0.2, -0.9)_1.012537_System.String[];HandRight_(0.4, -0.6, -0.2)_(0.0, -0.5, -0.5, 0.7)_0.9825718_System.String[];20.7954;-0.2977;-0.0572;22.9366;-31.9031;1.1859;1.0641;-46.9973;58.8899;359.5096;359.5042;282.1442;173.6193;359.6769;3.8868
0.0000;-0.2852;False;False;23.0456;-32.3136;0.0140;-0.0156;-46.6282;58.8246;359.9302;0.0261;297.4640;179.0192;359.8004;359.7991;0.1477;0.0038;0.0025;0.9541;-5.7851;-2.3733;171657;71.46083;Infinity;2385.78;22.9213;-31.5987;1.1634;1.4612;-46.8374;58.6092;355.0118;352.5866;345.0979;185.3677;354.2960;358.9833;LeftFalse_RightFalse;LeftFalse_RightFalse;HandLeft_(-0.3, -0.4, -0.1)_(0.0, 0.7, -0.5, 0.6)_1.012537_System.String[];HandLeft_(0.2, -0.7, -0.1)_(0.5, 0.6, -0.6, 0.1)_0.9825718_System.String[];HandRight_(-0.4, -0.2, -0.2)_(-0.4, 0.0, 0.2, -0.9)_1.012537_System.String[];HandRight_(0.4, -0.6, -0.2)_(0.0, -0.5, -0.5, 0.7)_0.9825718_System.String[];20.8374;-0.2961;-0.0572;22.8404;-31.8960;1.1861;1.0640;-46.9549;58.6451;359.4555;359.4555;283.4268;173.0854;359.4560;3.9034
0.0000;-0.3131;False;False;22.9461;-32.3068;0.0142;-0.0155;-46.5889;58.5855;359.9292;0.0442;296.9562;178.7950;359.7982;359.8104;0.1680;0.0042;0.0025;0.9264;-5.6386;-2.3597;171660;71.36182;Infinity;2385.82;22.8236;-31.5908;1.1635;1.4610;-46.7991;58.3710;355.0127;352.6029;344.5893;185.1400;354.2937;358.9967;LeftFalse_RightFalse;LeftFalse_RightFalse;HandLeft_(-0.3, -0.4, -0.1)_(0.0, 0.7, -0.5, 0.6)_1.012537_System.String[];HandLeft_(0.2, -0.7, -0.1)_(0.5, 0.6, -0.6, 0.1)_0.9825718_System.String[];HandRight_(-0.4, -0.2, -0.2)_(-0.4, 0.0, 0.1, -0.9)_1.012537_System.String[];HandRight_(0.4, -0.6, -0.2)_(0.0, -0.5, -0.5, 0.7)_0.9825718_System.String[];20.8794;-0.2935;-0.0583;22.7450;-31.8881;1.1864;1.0640;-46.9134;58.4064;359.3984;359.3870;285.0090;172.5643;359.2605;3.9196
0.0000;-0.3926;False;False;22.8473;-32.2992;0.0144;-0.0154;-46.5508;58.3533;359.9281;0.0626;296.4565;178.5764;359.7957;359.8209;0.1962;0.0046;0.0027;0.8872;-5.4004;-2.3387;171663;71.32157;Infinity;2385.86;22.7261;-31.5820;1.1637;1.4609;-46.7619;58.1383;355.0137;352.6200;344.0859;184.9176;354.2913;359.0096;LeftFalse_RightFalse;LeftFalse_RightFalse;HandLeft_(-0.3, -0.4, -0.1)_(0.0, 0.7, -0.5, 0.6)_1.012537_System.String[];HandLeft_(0.2, -0.7, -0.1)_(0.5, 0.6, -0.6, 0.1)_0.9825718_System.String[];HandRight_(-0.4, -0.2, -0.2)_(-0.4, 0.0, 0.1, -0.9)_1.012537_System.String[];HandRight_(0.4, -0.6, -0.2)_(0.0, -0.5, -0.5, 0.7)_0.9825718_System.String[];20.9216;-0.2895;-0.0612;22.6499;-31.8793;1.1866;1.0639;-46.8729;58.1733;359.3573;359.2474;286.5980;172.0749;359.1191;3.9452
0.0000;-0.5076;False;False;22.7487;-32.2908;0.0146;-0.0153;-46.5137;58.1279;359.9270;0.0825;295.9642;178.3604;359.7935;359.8302;0.2131;0.0047;0.0028;0.8626;-5.2052;-2.3243;171666;71.22212;Infinity;2385.90;22.6291;-31.5725;1.1639;1.4608;-46.7257;57.9124;355.0147;352.6380;343.5905;184.6992;354.2889;359.0215;LeftFalse_RightFalse;LeftFalse_RightFalse;HandLeft_(-0.3, -0.4, -0.1)_(0.0, 0.7, -0.5, 0.6)_1.012537_System.String[];HandLeft_(0.2, -0.7, -0.1)_(0.5, 0.6, -0.6, 0.1)_0.9825718_System.String[];HandRight_(-0.4, -0.2, -0.2)_(-0.4, 0.0, 0.2, -0.9)_1.012537_System.String[];HandRight_(0.4, -0.6, -0.2)_(0.0, -0.5, -0.5, 0.7)_0.9825718_System.String[];20.9639;-0.2861;-0.0652;22.5556;-31.8698;1.1869;1.0638;-46.8329;57.9471;359.3023;359.1218;288.3992;171.6394;358.9734;3.9455
0.0000;-0.5350;False;False;22.6518;-32.2817;0.0148;-0.0152;-46.4780;57.9139;359.9259;0.1088;295.4868;178.1477;359.7914;359.8439;0.2292;0.0047;-0.0002;0.8386;-4.9859;-2.3098;171669;71.52135;Infinity;2385.95;22.5335;-31.5622;1.1641;1.4606;-46.6908;57.6967;355.0156;352.6601;343.1088;184.4841;354.2867;359.0349;LeftFalse_RightFalse;LeftFalse_RightFalse;HandLeft_(-0.3, -0.4, -0.1)_(0.0, 0.7, -0.5, 0.6)_1.012537_System.String[];HandLeft_(0.2, -0.7, -0.1)_(0.5, 0.6, -0.6, 0.1)_0.9825718_System.String[];HandRight_(-0.4, -0.2, -0.2)_(-0.4, 0.0, 0.2, -0.9)_1.012537_System.String[];HandRight_(0.4, -0.6, -0.2)_(0.0, -0.5, -0.4, 0.7)_0.9825718_System.String[];21.0056;-0.2839;-0.0702;22.4630;-31.8597;1.1871;1.0636;-46.7938;57.7311;359.3191;359.0322;290.6271;171.2725;358.8581;3.9118
0.0000;-0.5077;False;False;22.5557;-32.2720;0.0149;-0.0154;-46.4435;57.7097;359.9249;0.1435;295.0191;177.9342;359.7892;359.8569;0.2424;0.0047;-0.0057;0.8145;-4.7704;-2.2953;171672;71.7075;Infinity;2385.99;22.4389;-31.5513;1.1643;1.4602;-46.6571;57.4914;355.0164;352.6902;342.6389;184.2689;354.2845;359.0540;LeftFalse_RightFalse;LeftFalse_RightFalse;HandLeft_(-0.3, -0.4, -0.1)_(0.0, 0.7, -0.5, 0.6)_1.012537_System.String[];HandLeft_(0.2, -0.7, -0.1)_(0.5, 0.6, -0.6, 0.1)_0.9825718_System.String[];HandRight_(-0.4, -0.2, -0.2)_(-0.3, 0.0, 0.2, -0.9)_1.012537_System.String[];HandRight_(0.4, -0.6, -0.2)_(0.1, -0.5, -0.4, 0.7)_0.9825718_System.String[];21.0474;-0.2831;-0.0753;22.3720;-31.8489;1.1872;1.0632;-46.7555;57.5255;359.4904;358.9445;293.3016;170.9429;358.9469;3.8957
0.0000;-0.5077;False;False;22.4603;-32.2617;0.0151;-0.0156;-46.4100;57.5150;359.9239;0.1818;294.5588;177.7186;359.7866;359.8651;0.2552;0.0047;-0.0065;0.7901;-4.5597;-2.2807;171675;71.83034;Infinity;2386.03;22.3449;-31.5399;1.1645;1.4596;-46.6244;57.2951;355.0175;352.7270;342.1760;184.0522;354.2820;359.0672;LeftFalse_RightFalse;LeftFalse_RightFalse;HandLeft_(-0.3, -0.4, -0.1)_(0.0, 0.7, -0.5, 0.6)_1.012537_System.String[];HandLeft_(0.2, -0.7, -0.1)_(0.5, 0.6, -0.6, 0.1)_0.9825718_System.String[];HandRight_(-0.4, -0.2, -0.2)_(-0.3, 0.0, 0.2, -0.9)_1.012537_System.String[];HandRight_(0.4, -0.6, -0.2)_(0.1, -0.5, -0.4, 0.7)_0.9825718_System.String[];21.0889;-0.2831;-0.0799;22.2816;-31.8376;1.1873;1.0627;-46.7185;57.3289;359.7309;358.8810;295.8181;170.6483;359.1158;3.8855
0.0000;-0.4880;False;False;22.3655;-32.2509;0.0153;-0.0160;-46.3775;57.3294;359.9232;0.2229;294.1043;177.5003;359.7841;359.8783;0.2677;0.0040;-0.0098;0.7659;-4.3523;-2.2663;171678;71.91448;Infinity;2386.07;22.2515;-31.5278;1.1648;1.4590;-46.5927;57.1080;355.0191;352.7655;341.7195;183.8327;354.2793;359.0821;LeftFalse_RightFalse;LeftFalse_RightFalse;HandLeft_(-0.3, -0.4, -0.1)_(0.0, 0.7, -0.5, 0.6)_1.012537_System.String[];HandLeft_(0.2, -0.7, -0.1)_(0.5, 0.6, -0.6, 0.1)_0.9825718_System.String[];HandRight_(-0.4, -0.2, -0.2)_(-0.3, 0.0, 0.2, -0.9)_1.012537_System.String[];HandRight_(0.4, -0.6, -0.2)_(0.1, -0.5, -0.4, 0.8)_0.9825718_System.String[];21.1306;-0.2817;-0.0844;22.1916;-31.8258;1.1874;1.0621;-46.6833;57.1414;359.9593;358.8233;297.8957;170.3167;359.1316;3.9576
0.0000;-0.3809;False;False;22.2714;-32.2397;0.0155;-0.0164;-46.3461;57.1526;359.9232;0.2638;293.6562;177.2793;359.7854;359.8947;0.2795;0.0043;-0.0107;0.7428;-4.1600;-2.2516;171681;71.96122;Infinity;2386.11;22.1589;-31.5152;1.1649;1.4581;-46.5621;56.9302;355.0190;352.8052;341.2695;183.6102;354.2793;359.1028;LeftFalse_RightFalse;LeftFalse_RightFalse;HandLeft_(-0.3, -0.4, -0.1)_(0.0, 0.7, -0.5, 0.6)_1.012537_System.String[];HandLeft_(0.2, -0.7, -0.1)_(0.5, 0.6, -0.6, 0.1)_0.9825718_System.String[];HandRight_(-0.4, -0.2, -0.2)_(-0.3, 0.0, 0.2, -0.9)_1.012537_System.String[];HandRight_(0.4, -0.6, -0.2)_(0.2, -0.5, -0.4, 0.8)_0.9825718_System.String[];21.1724;-0.2781;-0.0877;22.1019;-31.8134;1.1875;1.0617;-46.6501;56.9635;0.0142;358.7505;299.3470;169.9720;358.9153;4.0541
0.0000;-0.2381;False;False;22.1770;-32.2277;0.0157;-0.0169;-46.3154;56.9814;359.9228;0.2988;293.2117;177.0531;359.7895;359.9112;0.2923;0.0043;-0.0112;0.7218;-4.0095;-2.2365;171684;71.52451;Infinity;2386.15;22.0667;-31.5020;1.1651;1.4573;-46.5325;56.7604;355.0165;352.8408;340.8260;183.3848;354.2813;359.1234;LeftFalse_RightFalse;LeftFalse_RightFalse;HandLeft_(-0.3, -0.4, -0.1)_(0.0, 0.7, -0.5, 0.6)_1.012537_System.String[];HandLeft_(0.2, -0.7, -0.1)_(0.5, 0.6, -0.6, 0.1)_0.9825718_System.String[];HandRight_(-0.4, -0.2, -0.2)_(-0.4, 0.0, 0.2, -0.9)_1.012537_System.String[];HandRight_(0.4, -0.6, -0.2)_(0.2, -0.4, -0.4, 0.8)_0.9825718_System.String[];21.2144;-0.2713;-0.0911;22.0119;-31.8003;1.1877;1.0616;-46.6183;56.7934;0.0586;358.6613;300.2704;169.5936;358.6021;4.1483
0.0000;-0.1270;False;False;22.0835;-32.2152;0.0159;-0.0174;-46.2855;56.8160;359.9230;0.3236;292.7799;176.8238;359.7971;359.9274;0.3063;0.0050;-0.0117;0.7026;-3.9007;-2.2209;171687;71.51798;Infinity;2386.20;21.9736;-31.4880;1.1653;1.4564;-46.5033;56.5940;355.0117;352.8673;340.3855;183.1518;354.2856;359.1429;LeftFalse_RightFalse;LeftFalse_RightFalse;HandLeft_(-0.3, -0.4, -0.1)_(0.0, 0.7, -0.5, 0.6)_1.012537_System.String[];HandLeft_(0.2, -0.7, -0.1)_(0.5, 0.6, -0.6, 0.1)_0.9825718_System.String[];HandRight_(-0.4, -0.2, -0.2)_(-0.4, 0.0, 0.2, -0.9)_1.012537_System.String[];HandRight_(0.4, -0.6, -0.2)_(0.2, -0.4, -0.4, 0.8)_0.9825718_System.String[];21.2563;-0.2619;-0.0952;21.9205;-31.7859;1.1882;1.0612;-46.5874;56.6264;0.0568;358.5385;300.6739;169.1470;358.3538;4.2463
0.0000;-0.0992;False;False;21.9914;-32.2021;0.0161;-0.0179;-46.2566;56.6557;359.9247;0.3380;292.3663;176.5912;359.8050;359.9431;0.3222;0.0045;-0.0121;0.6866;-3.8239;-2.2049;171690;71.74487;Infinity;2386.24;21.8827;-31.4736;1.1654;1.4556;-46.4754;56.4352;355.0064;352.8830;339.9663;182.9189;354.2920;359.1608;LeftFalse_RightFalse;LeftFalse_RightFalse;HandLeft_(-0.3, -0.4, -0.1)_(0.0, 0.7, -0.5, 0.6)_1.012537_System.String[];HandLeft_(0.2, -0.7, -0.1)_(0.5, 0.6, -0.6, 0.1)_0.9825718_System.String[];HandRight_(-0.4, -0.2, -0.2)_(-0.3, 0.1, 0.2, -0.9)_1.012537_System.String[];HandRight_(0.4, -0.6, -0.2)_(0.2, -0.4, -0.4, 0.8)_0.9825718_System.String[];21.2981;-0.2520;-0.1008;21.8309;-31.7715;1.1886;1.0611;-46.5584;56.4671;0.0113;358.4032;300.7684;168.6189;358.1675;4.3387
0.0000;-0.1428;False;False;21.8998;-32.1882;0.0163;-0.0184;-46.2283;56.4979;359.9274;0.3456;291.9688;176.3504;359.8129;359.9579;0.3389;0.0042;-0.0122;0.6725;-3.7543;-2.1886;171693;71.7887;Infinity;2386.28;21.7922;-31.4584;1.1656;1.4549;-46.4479;56.2793;355.0023;352.8906;339.5624;182.6784;354.2991;359.1770;LeftFalse_RightFalse;LeftFalse_RightFalse;HandLeft_(-0.3, -0.4, -0.1)_(0.0, 0.7, -0.5, 0.6)_1.012537_System.String[];HandLeft_(0.2, -0.7, -0.1)_(0.4, 0.6, -0.6, 0.2)_0.9825718_System.String[];HandRight_(-0.4, -0.2, -0.2)_(-0.3, 0.1, 0.2, -0.9)_1.012537_System.String[];HandRight_(0.4, -0.6, -0.2)_(0.2, -0.4, -0.4, 0.8)_0.9825718_System.String[];21.3398;-0.2423;-0.1079;21.7413;-31.7564;1.1888;1.0608;-46.5304;56.3105;0.0712;358.3422;300.4560;168.0719;358.1295;4.3177
0.0000;-0.1984;False;False;21.8089;-32.1736;0.0164;-0.0189;-46.2006;56.3437;359.9307;0.3512;291.5898;176.0994;359.8207;359.9575;0.3608;0.0040;-0.0098;0.6526;-3.6261;-2.1641;171696;71.77972;Infinity;2386.32;21.7027;-31.4427;1.1657;1.4542;-46.4212;56.1273;354.9985;352.8965;339.1778;182.4306;354.3068;359.1852;LeftFalse_RightFalse;LeftFalse_RightFalse;HandLeft_(-0.3, -0.4, -0.1)_(0.0, 0.7, -0.5, 0.6)_1.012537_System.String[];HandLeft_(0.2, -0.7, -0.1)_(0.4, 0.6, -0.6, 0.2)_0.9825718_System.String[];HandRight_(-0.4, -0.2, -0.2)_(-0.3, 0.1, 0.2, -0.9)_1.012537_System.String[];HandRight_(0.4, -0.6, -0.2)_(0.2, -0.4, -0.4, 0.8)_0.9825718_System.String[];21.3816;-0.2342;-0.1162;21.6521;-31.7408;1.1887;1.0600;-46.5037;56.1576;0.1856;358.3520;299.7407;167.5851;358.1393;4.2001
0.0012;-0.2619;False;False;21.7186;-32.1582;0.0166;-0.0193;-46.1734;56.1933;359.9342;0.3547;291.2260;175.8382;359.8280;359.9421;0.3732;0.0035;-0.0087;0.6393;-3.5183;-2.1478;171699;71.7522;Infinity;2386.36;21.6131;-31.4266;1.1658;1.4540;-46.3947;55.9783;354.9955;352.9009;338.8071;182.1737;354.3145;359.1729;LeftFalse_RightFalse;LeftFalse_RightFalse;HandLeft_(-0.3, -0.4, -0.1)_(0.0, 0.7, -0.5, 0.6)_1.012537_System.String[];HandLeft_(0.2, -0.7, -0.1)_(0.4, 0.6, -0.6, 0.2)_0.9825718_System.String[];HandRight_(-0.4, -0.2, -0.2)_(-0.3, 0.1, 0.2, -0.9)_1.012537_System.String[];HandRight_(0.4, -0.6, -0.2)_(0.2, -0.4, -0.4, 0.8)_0.9825718_System.String[];21.4236;-0.2279;-0.1252;21.5624;-31.7247;1.1887;1.0595;-46.4786;56.0077;0.2032;358.3818;298.4862;167.1014;358.2401;4.1065
0.0041;-0.3135;False;False;21.6284;-32.1422;0.0167;-0.0196;-46.1467;56.0472;359.9370;0.3614;290.8744;175.5652;359.8361;359.9217;0.3841;0.0027;-0.0078;0.6258;-3.3905;-2.1322;171702;71.56075;Infinity;2386.41;21.5239;-31.4101;1.1660;1.4538;-46.3687;55.8335;354.9917;352.9084;338.4501;181.9065;354.3222;359.1543;LeftFalse_RightFalse;LeftFalse_RightFalse;HandLeft_(-0.3, -0.4, -0.1)_(0.0, 0.7, -0.5, 0.6)_1.012537_System.String[];HandLeft_(0.2, -0.7, -0.1)_(0.4, 0.6, -0.6, 0.2)_0.9825718_System.String[];HandRight_(-0.4, -0.2, -0.2)_(-0.2, 0.1, 0.2, -0.9)_1.012537_System.String[];HandRight_(0.4, -0.6, -0.2)_(0.2, -0.4, -0.4, 0.8)_0.9825718_System.String[];21.4656;-0.2239;-0.1351;21.4728;-31.7081;1.1887;1.0592;-46.4547;55.8620;0.1136;358.3663;296.6933;166.5692;358.3620;4.1153
0.0084;-0.3254;False;False;21.5397;-32.1259;0.0168;-0.0199;-46.1208;55.9080;359.9386;0.3721;290.5373;175.2847;359.8416;359.8993;0.3943;0.0021;-0.0070;0.6116;-3.2527;-2.1171;171705;71.72353;Infinity;2386.45;21.4362;-31.3932;1.1660;1.4537;-46.3435;55.6957;354.9883;352.9201;338.1091;181.6321;354.3280;359.1334;LeftFalse_RightFalse;LeftFalse_RightFalse;HandLeft_(-0.3, -0.4, -0.1)_(0.1, -0.7, 0.6, -0.4)_1.012537_System.String[];HandLeft_(0.2, -0.7, -0.1)_(0.3, 0.7, -0.6, 0.2)_0.9825718_System.String[];HandRight_(-0.4, -0.2, -0.2)_(-0.2, 0.1, 0.2, -1.0)_1.012537_System.String[];HandRight_(0.4, -0.6, -0.2)_(0.2, -0.4, -0.4, 0.8)_0.9825718_System.String[];21.5073;-0.2224;-0.1455;21.3846;-31.6912;1.1887;1.0589;-46.4319;55.7230;359.9856;358.3243;294.8204;165.9747;358.3707;4.1951
0.0134;-0.3254;False;False;21.4505;-32.1090;0.0169;-0.0201;-46.0952;55.7733;359.9395;0.3818;290.2037;174.9920;359.8455;359.8853;0.4040;0.0018;-0.0020;0.5964;-3.1132;-2.1028;171708;71.39523;Infinity;2386.49;21.3482;-31.3756;1.1661;1.4536;-46.3186;55.5627;354.9858;352.9331;337.7740;181.3451;354.3318;359.1160;LeftFalse_RightFalse;LeftFalse_RightFalse;HandLeft_(-0.3, -0.4, -0.1)_(0.0, -0.7, 0.6, -0.4)_1.012537_System.String[];HandLeft_(0.2, -0.7, -0.1)_(0.3, 0.7, -0.6, 0.2)_0.9825718_System.String[];HandRight_(-0.4, -0.2, -0.2)_(-0.1, 0.1, 0.2, -1.0)_1.012537_System.String[];HandRight_(0.4, -0.6, -0.2)_(0.2, -0.4, -0.3, 0.8)_0.9825718_System.String[];21.5496;-0.2224;-0.1562;21.2964;-31.6734;1.1887;1.0587;-46.4092;55.5887;359.8910;358.3374;293.1879;165.2839;358.3144;4.2031
0.0184;-0.3254;False;False;21.3617;-32.0917;0.0170;-0.0201;-46.0703;55.6444;359.9398;0.3885;289.8745;174.6908;359.8479;359.8793;0.4130;0.0016;-0.0001;0.5809;-2.9746;-2.0892;171711;71.16484;Infinity;2386.53;21.2605;-31.3572;1.1662;1.4536;-46.2942;55.4354;354.9840;352.9412;337.4432;181.0476;354.3341;359.1094;LeftFalse_RightFalse;LeftFalse_RightFalse;HandLeft_(-0.3, -0.4, -0.1)_(0.0, -0.7, 0.6, -0.4)_1.012537_System.String[];HandLeft_(0.2, -0.7, -0.1)_(0.3, 0.7, -0.6, 0.2)_0.9825718_System.String[];HandRight_(-0.4, -0.2, -0.2)_(-0.2, 0.1, 0.2, -1.0)_1.012537_System.String[];HandRight_(0.4, -0.6, -0.2)_(0.2, -0.4, -0.3, 0.8)_0.9825718_System.String[];21.5920;-0.2223;-0.1653;21.2085;-31.6548;1.1890;1.0587;-46.3869;55.4600;359.8403;358.3293;291.8460;164.4855;358.3503;4.1636
0.0253;-0.3174;False;False;21.2742;-32.0741;0.0171;-0.0201;-46.0462;55.5226;359.9397;0.3937;289.5514;174.3857;359.8494;359.8768;0.4195;0.0015;0.0011;0.5656;-2.8375;-2.0762;171714;71.17615;Infinity;2386.57;21.1745;-31.3387;1.1662;1.4536;-46.2709;55.3160;354.9828;352.9471;337.1207;180.7464;354.3352;359.1064;LeftFalse_RightFalse;LeftFalse_RightFalse;HandLeft_(-0.3, -0.4, -0.1)_(0.0, -0.7, 0.6, -0.4)_1.012537_System.String[];HandLeft_(0.2, -0.8, -0.1)_(0.3, 0.7, -0.6, 0.2)_0.9825718_System.String[];HandRight_(-0.4, -0.2, -0.2)_(-0.2, 0.1, 0.2, -0.9)_1.012537_System.String[];HandRight_(0.4, -0.6, -0.2)_(0.2, -0.4, -0.3, 0.8)_0.9825718_System.String[];21.6340;-0.2206;-0.1724;21.1223;-31.6359;1.1893;1.0587;-46.3656;55.3391;359.7672;358.3460;290.7669;163.5603;358.4566;4.1092
0.0336;-0.2738;False;False;21.1880;-32.0566;0.0171;-0.0200;-46.0230;55.4077;359.9393;0.3974;289.2351;174.0817;359.8505;359.8771;0.4229;0.0014;0.0018;0.5513;-2.7057;-2.0639;171717;71.58028;Infinity;2386.62;21.0885;-31.3197;1.1663;1.4537;-46.2480;55.2020;354.9817;352.9515;336.8000;180.4394;354.3358;359.1062;LeftFalse_RightFalse;LeftFalse_RightFalse;HandLeft_(-0.3, -0.4, -0.1)_(0.0, -0.7, 0.6, -0.4)_1.012537_System.String[];HandLeft_(0.2, -0.8, -0.1)_(0.3, 0.7, -0.6, 0.3)_0.9825718_System.String[];HandRight_(-0.4, -0.2, -0.2)_(-0.2, 0.1, 0.2, -0.9)_1.012537_System.String[];HandRight_(0.4, -0.6, -0.2)_(0.2, -0.4, -0.3, 0.9)_0.9825718_System.String[];21.6758;-0.2173;-0.1769;21.0362;-31.6165;1.1896;1.0587;-46.3446;55.2236;359.6495;358.3517;289.8345;162.6580;358.5895;4.0628
0.0414;-0.1984;False;False;21.1020;-32.0388;0.0172;-0.0200;-46.0003;55.2977;359.9384;0.3986;288.9228;173.7780;359.8513;359.8798;0.4257;0.0018;0.0021;0.5385;-2.5911;-2.0522;171720;71.61562;Infinity;2386.66;21.0037;-31.3007;1.1663;1.4537;-46.2259;55.0945;354.9804;352.9535;336.4865;180.1354;354.3362;359.1085;LeftFalse_RightFalse;LeftFalse_RightFalse;HandLeft_(-0.3, -0.4, -0.1)_(0.0, -0.7, 0.6, -0.4)_1.012537_System.String[];HandLeft_(0.2, -0.8, -0.1)_(0.3, 0.7, -0.6, 0.3)_0.9825718_System.String[];HandRight_(-0.4, -0.2, -0.2)_(-0.2, 0.1, 0.2, -1.0)_1.012537_System.String[];HandRight_(0.4, -0.5, -0.2)_(0.3, -0.3, -0.3, 0.9)_0.9825718_System.String[];21.7175;-0.2122;-0.1807;20.9511;-31.5973;1.1898;1.0587;-46.3243;55.1146;359.5828;358.3517;289.0016;161.8051;358.7359;4.0757
0.0474;-0.1429;False;False;21.0160;-32.0208;0.0173;-0.0199;-45.9779;55.1913;359.9364;0.3954;288.6164;173.4750;359.8512;359.8836;0.4301;0.0021;0.0021;0.5277;-2.5015;-2.0410;171723;71.50679;Infinity;2386.70;20.9186;-31.2814;1.1664;1.4538;-46.2040;54.9906;354.9793;352.9514;336.1767;179.8305;354.3349;359.1119;LeftFalse_RightFalse;LeftFalse_RightFalse;HandLeft_(-0.3, -0.4, -0.1)_(0.0, -0.6, 0.6, -0.4)_1.012537_System.String[];HandLeft_(0.2, -0.8, -0.1)_(0.3, 0.7, -0.6, 0.3)_0.9825718_System.String[];HandRight_(-0.4, -0.2, -0.2)_(-0.2, 0.2, 0.2, -0.9)_1.012537_System.String[];HandRight_(0.4, -0.5, -0.2)_(0.3, -0.3, -0.3, 0.9)_0.9825718_System.String[];21.7595;-0.2061;-0.1844;20.8656;-31.5776;1.1900;1.0588;-46.3042;55.0091;359.5219;358.3282;288.2289;160.9648;358.9182;4.1272
0.0532;-0.1151;False;False;20.9310;-32.0027;0.0174;-0.0199;-45.9562;55.0889;359.9340;0.3842;288.3214;173.1751;359.8512;359.8907;0.4393;0.0023;-0.0017;0.5135;-2.4005;-2.0252;171726;71.63477;Infinity;2386.74;20.8346;-31.2620;1.1665;1.4538;-46.1828;54.8914;354.9778;352.9426;335.8788;179.5297;354.3331;359.1177;LeftFalse_RightFalse;LeftFalse_RightFalse;HandLeft_(-0.3, -0.4, -0.1)_(0.0, -0.6, 0.7, -0.4)_1.012537_System.String[];HandLeft_(0.3, -0.8, -0.1)_(0.4, 0.7, -0.6, 0.3)_0.9825718_System.String[];HandRight_(-0.4, -0.2, -0.2)_(-0.2, 0.2, 0.2, -1.0)_1.012537_System.String[];HandRight_(0.4, -0.5, -0.2)_(0.3, -0.3, -0.3, 0.9)_0.9825718_System.String[];21.8015;-0.1991;-0.1899;20.7814;-31.5579;1.1901;1.0589;-46.2844;54.9079;359.5277;358.3173;287.4869;160.1279;359.1325;4.1613
0.0586;-0.1270;False;False;20.8467;-31.9844;0.0175;-0.0200;-45.9349;54.9895;359.9312;0.3667;288.0373;172.8759;359.8514;359.8954;0.4458;0.0024;-0.0031;0.5055;-2.3382;-2.0153;171729;71.80933;Infinity;2386.78;20.7514;-31.2424;1.1666;1.4537;-46.1620;54.7955;354.9759;352.9263;335.5914;179.2304;354.3312;359.1210;LeftFalse_RightFalse;LeftFalse_RightFalse;HandLeft_(-0.3, -0.4, -0.1)_(0.0, -0.6, 0.7, -0.4)_1.012537_System.String[];HandLeft_(0.3, -0.8, -0.1)_(0.4, 0.7, -0.6, 0.3)_0.9825718_System.String[];HandRight_(-0.4, -0.2, -0.2)_(-0.1, 0.2, 0.2, -0.9)_1.012537_System.String[];HandRight_(0.4, -0.5, -0.2)_(0.3, -0.3, -0.2, 0.9)_0.9825718_System.String[];21.8430;-0.1913;-0.1975;20.6979;-31.5383;1.1903;1.0589;-46.2651;54.8100;359.5583;358.3365;286.8132;159.3226;359.3134;4.0667
0.0643;-0.1548;False;False;20.7621;-31.9656;0.0176;-0.0201;-45.9137;54.8921;359.9283;0.3469;287.7623;172.5720;359.8519;359.8990;0.4509;0.0025;-0.0040;0.4989;-2.2682;-2.0058;171732;71.60365;Infinity;2386.82;20.6677;-31.2225;1.1667;1.4537;-46.1413;54.7015;354.9737;352.9065;335.3124;178.9269;354.3293;359.1228;LeftFalse_RightFalse;LeftFalse_RightFalse;HandLeft_(-0.3, -0.4, -0.1)_(0.0, -0.6, 0.7, -0.3)_1.012537_System.String[];HandLeft_(0.3, -0.8, -0.1)_(0.4, 0.7, -0.6, 0.2)_0.9825718_System.String[];HandRight_(-0.4, -0.2, -0.2)_(-0.1, 0.2, 0.2, -0.9)_1.012537_System.String[];HandRight_(0.4, -0.5, -0.2)_(0.3, -0.3, -0.2, 0.9)_0.9825718_System.String[];21.8850;-0.1817;-0.2064;20.6144;-31.5187;1.1905;1.0589;-46.2456;54.7142;359.5676;358.3660;286.2057;158.5843;359.4273;3.8275
0.0710;-0.1508;False;False;20.6785;-31.9467;0.0177;-0.0203;-45.8929;54.7986;359.9253;0.3278;287.5027;172.2675;359.8530;359.9017;0.4548;0.0025;-0.0045;0.4945;-2.1925;-1.9966;171735;71.72178;Infinity;2386.87;20.5851;-31.2025;1.1668;1.4536;-46.1211;54.6114;354.9710;352.8868;335.0481;178.6234;354.3277;359.1237;LeftFalse_RightFalse;LeftFalse_RightFalse;HandLeft_(-0.3, -0.4, -0.1)_(0.0, -0.6, 0.7, -0.3)_1.012537_System.String[];HandLeft_(0.3, -0.8, -0.1)_(0.4, 0.6, -0.6, 0.3)_0.9825718_System.String[];HandRight_(-0.4, -0.2, -0.2)_(-0.1, 0.2, 0.2, -0.9)_1.012537_System.String[];HandRight_(0.4, -0.5, -0.2)_(0.3, -0.3, -0.2, 0.9)_0.9825718_System.String[];21.9268;-0.1685;-0.2153;20.5319;-31.4990;1.1906;1.0587;-46.2265;54.6226;359.6185;358.3576;285.6850;157.9687;359.4499;3.5809
0.0790;-0.0873;False;False;20.5952;-31.9276;0.0178;-0.0205;-45.8723;54.7081;359.9223;0.3101;287.2584;171.9606;359.8547;359.9042;0.4595;0.0026;-0.0050;0.4922;-2.1262;-1.9879;171738;71.77197;Infinity;2386.91;20.5027;-31.1823;1.1669;1.4535;-46.1010;54.5243;354.9679;352.8686;334.7983;178.3172;354.3265;359.1241;LeftFalse_RightFalse;LeftFalse_RightFalse;HandLeft_(-0.4, -0.4, -0.1)_(0.0, -0.6, 0.8, -0.3)_1.012537_System.String[];HandLeft_(0.3, -0.8, -0.1)_(0.4, 0.6, -0.6, 0.4)_0.9825718_System.String[];HandRight_(-0.4, -0.2, -0.2)_(0.0, 0.2, 0.3, -0.9)_1.012537_System.String[];HandRight_(0.3, -0.5, -0.2)_(0.3, -0.3, -0.2, 0.9)_0.9825718_System.String[];21.9688;-0.1527;-0.2239;20.4496;-31.4790;1.1907;1.0586;-46.2075;54.5341;359.6441;358.2414;285.2238;157.3820;359.4568;3.4339
0.0870;0.0000;False;False;20.5125;-31.9083;0.0179;-0.0207;-45.8518;54.6202;359.9193;0.2910;287.0342;171.6501;359.8575;359.9093;0.4701;0.0026;-0.0067;0.4926;-2.0867;-1.9795;171741;71.87209;Infinity;2386.95;20.4208;-31.1620;1.1670;1.4533;-46.0810;54.4403;354.9641;352.8503;334.5670;178.0083;354.3259;359.1260;LeftFalse_RightFalse;LeftFalse_RightFalse;HandLeft_(-0.4, -0.4, 0.0)_(-0.1, -0.6, 0.8, -0.2)_1.012537_System.String[];HandLeft_(0.3, -0.8, -0.1)_(0.4, 0.5, -0.7, 0.4)_0.9825718_System.String[];HandRight_(-0.4, -0.2, -0.2)_(0.0, 0.2, 0.3, -0.9)_1.012537_System.String[];HandRight_(0.3, -0.5, -0.2)_(0.3, -0.3, -0.1, 0.9)_0.9825718_System.String[];22.0103;-0.1359;-0.2317;20.3680;-31.4588;1.1908;1.0588;-46.1885;54.4485;359.5790;358.0686;284.7949;156.7912;359.5636;3.4350
0.0969;0.0000;False;False;20.4295;-31.8883;0.0180;-0.0210;-45.8310;54.5329;359.9168;0.2677;286.8306;171.3289;359.8602;359.9163;0.4838;0.0030;-0.0076;0.4948;-2.0651;-1.9715;171744;71.64724;Infinity;2386.99;20.3385;-31.1409;1.1671;1.4530;-46.0608;54.3574;354.9600;352.8275;334.3557;177.6895;354.3259;359.1303;LeftFalse_RightFalse;LeftFalse_RightFalse;HandLeft_(-0.4, -0.4, 0.0)_(-0.1, -0.5, 0.8, -0.2)_1.012537_System.String[];HandLeft_(0.3, -0.8, -0.1)_(0.4, 0.5, -0.7, 0.4)_0.9825718_System.String[];HandRight_(-0.3, -0.2, -0.2)_(0.0, 0.3, 0.3, -0.9)_1.012537_System.String[];HandRight_(0.3, -0.5, -0.2)_(0.3, -0.3, -0.1, 0.9)_0.9825718_System.String[];22.0522;-0.1205;-0.2386;20.2857;-31.4378;1.1909;1.0588;-46.1693;54.3639;359.5100;357.9169;284.3639;156.1627;359.6942;3.5152
0.1050;0.0000;False;False;20.3468;-31.8677;0.0181;-0.0214;-45.8102;54.4464;359.9149;0.2427;286.6486;170.9996;359.8618;359.9244;0.4962;0.0033;-0.0081;0.4963;-2.0441;-1.9645;171747;71.51126;Infinity;2387.03;20.2564;-31.1193;1.1672;1.4527;-46.0404;54.2756;354.9571;352.8021;334.1671;177.3619;354.3258;359.1352;LeftFalse_RightFalse;LeftFalse_RightFalse;HandLeft_(-0.4, -0.4, 0.0)_(-0.1, -0.5, 0.8, -0.2)_1.012537_System.String[];HandLeft_(0.3, -0.8, -0.1)_(0.4, 0.4, -0.6, 0.5)_0.9825718_System.String[];HandRight_(-0.3, -0.3, -0.3)_(0.1, 0.3, 0.3, -0.9)_1.012537_System.String[];HandRight_(0.3, -0.5, -0.2)_(0.3, -0.3, -0.1, 0.9)_0.9825718_System.String[];22.0945;-0.1083;-0.2451;20.2039;-31.4158;1.1910;1.0587;-46.1499;54.2803;359.5645;357.8553;283.9614;155.4429;359.7767;3.5952
0.1143;0.0000;False;False;20.2643;-31.8465;0.0183;-0.0217;-45.7893;54.3608;359.9129;0.2177;286.4854;170.6635;359.8633;359.9332;0.5083;0.0040;-0.0084;0.4979;-2.0233;-1.9583;171750;71.34927;Infinity;2387.08;20.1753;-31.0972;1.1674;1.4524;-46.0201;54.1956;354.9549;352.7764;333.9996;177.0302;354.3254;359.1411;LeftFalse_RightFalse;LeftFalse_RightFalse;HandLeft_(-0.4, -0.4, 0.0)_(-0.1, -0.5, 0.8, -0.2)_1.012537_System.String[];HandLeft_(0.3, -0.8, -0.1)_(0.4, 0.4, -0.6, 0.5)_0.9825718_System.String[];HandRight_(-0.3, -0.3, -0.3)_(0.1, 0.3, 0.3, -0.9)_1.012537_System.String[];HandRight_(0.3, -0.5, -0.2)_(0.3, -0.3, -0.1, 0.9)_0.9825718_System.String[];22.1365;-0.1000;-0.2508;20.1231;-31.3936;1.1911;1.0589;-46.1301;54.1985;359.7140;357.8797;283.5902;154.6639;359.8947;3.6455
0.1235;0.0000;False;False;20.1822;-31.8249;0.0184;-0.0221;-45.7683;54.2762;359.9115;0.1940;286.3375;170.3218;359.8662;359.9424;0.5200;0.0037;-0.0084;0.4979;-2.0025;-1.9537;171753;71.33758;Infinity;2387.12;20.0935;-31.0744;1.1675;1.4521;-45.9995;54.1156;354.9520;352.7513;333.8470;176.6886;354.3257;359.1476;LeftFalse_RightFalse;LeftFalse_RightFalse;HandLeft_(-0.4, -0.4, 0.0)_(-0.2, -0.5, 0.8, -0.1)_1.012537_System.String[];HandLeft_(0.3, -0.8, -0.1)_(0.4, 0.3, -0.6, 0.6)_0.9825718_System.String[];HandRight_(-0.3, -0.3, -0.3)_(0.1, 0.3, 0.3, -0.9)_1.012537_System.String[];HandRight_(0.3, -0.5, -0.2)_(0.3, -0.3, -0.1, 0.9)_0.9825718_System.String[];22.1785;-0.0984;-0.2563;20.0420;-31.3707;1.1912;1.0589;-46.1097;54.1167;359.6959;357.8800;283.2528;153.9137;359.9922;3.6983
0.1331;0.0000;False;False;20.1001;-31.8027;0.0186;-0.0224;-45.7474;54.1925;359.9106;0.1719;286.1978;169.9745;359.8683;359.9517;0.5365;0.0036;-0.0083;0.4924;-1.9719;-1.9498;171756;71.34117;Infinity;2387.16;20.0117;-31.0511;1.1677;1.4517;-45.9788;54.0365;354.9494;352.7276;333.7049;176.3409;354.3266;359.1544;LeftFalse_RightFalse;LeftFalse_RightFalse;HandLeft_(-0.4, -0.4, 0.0)_(-0.1, -0.5, 0.8, -0.1)_1.012537_System.String[];HandLeft_(0.3, -0.8, -0.1)_(0.5, 0.3, -0.6, 0.6)_0.9825718_System.String[];HandRight_(-0.3, -0.3, -0.3)_(0.1, 0.3, 0.3, -0.9)_1.012537_System.String[];HandRight_(0.3, -0.5, -0.2)_(0.3, -0.3, -0.1, 0.9)_0.9825718_System.String[];22.2205;-0.1035;-0.2610;19.9614;-31.3473;1.1913;1.0588;-46.0890;54.0357;359.7120;357.8422;282.9093;153.2272;0.0452;3.7307
0.1441;0.0000;False;False;20.0189;-31.7803;0.0188;-0.0228;-45.7270;54.1105;359.9101;0.1519;286.0597;169.6264;359.8683;359.9611;0.5469;0.0030;-0.0082;0.4850;-1.9517;-1.9495;171759;71.6687;Infinity;2387.20;19.9307;-31.0275;1.1678;1.4514;-45.9585;53.9591;354.9483;352.7061;333.5669;175.9920;354.3267;359.1616;LeftFalse_RightFalse;LeftFalse_RightFalse;HandLeft_(-0.4, -0.4, 0.0)_(-0.1, -0.5, 0.8, -0.1)_1.012537_System.String[];HandLeft_(0.3, -0.8, -0.1)_(0.5, 0.3, -0.6, 0.6)_0.9825718_System.String[];HandRight_(-0.3, -0.3, -0.3)_(0.1, 0.3, 0.3, -0.9)_1.012537_System.String[];HandRight_(0.3, -0.5, -0.2)_(0.4, -0.3, -0.1, 0.9)_0.9825718_System.String[];22.2622;-0.1113;-0.2653;19.8817;-31.3239;1.1913;1.0586;-46.0686;53.9563;359.7750;357.7871;282.5100;152.6161;0.0308;3.7375
0.1594;0.0000;False;False;19.9376;-31.7574;0.0189;-0.0231;-45.7070;54.0293;359.9108;0.1337;285.9151;169.2750;359.8642;359.9705;0.5571;0.0026;-0.0080;0.4760;-1.9316;-1.9510;171762;71.83065;Infinity;2387.24;19.8501;-31.0035;1.1680;1.4510;-45.9386;53.8828;354.9505;352.6863;333.4251;175.6407;354.3251;359.1690;LeftFalse_RightFalse;LeftFalse_RightFalse;HandLeft_(-0.4, -0.4, 0.0)_(-0.1, -0.5, 0.8, -0.1)_1.012537_System.String[];HandLeft_(0.3, -0.8, -0.1)_(0.4, 0.2, -0.6, 0.6)_0.9825718_System.String[];HandRight_(-0.3, -0.3, -0.3)_(0.1, 0.3, 0.3, -0.9)_1.012537_System.String[];HandRight_(0.3, -0.5, -0.2)_(0.4, -0.3, 0.0, 0.9)_0.9825718_System.String[];22.3040;-0.1191;-0.2695;19.8025;-31.3006;1.1914;1.0583;-46.0486;53.8780;359.7077;357.7689;282.0423;152.0535;359.9667;3.6970
0.1780;0.0000;False;False;19.8556;-31.7339;0.0190;-0.0234;-45.6871;53.9484;359.9120;0.1175;285.7600;168.9177;359.8579;359.9789;0.5669;0.0024;-0.0083;0.4670;-1.9118;-1.9543;171765;71.58392;Infinity;2387.29;19.7694;-30.9791;1.1681;1.4507;-45.9190;53.8074;354.9554;352.6685;333.2747;175.2863;354.3221;359.1760;LeftFalse_RightFalse;LeftFalse_RightFalse;HandLeft_(-0.4, -0.4, 0.0)_(-0.1, -0.6, 0.8, -0.1)_1.012537_System.String[];HandLeft_(0.3, -0.8, -0.1)_(0.4, 0.2, -0.6, 0.6)_0.9825718_System.String[];HandRight_(-0.3, -0.3, -0.3)_(0.1, 0.3, 0.3, -0.9)_1.012537_System.String[];HandRight_(0.3, -0.5, -0.2)_(0.4, -0.3, -0.1, 0.9)_0.9825718_System.String[];22.3459;-0.1237;-0.2735;19.7230;-31.2775;1.1920;1.0580;-46.0289;53.8006;359.4681;357.7769;281.5763;151.5501;359.8146;3.5395
0.1973;0.0313;False;False;19.7732;-31.7098;0.0191;-0.0238;-45.6676;53.8681;359.9139;0.1029;285.5962;168.5562;359.8521;359.9852;0.5768;0.0028;-0.0095;0.4598;-1.8932;-1.9594;171768;71.41384;Infinity;2387.33;19.6870;-30.9539;1.1682;1.4503;-45.8994;53.7314;354.9613;352.6529;333.1124;174.9222;354.3189;359.1818;LeftFalse_RightFalse;LeftFalse_RightFalse;HandLeft_(-0.4, -0.4, 0.0)_(-0.1, -0.6, 0.8, -0.2)_1.012537_System.String[];HandLeft_(0.3, -0.7, -0.1)_(0.4, 0.2, -0.6, 0.6)_0.9825718_System.String[];HandRight_(-0.3, -0.3, -0.3)_(0.0, 0.3, 0.3, -0.9)_1.012537_System.String[];HandRight_(0.3, -0.5, -0.2)_(0.4, -0.3, -0.1, 0.9)_0.9825718_System.String[];22.3879;-0.1243;-0.2771;19.6414;-31.2536;1.1925;1.0577;-46.0092;53.7225;359.2130;357.7520;281.2120;151.1462;359.5882;3.2925
0.2152;0.1136;False;False;19.6915;-31.6856;0.0192;-0.0242;-45.6486;53.7893;359.9165;0.0876;285.4300;168.1956;359.8484;359.9864;0.5878;0.0030;-0.0102;0.4547;-1.8800;-1.9659;171771;71.69663;Infinity;2387.37;19.6060;-30.9288;1.1684;1.4500;-45.8805;53.6576;354.9661;352.6378;332.9472;174.5627;354.3177;359.1827;LeftFalse_RightFalse;LeftFalse_RightFalse;HandLeft_(-0.4, -0.4, 0.0)_(-0.1, -0.6, 0.8, -0.2)_1.012537_System.String[];HandLeft_(0.3, -0.7, -0.1)_(0.4, 0.2, -0.6, 0.6)_0.9825718_System.String[];HandRight_(-0.3, -0.3, -0.2)_(0.0, 0.3, 0.3, -0.9)_1.012537_System.String[];HandRight_(0.3, -0.5, -0.2)_(0.4, -0.3, -0.1, 0.9)_0.9825718_System.String[];22.4297;-0.1210;-0.2792;19.5605;-31.2302;1.1929;1.0574;-45.9902;53.6464;359.0530;357.6703;280.9810;150.8885;359.3764;2.9644
0.2289;0.2084;False;False;19.6094;-31.6608;0.0193;-0.0246;-45.6297;53.7110;359.9193;0.0714;285.2639;167.8308;359.8466;359.9858;0.6017;0.0031;-0.0107;0.4524;-1.8764;-1.9738;171774;71.845;Infinity;2387.41;19.5246;-30.9033;1.1685;1.4496;-45.8619;53.5845;354.9698;352.6221;332.7803;174.1997;354.3180;359.1809;LeftFalse_RightFalse;LeftFalse_RightFalse;HandLeft_(-0.4, -0.4, 0.0)_(-0.1, -0.6, 0.8, -0.1)_1.012537_System.String[];HandLeft_(0.3, -0.7, -0.1)_(0.4, 0.2, -0.6, 0.7)_0.9825718_System.String[];HandRight_(-0.3, -0.3, -0.2)_(0.1, 0.3, 0.3, -0.9)_1.012537_System.String[];HandRight_(0.3, -0.6, -0.2)_(0.4, -0.3, -0.1, 0.9)_0.9825718_System.String[];22.4714;-0.1127;-0.2793;19.4790;-31.2063;1.1932;1.0571;-45.9717;53.5708;359.0359;357.5183;280.8456;150.7413;359.2953;2.6368
0.2389;0.2874;False;False;19.5270;-31.6353;0.0195;-0.0251;-45.6109;53.6326;359.9219;0.0537;285.1036;167.4606;359.8477;359.9843;0.6183;0.0026;-0.0111;0.4535;-1.8828;-1.9826;171777;71.92207;Infinity;2387.45;19.4429;-30.8773;1.1686;1.4493;-45.8433;53.5115;354.9720;352.6052;332.6170;173.8317;354.3199;359.1778;LeftFalse_RightFalse;LeftFalse_RightFalse;HandLeft_(-0.4, -0.4, 0.0)_(-0.1, -0.5, 0.8, -0.1)_1.012537_System.String[];HandLeft_(0.3, -0.7, -0.1)_(0.4, 0.2, -0.6, 0.7)_0.9825718_System.String[];HandRight_(-0.3, -0.3, -0.2)_(0.1, 0.3, 0.3, -0.9)_1.012537_System.String[];HandRight_(0.3, -0.6, -0.2)_(0.4, -0.3, -0.1, 0.9)_0.9825718_System.String[];22.5129;-0.1012;-0.2793;19.3966;-31.1815;1.1936;1.0567;-45.9532;53.4953;359.1149;357.3789;280.7623;150.6063;359.3347;2.4162
0.2462;0.3472;False;False;19.4442;-31.6091;0.0196;-0.0255;-45.5919;53.5538;359.9233;0.0356;284.9546;167.0844;359.8524;359.9794;0.6365;0.0019;-0.0094;0.4565;-1.8958;-1.9921;171780;71.96673;Infinity;2387.49;19.3608;-30.8505;1.1687;1.4489;-45.8247;53.4383;354.9700;352.5868;332.4637;173.4584;354.3243;359.1735;LeftFalse_RightFalse;LeftFalse_RightFalse;HandLeft_(-0.4, -0.4, 0.0)_(-0.1, -0.5, 0.9, 0.0)_1.012537_System.String[];HandLeft_(0.3, -0.7, -0.1)_(0.4, 0.2, -0.6, 0.7)_0.9825718_System.String[];HandRight_(-0.3, -0.3, -0.2)_(0.1, 0.4, 0.3, -0.9)_1.012537_System.String[];HandRight_(0.3, -0.5, -0.2)_(0.4, -0.3, -0.1, 0.9)_0.9825718_System.String[];22.5547;-0.0863;-0.2793;19.3139;-31.1556;1.1938;1.0564;-45.9348;53.4197;359.1628;357.3216;280.7487;150.4181;359.3949;2.2753
0.2515;0.4020;False;False;19.3609;-31.5819;0.0196;-0.0259;-45.5727;53.4742;359.9234;0.0198;284.8206;166.7007;359.8577;359.9675;0.6566;0.0013;-0.0084;0.4630;-1.9145;-2.0018;171783;71.97415;Infinity;2387.54;19.2782;-30.8231;1.1688;1.4488;-45.8060;53.3645;354.9666;352.5719;332.3239;173.0786;354.3279;359.1608;LeftFalse_RightFalse;LeftFalse_RightFalse;HandLeft_(-0.4, -0.4, 0.0)_(-0.1, -0.5, 0.9, 0.0)_1.012537_System.String[];HandLeft_(0.3, -0.7, -0.1)_(0.4, 0.2, -0.6, 0.7)_0.9825718_System.String[];HandRight_(-0.3, -0.3, -0.2)_(0.1, 0.4, 0.3, -0.8)_1.012537_System.String[];HandRight_(0.3, -0.6, -0.2)_(0.4, -0.3, -0.1, 0.9)_0.9825718_System.String[];22.5964;-0.0701;-0.2793;19.2307;-31.1288;1.1939;1.0559;-45.9165;53.3431;359.2438;357.3305;280.7430;150.1835;359.4559;2.1609
0.2554;0.4645;False;False;19.2772;-31.5539;0.0197;-0.0262;-45.5531;53.3937;359.9227;0.0047;284.7063;166.3094;359.8640;359.9530;0.6792;0.0009;-0.0078;0.4719;-1.9388;-2.0114;171786;71.98744;Infinity;2387.58;19.1951;-30.7949;1.1688;1.4487;-45.7869;53.2898;354.9619;352.5582;332.2026;172.6920;354.3316;359.1453;LeftFalse_RightFalse;LeftFalse_RightFalse;HandLeft_(-0.4, -0.4, 0.0)_(-0.2, -0.4, 0.9, 0.0)_1.012537_System.String[];HandLeft_(0.3, -0.7, -0.1)_(0.4, 0.2, -0.6, 0.6)_0.9825718_System.String[];HandRight_(-0.3, -0.3, -0.2)_(0.2, 0.4, 0.3, -0.8)_1.012537_System.String[];HandRight_(0.3, -0.6, -0.2)_(0.4, -0.3, -0.1, 0.9)_0.9825718_System.String[];22.6379;-0.0551;-0.2793;19.1475;-31.1009;1.1937;1.0554;-45.8980;53.2659;359.3406;357.3851;280.7175;149.9120;359.5735;2.0640
0.2593;0.5342;False;False;19.1931;-31.5247;0.0197;-0.0266;-45.5331;53.3120;359.9217;359.9898;284.6127;165.9091;359.8708;359.9367;0.7049;0.0006;-0.0074;0.4814;-1.9695;-2.0211;171789;71.9886;Infinity;2387.62;19.1115;-30.7657;1.1688;1.4487;-45.7673;53.2141;354.9563;352.5451;332.1021;172.2970;354.3355;359.1278;LeftFalse_RightFalse;LeftFalse_RightFalse;HandLeft_(-0.4, -0.4, 0.0)_(-0.2, -0.4, 0.9, 0.0)_1.012537_System.String[];HandLeft_(0.3, -0.7, -0.1)_(0.4, 0.2, -0.6, 0.7)_0.9825718_System.String[];HandRight_(-0.3, -0.3, -0.2)_(0.2, 0.4, 0.3, -0.8)_1.012537_System.String[];HandRight_(0.3, -0.6, -0.2)_(0.4, -0.3, -0.1, 0.9)_0.9825718_System.String[];22.6797;-0.0441;-0.2793;19.0639;-31.0719;1.1934;1.0550;-45.8790;53.1877;359.3523;357.4513;280.6790;149.6332;359.7548;1.8993
0.2622;0.5945;False;False;19.1086;-31.4943;0.0197;-0.0268;-45.5127;53.2288;359.9206;359.9790;284.5374;165.4989;359.8770;359.9278;0.7498;0.0004;-0.0036;0.4932;-2.0257;-2.0367;171792;71.9995;Infinity;2387.66;19.0275;-30.7352;1.1688;1.4486;-45.7474;53.1371;354.9509;352.5341;332.0209;171.8918;354.3391;359.1146;LeftFalse_RightFalse;LeftFalse_RightFalse;HandLeft_(-0.4, -0.4, 0.0)_(-0.2, -0.4, 0.9, 0.0)_1.012537_System.String[];HandLeft_(0.3, -0.7, -0.1)_(0.4, 0.2, -0.6, 0.7)_0.9825718_System.String[];HandRight_(-0.3, -0.3, -0.3)_(0.2, 0.4, 0.3, -0.8)_1.012537_System.String[];HandRight_(0.3, -0.6, -0.2)_(0.4, -0.3, -0.1, 0.9)_0.9825718_System.String[];22.7214;-0.0370;-0.2793;18.9800;-31.0418;1.1933;1.0548;-45.8597;53.1080;359.2962;357.5200;280.6466;149.3704;359.9850;1.7255
0.2642;0.6354;False;False;19.0233;-31.4625;0.0197;-0.0269;-45.4920;53.1434;359.9196;359.9707;284.4742;165.0758;359.8813;359.9215;0.7831;0.0008;-0.0025;0.4985;-2.0691;-2.0478;171795;71.86156;Infinity;2387.70;18.9426;-30.7033;1.1688;1.4486;-45.7270;53.0583;354.9464;352.5258;331.9539;171.4740;354.3417;359.1067;LeftFalse_RightFalse;LeftFalse_RightFalse;HandLeft_(-0.4, -0.3, 0.0)_(-0.2, -0.4, 0.9, 0.1)_1.012537_System.String[];HandLeft_(0.3, -0.7, 0.0)_(0.4, 0.2, -0.6, 0.7)_0.9825718_System.String[];HandRight_(-0.3, -0.3, -0.3)_(0.2, 0.4, 0.4, -0.8)_1.012537_System.String[];HandRight_(0.3, -0.6, -0.2)_(0.4, -0.3, -0.1, 0.9)_0.9825718_System.String[];22.7632;-0.0356;-0.2793;18.8954;-31.0099;1.1934;1.0547;-45.8398;53.0264;359.2209;357.5369;280.6316;149.0628;0.1696;1.6403
0.2658;0.6578;False;False;18.9379;-31.4294;0.0198;-0.0270;-45.4712;53.0566;359.9178;359.9641;284.4183;164.6427;359.8818;359.9167;0.8183;0.0011;-0.0018;0.5015;-2.1155;-2.0594;171798;71.95046;Infinity;2387.74;18.8576;-30.6700;1.1688;1.4486;-45.7064;52.9780;354.9441;352.5193;331.8961;171.0455;354.3418;359.1006;LeftFalse_RightFalse;LeftFalse_RightFalse;HandLeft_(-0.4, -0.3, 0.0)_(-0.2, -0.4, 0.9, 0.1)_1.012537_System.String[];HandLeft_(0.3, -0.7, -0.1)_(0.4, 0.2, -0.6, 0.7)_0.9825718_System.String[];HandRight_(-0.3, -0.3, -0.3)_(0.3, 0.4, 0.4, -0.8)_1.012537_System.String[];HandRight_(0.3, -0.6, -0.2)_(0.4, -0.3, -0.1, 0.9)_0.9825718_System.String[];22.8047;-0.0377;-0.2792;18.8108;-30.9765;1.1936;1.0546;-45.8192;52.9435;359.1181;357.4994;280.6490;148.6856;0.2900;1.6279
0.2669;0.6663;False;False;18.8517;-31.3946;0.0198;-0.0270;-45.4503;52.9675;359.9157;359.9590;284.3633;164.1963;359.8794;359.9125;0.8546;0.0013;-0.0014;0.5017;-2.1632;-2.0718;171801;71.91356;Infinity;2387.79;18.7718;-30.6350;1.1689;1.4486;-45.6855;52.8956;354.9438;352.5142;331.8415;170.6037;354.3394;359.0956;LeftFalse_RightFalse;LeftFalse_RightFalse;HandLeft_(-0.4, -0.3, 0.0)_(-0.2, -0.4, 0.9, 0.1)_1.012537_System.String[];HandLeft_(0.3, -0.7, -0.1)_(0.4, 0.2, -0.6, 0.7)_0.9825718_System.String[];HandRight_(-0.3, -0.3, -0.3)_(0.3, 0.4, 0.3, -0.8)_1.012537_System.String[];HandRight_(0.3, -0.6, -0.2)_(0.4, -0.3, -0.1, 0.9)_0.9825718_System.String[];22.8464;-0.0432;-0.2778;18.7260;-30.9414;1.1937;1.0546;-45.7982;52.8586;358.9561;357.4444;280.6880;148.2410;0.3178;1.5795
0.2677;0.6652;False;False;18.7651;-31.3583;0.0199;-0.0271;-45.4294;52.8765;359.9135;359.9553;284.3037;163.7398;359.8745;359.9088;0.8908;0.0015;-0.0012;0.4993;-2.2111;-2.0847;171804;71.94387;Infinity;2387.83;18.6857;-30.5986;1.1689;1.4486;-45.6647;52.8115;354.9453;352.5105;331.7845;170.1514;354.3350;359.0913;LeftFalse_RightFalse;LeftFalse_RightFalse;HandLeft_(-0.4, -0.3, 0.0)_(-0.2, -0.4, 0.9, 0.0)_1.012537_System.String[];HandLeft_(0.3, -0.7, -0.1)_(0.4, 0.2, -0.6, 0.7)_0.9825718_System.String[];HandRight_(-0.3, -0.3, -0.3)_(0.2, 0.4, 0.3, -0.8)_1.012537_System.String[];HandRight_(0.3, -0.6, -0.2)_(0.4, -0.3, -0.1, 0.9)_0.9825718_System.String[];22.8882;-0.0517;-0.2743;18.6407;-30.9047;1.1940;1.0546;-45.7772;52.7716;358.8236;357.4530;280.7197;147.8003;0.2604;1.4401
0.2682;0.6599;False;False;18.6780;-31.3205;0.0199;-0.0272;-45.4087;52.7835;359.9114;359.9530;284.2357;163.2754;359.8678;359.9060;0.9265;0.0016;-0.0012;0.4950;-2.2588;-2.0980;171807;71.9782;Infinity;2387.87;18.5991;-30.5607;1.1690;1.4486;-45.6439;52.7254;354.9484;352.5080;331.7203;169.6897;354.3292;359.0878;LeftFalse_RightFalse;LeftFalse_RightFalse;HandLeft_(-0.4, -0.3, 0.0)_(-0.2, -0.4, 0.9, 0.0)_1.012537_System.String[];HandLeft_(0.3, -0.7, -0.1)_(0.4, 0.2, -0.6, 0.6)_0.9825718_System.String[];HandRight_(-0.3, -0.3, -0.3)_(0.2, 0.4, 0.3, -0.8)_1.012537_System.String[];HandRight_(0.3, -0.6, -0.2)_(0.4, -0.3, -0.1, 0.9)_0.9825718_System.String[];22.9299;-0.0614;-0.2682;18.5549;-30.8666;1.1944;1.0546;-45.7562;52.6826;358.6653;357.4826;280.7457;147.4293;0.1219;1.2447
0.2683;0.6557;False;False;18.5900;-31.2810;0.0200;-0.0272;-45.3882;52.6882;359.9093;359.9519;284.1554;162.8057;359.8596;359.9042;0.9610;0.0017;-0.0012;0.4889;-2.3063;-2.1116;171810;71.92706;Infinity;2387.91;18.5118;-30.5211;1.1691;1.4486;-45.6234;52.6372;354.9527;352.5068;331.6451;169.2212;354.3224;359.0855;LeftFalse_RightFalse;LeftFalse_RightFalse;HandLeft_(-0.4, -0.4, 0.0)_(-0.2, -0.4, 0.9, 0.0)_1.012537_System.String[];HandLeft_(0.3, -0.7, 0.0)_(0.4, 0.2, -0.6, 0.6)_0.9825718_System.String[];HandRight_(-0.3, -0.3, -0.3)_(0.2, 0.4, 0.4, -0.8)_1.012537_System.String[];HandRight_(0.3, -0.6, -0.2)_(0.4, -0.3, -0.1, 0.9)_0.9825718_System.String[];22.9717;-0.0714;-0.2603;18.4684;-30.8270;1.1947;1.0546;-45.7354;52.5915;358.5228;357.4952;280.7453;147.1268;359.9517;1.1373
0.2676;0.6552;False;False;18.5017;-31.2402;0.0201;-0.0272;-45.3681;52.5909;359.9074;359.9516;284.0612;162.3369;359.8506;359.9029;0.9943;0.0018;-0.0006;0.4817;-2.3537;-2.1253;171813;71.95165;Infinity;2387.95;18.4241;-30.4801;1.1692;1.4486;-45.6031;52.5470;354.9578;352.5066;331.5564;168.7519;354.3150;359.0845;LeftFalse_RightFalse;LeftFalse_RightFalse;HandLeft_(-0.4, -0.4, 0.0)_(-0.2, -0.5, 0.9, 0.0)_1.012537_System.String[];HandLeft_(0.3, -0.7, 0.0)_(0.5, 0.2, -0.6, 0.6)_0.9825718_System.String[];HandRight_(-0.3, -0.3, -0.3)_(0.2, 0.3, 0.4, -0.9)_1.012537_System.String[];HandRight_(0.3, -0.6, -0.2)_(0.4, -0.3, -0.1, 0.9)_0.9825718_System.String[];23.0134;-0.0793;-0.2519;18.3813;-30.7858;1.1950;1.0546;-45.7150;52.4983;358.3911;357.4818;280.7022;146.8200;359.8191;1.1410
0.2664;0.6581;False;False;18.4115;-31.1973;0.0201;-0.0273;-45.3479;52.4903;359.9055;359.9508;283.9522;161.8641;359.8416;359.8994;1.0277;0.0018;-0.0003;0.4752;-2.4005;-2.1387;171816;71.533;Infinity;2388.00;18.3348;-30.4373;1.1694;1.4486;-45.5829;52.4536;354.9633;352.5061;331.4522;168.2796;354.3074;359.0815;LeftFalse_RightFalse;LeftFalse_RightFalse;HandLeft_(-0.4, -0.4, 0.0)_(-0.1, -0.5, 0.9, 0.0)_1.012537_System.String[];HandLeft_(0.2, -0.7, 0.0)_(0.4, 0.2, -0.6, 0.6)_0.9825718_System.String[];HandRight_(-0.3, -0.3, -0.3)_(0.1, 0.3, 0.3, -0.9)_1.012537_System.String[];HandRight_(0.3, -0.5, -0.2)_(0.4, -0.3, -0.1, 0.9)_0.9825718_System.String[];23.0557;-0.0860;-0.2430;18.2925;-30.7427;1.1955;1.0547;-45.6947;52.4020;358.2759;357.4946;280.6317;146.4463;359.7057;1.1918
0.2637;0.6651;False;False;18.3216;-31.1534;0.0202;-0.0273;-45.3282;52.3885;359.9042;359.9503;283.8325;161.3994;359.8326;359.8946;1.0609;0.0024;-0.0001;0.4686;-2.4477;-2.1516;171819;71.55109;Infinity;2388.04;18.2456;-30.3934;1.1695;1.4487;-45.5632;52.3588;354.9685;352.5061;331.3368;167.8145;354.3003;359.0769;LeftFalse_RightFalse;LeftFalse_RightFalse;HandLeft_(-0.4, -0.4, 0.0)_(-0.1, -0.5, 0.8, -0.1)_1.012537_System.String[];HandLeft_(0.2, -0.7, 0.0)_(0.4, 0.3, -0.6, 0.6)_0.9825718_System.String[];HandRight_(-0.3, -0.3, -0.3)_(0.1, 0.3, 0.3, -0.9)_1.012537_System.String[];HandRight_(0.3, -0.5, -0.2)_(0.3, -0.3, -0.1, 0.9)_0.9825718_System.String[];23.0974;-0.0902;-0.2351;18.2038;-30.6984;1.1959;1.0547;-45.6751;52.3045;358.2012;357.5332;280.5455;145.9984;359.6167;1.2292
0.2599;0.6751;False;False;18.2309;-31.1078;0.0203;-0.0273;-45.3088;52.2845;359.9039;359.9500;283.7029;160.9388;359.8229;359.8892;1.0948;0.0027;0.0000;0.4627;-2.4952;-2.1640;171822;71.55923;Infinity;2388.08;18.1555;-30.3479;1.1696;1.4487;-45.5437;52.2614;354.9754;352.5063;331.2103;167.3517;354.2932;359.0716;LeftFalse_RightFalse;LeftFalse_RightFalse;HandLeft_(-0.4, -0.4, 0.0)_(-0.1, -0.5, 0.8, -0.1)_1.012537_System.String[];HandLeft_(0.2, -0.7, -0.1)_(0.4, 0.3, -0.6, 0.6)_0.9825718_System.String[];HandRight_(-0.3, -0.3, -0.3)_(0.1, 0.3, 0.3, -0.9)_1.012537_System.String[];HandRight_(0.3, -0.5, -0.2)_(0.3, -0.4, -0.1, 0.9)_0.9825718_System.String[];23.1394;-0.0933;-0.2278;18.1138;-30.6524;1.1963;1.0544;-45.6557;52.2046;358.1429;357.5700;280.4436;145.4908;359.5814;1.2409
0.2535;0.6871;False;False;18.1400;-31.0609;0.0205;-0.0273;-45.2897;52.1786;359.9037;359.9497;283.5666;160.4843;359.8170;359.8831;1.1481;0.0030;-0.0001;0.4541;-2.5670;-2.1814;171825;71.61662;Infinity;2388.12;18.0655;-30.3013;1.1698;1.4488;-45.5246;52.1625;354.9808;352.5066;331.0769;166.8975;354.2878;359.0658;LeftFalse_RightFalse;LeftFalse_RightFalse;HandLeft_(-0.4, -0.4, 0.0)_(-0.1, -0.5, 0.8, -0.1)_1.012537_System.String[];HandLeft_(0.2, -0.7, -0.1)_(0.4, 0.3, -0.6, 0.6)_0.9825718_System.String[];HandRight_(-0.3, -0.3, -0.3)_(0.1, 0.3, 0.3, -0.9)_1.012537_System.String[];HandRight_(0.3, -0.5, -0.2)_(0.3, -0.4, -0.2, 0.8)_0.9825718_System.String[];23.1812;-0.0968;-0.2207;18.0237;-30.6055;1.1966;1.0541;-45.6370;52.1037;358.1021;357.5308;280.3248;144.9781;359.6104;1.2550
0.2408;0.7040;False;False;18.0475;-31.0118;0.0206;-0.0273;-45.2705;52.0692;359.9044;359.9496;283.4225;160.0275;359.8146;359.8764;1.1848;0.0030;-0.0001;0.4477;-2.6160;-2.1920;171828;71.27692;Infinity;2388.16;17.9737;-30.2525;1.1699;1.4489;-45.5056;52.0601;354.9835;352.5072;330.9350;166.4405;354.2860;359.0591;LeftFalse_RightFalse;LeftFalse_RightFalse;HandLeft_(-0.4, -0.4, 0.0)_(-0.1, -0.5, 0.8, -0.1)_1.012537_System.String[];HandLeft_(0.2, -0.7, -0.1)_(0.4, 0.4, -0.6, 0.6)_0.9825718_System.String[];HandRight_(-0.3, -0.3, -0.3)_(0.1, 0.3, 0.3, -0.9)_1.012537_System.String[];HandRight_(0.3, -0.5, -0.2)_(0.3, -0.4, -0.2, 0.9)_0.9825718_System.String[];23.2236;-0.1017;-0.2119;17.9320;-30.5563;1.1968;1.0540;-45.6186;51.9993;358.1020;357.4410;280.2309;144.4627;359.6484;1.2694
0.2200;0.7243;False;False;17.9550;-30.9613;0.0207;-0.0273;-45.2518;51.9582;359.9060;359.9483;283.2721;159.5786;359.8130;359.8723;1.2217;0.0024;0.0009;0.4400;-2.6670;-2.2009;171831;71.20797;Infinity;2388.21;17.8823;-30.2025;1.1701;1.4490;-45.4871;51.9563;354.9855;352.5073;330.7878;165.9917;354.2858;359.0533;LeftFalse_RightFalse;LeftFalse_RightFalse;HandLeft_(-0.4, -0.4, 0.0)_(-0.1, -0.5, 0.8, -0.1)_1.012537_System.String[];HandLeft_(0.2, -0.7, 0.0)_(0.4, 0.4, -0.6, 0.6)_0.9825718_System.String[];HandRight_(-0.3, -0.3, -0.3)_(0.1, 0.3, 0.3, -0.9)_1.012537_System.String[];HandRight_(0.3, -0.5, -0.2)_(0.3, -0.4, -0.2, 0.8)_0.9825718_System.String[];23.2656;-0.1079;-0.2017;17.8408;-30.5059;1.1970;1.0539;-45.6005;51.8936;358.1378;357.3157;280.1539;143.9757;359.7382;1.2967
0.1890;0.7437;False;False;17.8624;-30.9093;0.0208;-0.0272;-45.2335;51.8452;359.9095;359.9443;283.1133;159.1397;359.8089;359.8734;1.2585;0.0020;0.0009;0.4306;-2.7206;-2.2071;171834;71.30501;Infinity;2388.25;17.7900;-30.1506;1.1702;1.4490;-45.4688;51.8497;354.9898;352.5041;330.6315;165.5477;354.2857;359.0527;LeftFalse_RightFalse;LeftFalse_RightFalse;HandLeft_(-0.4, -0.4, 0.0)_(-0.1, -0.5, 0.8, -0.1)_1.012537_System.String[];HandLeft_(0.2, -0.7, 0.0)_(0.4, 0.4, -0.6, 0.6)_0.9825718_System.String[];HandRight_(-0.3, -0.3, -0.3)_(0.1, 0.3, 0.3, -0.9)_1.012537_System.String[];HandRight_(0.3, -0.5, -0.2)_(0.3, -0.4, -0.2, 0.8)_0.9825718_System.String[];23.3079;-0.1156;-0.1898;17.7488;-30.4537;1.1972;1.0542;-45.5826;51.7852;358.1727;357.1501;280.0656;143.4979;359.8695;1.3476
0.1477;0.7592;False;False;17.7697;-30.8557;0.0209;-0.0272;-45.2157;51.7299;359.9143;359.9388;282.9449;158.7120;359.8039;359.8773;1.2955;0.0017;0.0009;0.4198;-2.7759;-2.2100;171837;71.37126;Infinity;2388.29;17.6979;-30.0974;1.1703;1.4490;-45.4509;51.7412;354.9963;352.4987;330.4665;165.1158;354.2857;359.0552;LeftFalse_RightFalse;LeftFalse_RightFalse;HandLeft_(-0.4, -0.4, 0.0)_(-0.1, -0.6, 0.8, -0.1)_1.012537_System.String[];HandLeft_(0.2, -0.7, 0.0)_(0.4, 0.5, -0.6, 0.5)_0.9825718_System.String[];HandRight_(-0.3, -0.3, -0.3)_(0.0, 0.3, 0.3, -0.9)_1.012537_System.String[];HandRight_(0.3, -0.5, -0.2)_(0.3, -0.4, -0.2, 0.8)_0.9825718_System.String[];23.3499;-0.1245;-0.1769;17.6572;-30.4000;1.1972;1.0544;-45.5654;51.6747;358.1606;356.9966;280.0035;142.9804;359.9240;1.4070
0.1077;0.7704;False;False;17.6768;-30.8005;0.0210;-0.0271;-45.1983;51.6118;359.9202;359.9320;282.7648;158.2981;359.7981;359.8832;1.3313;0.0016;0.0009;0.4066;-2.8333;-2.2082;171840;71.3457;Infinity;2388.33;17.6057;-30.0424;1.1704;1.4491;-45.4336;51.6300;355.0041;352.4918;330.2906;164.6961;354.2861;359.0598;LeftFalse_RightFalse;LeftFalse_RightFalse;HandLeft_(-0.4, -0.4, 0.0)_(-0.1, -0.6, 0.8, -0.1)_1.012537_System.String[];HandLeft_(0.2, -0.7, -0.1)_(0.4, 0.5, -0.6, 0.5)_0.9825718_System.String[];HandRight_(-0.3, -0.3, -0.3)_(0.0, 0.3, 0.3, -0.9)_1.012537_System.String[];HandRight_(0.4, -0.6, -0.2)_(0.3, -0.4, -0.3, 0.8)_0.9825718_System.String[];23.3918;-0.1332;-0.1631;17.5654;-30.3447;1.1973;1.0545;-45.5485;51.5615;358.1482;356.8691;279.9562;142.4214;359.9455;1.4597
0.0785;0.7787;False;False;17.5842;-30.7437;0.0210;-0.0271;-45.1816;51.4913;359.9278;359.9236;282.5728;157.9030;359.7932;359.8888;1.3665;0.0022;0.0001;0.3919;-2.8925;-2.2021;171843;71.35629;Infinity;2388.37;17.5137;-29.9861;1.1704;1.4490;-45.4169;51.5162;355.0128;352.4835;330.1028;164.2942;354.2875;359.0650;LeftFalse_RightFalse;LeftFalse_RightFalse;HandLeft_(-0.4, -0.4, -0.1)_(-0.1, -0.6, 0.8, -0.1)_1.012537_System.String[];HandLeft_(0.2, -0.8, -0.1)_(0.4, 0.6, -0.6, 0.4)_0.9825718_System.String[];HandRight_(-0.3, -0.2, -0.3)_(0.0, 0.2, 0.3, -0.9)_1.012537_System.String[];HandRight_(0.4, -0.6, -0.2)_(0.3, -0.5, -0.3, 0.8)_0.9825718_System.String[];23.4338;-0.1419;-0.1515;17.4739;-30.2879;1.1974;1.0546;-45.5320;51.4457;358.1134;356.8166;279.9131;141.8804;359.9565;1.4694
0.0572;0.7846;False;False;17.4916;-30.6852;0.0211;-0.0271;-45.1655;51.3679;359.9369;359.9140;282.3686;157.5249;359.7895;359.8933;1.4029;0.0025;-0.0003;0.3770;-2.9515;-2.1933;171846;71.23826;Infinity;2388.42;17.4219;-29.9281;1.1706;1.4490;-45.4008;51.3993;355.0217;352.4736;329.9022;163.9109;354.2911;359.0689;LeftFalse_RightFalse;LeftFalse_RightFalse;HandLeft_(-0.4, -0.4, -0.1)_(0.0, -0.6, 0.8, -0.2)_1.012537_System.String[];HandLeft_(0.2, -0.8, -0.1)_(0.4, 0.6, -0.6, 0.4)_0.9825718_System.String[];HandRight_(-0.3, -0.2, -0.3)_(0.0, 0.2, 0.3, -0.9)_1.012537_System.String[];HandRight_(0.4, -0.6, -0.2)_(0.2, -0.5, -0.3, 0.8)_0.9825718_System.String[];23.4761;-0.1498;-0.1410;17.3826;-30.2295;1.1975;1.0547;-45.5162;51.3269;358.0665;356.8112;279.8802;141.3617;359.9695;1.4557
0.0417;0.7898;False;False;17.3997;-30.6252;0.0212;-0.0272;-45.1501;51.2420;359.9463;359.9036;282.1545;157.1645;359.7872;359.8972;1.4393;0.0023;-0.0006;0.3613;-3.0110;-2.1823;171849;71.26679;Infinity;2388.46;17.3302;-29.8684;1.1707;1.4490;-45.3854;51.2791;355.0304;352.4630;329.6902;163.5436;354.2961;359.0719;LeftFalse_RightFalse;LeftFalse_RightFalse;HandLeft_(-0.4, -0.4, -0.1)_(0.0, -0.6, 0.8, -0.2)_1.012537_System.String[];HandLeft_(0.2, -0.8, -0.1)_(0.4, 0.6, -0.6, 0.3)_0.9825718_System.String[];HandRight_(-0.3, -0.2, -0.3)_(0.0, 0.2, 0.3, -0.9)_1.012537_System.String[];HandRight_(0.4, -0.6, -0.2)_(0.2, -0.5, -0.3, 0.8)_0.9825718_System.String[];23.5181;-0.1563;-0.1325;17.2917;-30.1693;1.1976;1.0547;-45.5007;51.2047;357.9902;356.8223;279.8683;140.9422;-0.0015;1.4295
0.0304;0.7945;False;False;17.3088;-30.5639;0.0213;-0.0272;-45.1355;51.1142;359.9550;359.8929;281.9325;156.8218;359.7875;359.9005;1.4769;0.0020;-0.0010;0.3457;-3.0702;-2.1697;171852;71.51373;Infinity;2388.50;17.2396;-29.8074;1.1708;1.4490;-45.3709;51.1568;355.0367;352.4521;329.4697;163.1948;354.3025;359.0741;LeftFalse_RightFalse;LeftFalse_RightFalse;HandLeft_(-0.4, -0.4, -0.1)_(0.0, -0.6, 0.8, -0.2)_1.012537_System.String[];HandLeft_(0.2, -0.8, -0.1)_(0.5, 0.6, -0.5, 0.3)_0.9825718_System.String[];HandRight_(-0.3, -0.2, -0.2)_(-0.1, 0.2, 0.3, -0.9)_1.012537_System.String[];HandRight_(0.4, -0.6, -0.2)_(0.2, -0.5, -0.3, 0.8)_0.9825718_System.String[];23.5598;-0.1607;-0.1273;17.2015;-30.1081;1.1977;1.0547;-45.4859;51.0805;357.9436;356.7895;279.8735;140.6026;-0.0047;1.4478
0.0222;0.8005;False;False;17.2189;-30.5011;0.0214;-0.0272;-45.1215;50.9844;359.9619;359.8819;281.7046;156.4920;359.7868;359.9029;1.5376;0.0007;-0.0014;0.3245;-3.1573;-2.1490;171855;71.75278;Infinity;2388.54;17.1502;-29.7452;1.1708;1.4490;-45.3571;51.0326;355.0419;352.4410;329.2434;162.8615;354.3079;359.0757;LeftFalse_RightFalse;LeftFalse_RightFalse;HandLeft_(-0.4, -0.4, -0.1)_(0.0, -0.6, 0.7, -0.2)_1.012537_System.String[];HandLeft_(0.2, -0.8, -0.1)_(0.5, 0.6, -0.5, 0.3)_0.9825718_System.String[];HandRight_(-0.3, -0.2, -0.2)_(-0.1, 0.2, 0.3, -0.9)_1.012537_System.String[];HandRight_(0.4, -0.6, -0.2)_(0.2, -0.5, -0.4, 0.8)_0.9825718_System.String[];23.6016;-0.1631;-0.1249;17.1126;-30.0459;1.1978;1.0547;-45.4720;50.9544;357.8855;356.7397;279.8669;140.3123;0.0052;1.4762
0.0162;0.8091;False;False;17.1296;-30.4364;0.0214;-0.0273;-45.1082;50.8520;359.9673;359.8709;281.4731;156.1678;359.7867;359.9037;1.5814;0.0003;-0.0016;0.3120;-3.2143;-2.1341;171858;71.87177;Infinity;2388.58;17.0615;-29.6813;1.1708;1.4490;-45.3439;50.9058;355.0462;352.4298;329.0124;162.5358;354.3121;359.0759;LeftFalse_RightFalse;LeftFalse_RightFalse;HandLeft_(-0.4, -0.4, -0.1)_(0.0, -0.6, 0.7, -0.2)_1.012537_System.String[];HandLeft_(0.2, -0.8, -0.1)_(0.5, 0.6, -0.5, 0.3)_0.9825718_System.String[];HandRight_(-0.3, -0.2, -0.2)_(-0.1, 0.2, 0.3, -0.9)_1.012537_System.String[];HandRight_(0.4, -0.6, -0.2)_(0.2, -0.5, -0.4, 0.8)_0.9825718_System.String[];23.6433;-0.1635;-0.1245;17.0244;-29.9820;1.1980;1.0547;-45.4588;50.8258;357.8378;356.6693;279.8135;140.0488;0.0040;1.4975
0.0118;0.8219;False;False;17.0408;-30.3697;0.0214;-0.0274;-45.0953;50.7171;359.9718;359.8598;281.2407;155.8442;359.7874;359.9027;1.6278;0.0001;-0.0017;0.3004;-3.2709;-2.1187;171861;71.89655;Infinity;2388.63;16.9734;-29.6155;1.1708;1.4490;-45.3313;50.7763;355.0491;352.4189;328.7797;162.2126;354.3159;359.0743;LeftFalse_RightFalse;LeftFalse_RightFalse;HandLeft_(-0.4, -0.4, -0.1)_(0.0, -0.6, 0.7, -0.2)_1.012537_System.String[];HandLeft_(0.2, -0.8, -0.1)_(0.5, 0.6, -0.5, 0.3)_0.9825718_System.String[];HandRight_(-0.3, -0.2, -0.2)_(-0.1, 0.2, 0.3, -0.9)_1.012537_System.String[];HandRight_(0.4, -0.6, -0.2)_(0.2, -0.5, -0.4, 0.8)_0.9825718_System.String[];23.6851;-0.1631;-0.1245;16.9368;-29.9163;1.1983;1.0546;-45.4462;50.6947;357.7481;356.5735;279.7545;139.7789;359.9602;1.5113
0.0086;0.8415;False;False;16.9519;-30.3004;0.0214;-0.0274;-45.0829;50.5784;359.9755;359.8484;281.0073;155.5149;359.7888;359.9002;1.6764;-0.0001;-0.0016;0.2897;-3.3280;-2.1029;171864;71.52043;Infinity;2388.67;16.8860;-29.5478;1.1708;1.4490;-45.3192;50.6445;355.0509;352.4080;328.5477;161.8882;354.3196;359.0711;LeftFalse_RightFalse;LeftFalse_RightFalse;HandLeft_(-0.4, -0.4, -0.1)_(0.0, -0.6, 0.7, -0.2)_1.012537_System.String[];HandLeft_(0.2, -0.8, -0.1)_(0.5, 0.6, -0.5, 0.3)_0.9825718_System.String[];HandRight_(-0.3, -0.2, -0.2)_(-0.1, 0.2, 0.3, -0.9)_1.012537_System.String[];HandRight_(0.4, -0.6, -0.2)_(0.2, -0.5, -0.4, 0.8)_0.9825718_System.String[];23.7271;-0.1623;-0.1245;16.8499;-29.8485;1.1986;1.0545;-45.4342;50.5614;357.6854;356.4376;279.7043;139.4924;359.9188;1.5436
0.0063;0.8630;False;False;16.8647;-30.2296;0.0214;-0.0275;-45.0710;50.4387;359.9782;359.8367;280.7786;155.1844;359.7902;359.8964;1.7272;0.0003;-0.0015;0.2796;-3.3861;-2.0867;171867;71.768;Infinity;2388.71;16.7985;-29.4775;1.1708;1.4490;-45.3074;50.5091;355.0518;352.3968;328.3156;161.5568;354.3231;359.0663;LeftFalse_RightFalse;LeftFalse_RightFalse;HandLeft_(-0.4, -0.4, -0.1)_(0.0, -0.6, 0.8, -0.2)_1.012537_System.String[];HandLeft_(0.2, -0.8, -0.1)_(0.5, 0.6, -0.5, 0.3)_0.9825718_System.String[];HandRight_(-0.3, -0.2, -0.2)_(-0.1, 0.2, 0.3, -0.9)_1.012537_System.String[];HandRight_(0.4, -0.6, -0.2)_(0.2, -0.5, -0.4, 0.8)_0.9825718_System.String[];23.7688;-0.1613;-0.1245;16.7629;-29.7780;1.1987;1.0547;-45.4226;50.4246;357.6495;356.3137;279.6456;139.1489;359.9247;1.6090
0.0046;0.8767;False;False;16.7777;-30.1562;0.0214;-0.0276;-45.0595;50.2957;359.9796;359.8244;280.5516;154.8461;359.7902;359.8923;1.7802;0.0006;-0.0014;0.2700;-3.4454;-2.0703;171870;71.74084;Infinity;2388.75;16.7122;-29.4052;1.1708;1.4491;-45.2962;50.3719;355.0527;352.3852;328.0876;161.2216;354.3246;359.0609;LeftFalse_RightFalse;LeftFalse_RightFalse;HandLeft_(-0.4, -0.4, -0.1)_(0.0, -0.6, 0.8, -0.2)_1.012537_System.String[];HandLeft_(0.2, -0.8, -0.1)_(0.5, 0.6, -0.5, 0.3)_0.9825718_System.String[];HandRight_(-0.3, -0.2, -0.2)_(0.0, 0.2, 0.3, -0.9)_1.012537_System.String[];HandRight_(0.4, -0.6, -0.2)_(0.2, -0.5, -0.4, 0.8)_0.9825718_System.String[];23.8105;-0.1603;-0.1252;16.6771;-29.7054;1.1988;1.0549;-45.4114;50.2859;357.6463;356.2206;279.6087;138.7744;359.9641;1.7298
0.0033;0.8777;False;False;16.6915;-30.0805;0.0215;-0.0276;-45.0484;50.1504;359.9800;359.8115;280.3283;154.5009;359.7897;359.8875;1.8360;0.0008;-0.0016;0.2607;-3.5044;-2.0538;171873;71.75451;Infinity;2388.79;16.6269;-29.3310;1.1709;1.4491;-45.2853;50.2326;355.0534;352.3731;327.8636;160.8809;354.3249;359.0552;LeftFalse_RightFalse;LeftFalse_RightFalse;HandLeft_(-0.4, -0.4, -0.1)_(0.0, -0.6, 0.8, -0.2)_1.012537_System.String[];HandLeft_(0.2, -0.8, -0.1)_(0.5, 0.6, -0.5, 0.4)_0.9825718_System.String[];HandRight_(-0.3, -0.2, -0.2)_(0.0, 0.2, 0.3, -0.9)_1.012537_System.String[];HandRight_(0.4, -0.6, -0.2)_(0.2, -0.5, -0.4, 0.8)_0.9825718_System.String[];23.8523;-0.1591;-0.1297;16.5922;-29.6303;1.1989;1.0551;-45.4007;50.1452;357.6511;356.1795;279.5524;138.2929;0.0446;1.9427
0.0024;0.8661;False;False;16.6055;-30.0018;0.0215;-0.0277;-45.0377;50.0016;359.9799;359.7979;280.1069;154.1408;359.7888;359.8809;1.8948;0.0009;-0.0016;0.2516;-3.5611;-2.0373;171876;71.62411;Infinity;2388.83;16.5413;-29.2534;1.1709;1.4492;-45.2748;50.0892;355.0540;352.3604;327.6404;160.5256;354.3244;359.0475;LeftFalse_RightFalse;LeftFalse_RightFalse;HandLeft_(-0.4, -0.4, -0.1)_(0.0, -0.6, 0.8, -0.2)_1.012537_System.String[];HandLeft_(0.2, -0.8, -0.1)_(0.4, 0.6, -0.5, 0.4)_0.9825718_System.String[];HandRight_(-0.3, -0.2, -0.2)_(0.0, 0.2, 0.3, -0.9)_1.012537_System.String[];HandRight_(0.4, -0.6, -0.2)_(0.3, -0.5, -0.4, 0.8)_0.9825718_System.String[];23.8943;-0.1575;-0.1377;16.5071;-29.5520;1.1990;1.0553;-45.3903;50.0001;357.6398;356.2343;279.5016;137.7189;0.1080;2.0616
0.0018;0.8468;False;False;16.5205;-29.9206;0.0215;-0.0277;-45.0273;49.8509;359.9793;359.7860;279.8901;153.7626;359.7878;359.8680;1.9571;0.0010;0.0001;0.2432;-3.6131;-2.0208;171879;71.58221;Infinity;2388.88;16.4570;-29.1738;1.1709;1.4494;-45.2647;49.9444;355.0545;352.3488;327.4224;160.1562;354.3234;359.0358;LeftFalse_RightFalse;LeftFalse_RightFalse;HandLeft_(-0.4, -0.4, -0.1)_(0.0, -0.6, 0.7, -0.2)_1.012537_System.String[];HandLeft_(0.2, -0.8, -0.1)_(0.5, 0.6, -0.5, 0.4)_0.9825718_System.String[];HandRight_(-0.3, -0.2, -0.2)_(0.0, 0.2, 0.3, -0.9)_1.012537_System.String[];HandRight_(0.4, -0.6, -0.2)_(0.3, -0.4, -0.4, 0.8)_0.9825718_System.String[];23.9363;-0.1546;-0.1472;16.4232;-29.4716;1.1991;1.0554;-45.3803;49.8535;357.6391;356.2789;279.4247;137.1897;0.1424;2.0590
0.0013;0.8279;False;False;16.4362;-29.8366;0.0216;-0.0277;-45.0174;49.6981;359.9784;359.7760;279.6783;153.3582;359.7869;359.8503;2.0222;0.0011;0.0007;0.2357;-3.6599;-2.0042;171882;71.61171;Infinity;2388.92;16.3734;-29.0915;1.1710;1.4496;-45.2549;49.7977;355.0546;352.3401;327.2090;159.7630;354.3221;359.0182;LeftFalse_RightFalse;LeftFalse_RightFalse;HandLeft_(-0.4, -0.4, -0.1)_(0.0, -0.6, 0.8, -0.2)_1.012537_System.String[];HandLeft_(0.2, -0.8, -0.1)_(0.5, 0.7, -0.5, 0.4)_0.9825718_System.String[];HandRight_(-0.3, -0.2, -0.2)_(0.0, 0.2, 0.3, -0.9)_1.012537_System.String[];HandRight_(0.4, -0.6, -0.2)_(0.3, -0.4, -0.4, 0.8)_0.9825718_System.String[];23.9783;-0.1502;-0.1564;16.3400;-29.3885;1.1991;1.0556;-45.3707;49.7046;357.5306;356.3016;279.3323;136.7452;0.0934;2.0471
0.0009;0.8121;False;False;16.3532;-29.7503;0.0216;-0.0276;-45.0077;49.5444;359.9773;359.7682;279.4745;152.9262;359.7863;359.8318;2.0893;0.0011;0.0024;0.2293;-3.7017;-1.9877;171885;71.80087;Infinity;2388.96;16.2910;-29.0070;1.1710;1.4500;-45.2455;49.6502;355.0544;352.3335;327.0031;159.3435;354.3209;358.9980;LeftFalse_RightFalse;LeftFalse_RightFalse;HandLeft_(-0.4, -0.4, -0.1)_(0.0, -0.6, 0.8, -0.2)_1.012537_System.String[];HandLeft_(0.2, -0.8, -0.1)_(0.4, 0.7, -0.5, 0.4)_0.9825718_System.String[];HandRight_(-0.3, -0.2, -0.2)_(0.0, 0.2, 0.3, -0.9)_1.012537_System.String[];HandRight_(0.4, -0.6, -0.2)_(0.3, -0.4, -0.3, 0.8)_0.9825718_System.String[];24.0200;-0.1442;-0.1649;16.2581;-29.3031;1.1992;1.0559;-45.3614;49.5546;357.4085;356.3405;279.2448;136.4268;0.0066;2.0234
0.0007;0.8005;False;False;16.2709;-29.6609;0.0217;-0.0275;-44.9983;49.3889;359.9761;359.7638;279.2794;152.4622;359.7863;359.8156;2.1925;0.0011;0.0044;0.2220;-3.7573;-1.9630;171888;71.89576;Infinity;2389.00;16.2093;-28.9196;1.1711;1.4503;-45.2363;49.5014;355.0538;352.3300;326.8049;158.8923;354.3199;358.9810;LeftFalse_RightFalse;LeftFalse_RightFalse;HandLeft_(-0.4, -0.4, -0.1)_(0.0, -0.6, 0.8, -0.2)_1.012537_System.String[];HandLeft_(0.2, -0.8, -0.1)_(0.4, 0.6, -0.5, 0.4)_0.9825718_System.String[];HandRight_(-0.3, -0.2, -0.2)_(0.0, 0.2, 0.3, -0.9)_1.012537_System.String[];HandRight_(0.4, -0.6, -0.2)_(0.3, -0.4, -0.3, 0.8)_0.9825718_System.String[];24.0615;-0.1364;-0.1731;16.1768;-29.2150;1.1992;1.0563;-45.3523;49.4031;357.3359;356.3420;279.1417;136.1592;359.9811;2.0238
0.0005;0.7921;False;False;16.1892;-29.5685;0.0217;-0.0273;-44.9891;49.2318;359.9749;359.7611;279.0937;151.9670;359.7866;359.8000;2.2635;0.0015;0.0052;0.2189;-3.7900;-1.9464;171891;71.89002;Infinity;2389.04;16.1283;-28.8292;1.1711;1.4507;-45.2274;49.3514;355.0528;352.3286;326.6161;158.4103;354.3191;358.9648;LeftFalse_RightFalse;LeftFalse_RightFalse;HandLeft_(-0.4, -0.4, -0.1)_(-0.1, -0.6, 0.8, -0.1)_1.012537_System.String[];HandLeft_(0.2, -0.8, -0.1)_(0.5, 0.6, -0.5, 0.4)_0.9825718_System.String[];HandRight_(-0.3, -0.2, -0.2)_(0.0, 0.3, 0.3, -0.9)_1.012537_System.String[];HandRight_(0.4, -0.6, -0.2)_(0.3, -0.4, -0.3, 0.8)_0.9825718_System.String[];24.1033;-0.1273;-0.1817;16.0961;-29.1237;1.1993;1.0566;-45.3435;49.2503;357.2590;356.3433;279.0702;135.8426;359.9714;2.0341
0.0004;0.7860;False;False;16.1072;-29.4716;0.0218;-0.0270;-44.9799;49.0713;359.9740;359.7597;278.9179;151.4328;359.7867;359.7839;2.3366;0.0024;0.0058;0.2170;-3.8192;-1.9295;171894;71.42825;Infinity;2389.09;16.0471;-28.7348;1.1712;1.4511;-45.2184;49.1988;355.0522;352.3285;326.4366;157.8914;354.3184;358.9487;LeftFalse_RightFalse;LeftFalse_RightFalse;HandLeft_(-0.4, -0.4, -0.1)_(-0.1, -0.6, 0.8, -0.1)_1.012537_System.String[];HandLeft_(0.2, -0.8, -0.1)_(0.4, 0.6, -0.5, 0.5)_0.9825718_System.String[];HandRight_(-0.3, -0.2, -0.2)_(0.1, 0.3, 0.3, -0.9)_1.012537_System.String[];HandRight_(0.4, -0.6, -0.2)_(0.4, -0.4, -0.3, 0.8)_0.9825718_System.String[];24.1455;-0.1175;-0.1899;16.0153;-29.0285;1.1994;1.0570;-45.3346;49.0945;357.1728;356.3625;278.9930;135.4530;359.9925;2.0389
0.0003;0.7811;False;False;16.0260;-29.3715;0.0219;-0.0268;-44.9707;48.9095;359.9728;359.7592;278.7558;150.8640;359.7880;359.7671;2.4123;0.0028;0.0062;0.2162;-3.8448;-1.9127;171897;71.15636;Infinity;2389.13;15.9666;-28.6373;1.1713;1.4516;-45.2096;49.0453;355.0507;352.3295;326.2704;157.3390;354.3183;358.9321;LeftFalse_RightFalse;LeftFalse_RightFalse;HandLeft_(-0.4, -0.4, -0.1)_(-0.1, -0.5, 0.8, -0.1)_1.012537_System.String[];HandLeft_(0.2, -0.8, -0.1)_(0.4, 0.5, -0.5, 0.5)_0.9825718_System.String[];HandRight_(-0.3, -0.2, -0.2)_(0.1, 0.3, 0.3, -0.9)_1.012537_System.String[];HandRight_(0.4, -0.6, -0.2)_(0.4, -0.4, -0.3, 0.8)_0.9825718_System.String[];24.1877;-0.1077;-0.1986;15.9352;-28.9301;1.1995;1.0574;-45.3258;48.9378;357.1441;356.3849;278.9297;134.9775;359.9805;2.0185
0.0002;0.7758;False;False;15.9464;-29.2692;0.0220;-0.0265;-44.9617;48.7486;359.9723;359.7591;278.6091;150.2682;359.7910;359.7499;2.4899;0.0024;0.0065;0.2151;-3.8674;-1.8962;171900;71.50575;Infinity;2389.17;15.8867;-28.5365;1.1714;1.4521;-45.2007;48.8909;355.0484;352.3312;326.1177;156.7516;354.3191;358.9148;LeftFalse_RightFalse;LeftFalse_RightFalse;HandLeft_(-0.4, -0.4, 0.0)_(-0.1, -0.5, 0.9, 0.0)_1.012537_System.String[];HandLeft_(0.2, -0.8, -0.1)_(0.4, 0.4, -0.6, 0.6)_0.9825718_System.String[];HandRight_(-0.3, -0.2, -0.2)_(0.1, 0.3, 0.3, -0.9)_1.012537_System.String[];HandRight_(0.4, -0.6, -0.2)_(0.4, -0.3, -0.3, 0.8)_0.9825718_System.String[];24.2295;-0.0987;-0.2073;15.8558;-28.8282;1.1995;1.0578;-45.3169;48.7802;357.1326;356.3734;278.9144;134.4128;359.9942;1.9534
0.0001;0.7683;False;False;15.8673;-29.1630;0.0221;-0.0263;-44.9527;48.5861;359.9727;359.7592;278.4748;149.6348;359.7948;359.7320;2.5705;0.0018;0.0066;0.2147;-3.8857;-1.8798;171903;71.54029;Infinity;2389.21;15.8079;-28.4329;1.1715;1.4526;-45.1920;48.7368;355.0455;352.3332;325.9788;156.1327;354.3219;358.8972;LeftFalse_RightFalse;LeftFalse_RightFalse;HandLeft_(-0.4, -0.4, 0.0)_(-0.1, -0.5, 0.9, 0.0)_1.012537_System.String[];HandLeft_(0.2, -0.8, -0.1)_(0.4, 0.4, -0.5, 0.6)_0.9825718_System.String[];HandRight_(-0.3, -0.3, -0.2)_(0.1, 0.3, 0.3, -0.9)_1.012537_System.String[];HandRight_(0.3, -0.6, -0.2)_(0.4, -0.3, -0.2, 0.8)_0.9825718_System.String[];24.2715;-0.0907;-0.2173;15.7777;-28.7234;1.1996;1.0582;-45.3079;48.6227;357.0824;356.3540;278.9958;133.7978;0.0106;1.8640
-0.0158;0.7579;False;False;15.7889;-29.0533;0.0222;-0.0260;-44.9437;48.4231;359.9744;359.7593;278.3528;148.9639;359.7969;359.7130;2.6536;0.0013;0.0067;0.2141;-3.8993;-1.8637;171906;71.55785;Infinity;2389.25;15.7300;-28.3264;1.1715;1.4531;-45.1832;48.5830;355.0445;352.3354;325.8530;155.4792;354.3246;358.8785;LeftFalse_RightFalse;LeftFalse_RightFalse;HandLeft_(-0.4, -0.4, 0.0)_(-0.1, -0.5, 0.9, 0.0)_1.012537_System.String[];HandLeft_(0.2, -0.8, -0.1)_(0.4, 0.4, -0.5, 0.6)_0.9825718_System.String[];HandRight_(-0.3, -0.3, -0.2)_(0.2, 0.4, 0.3, -0.9)_1.012537_System.String[];HandRight_(0.3, -0.6, -0.2)_(0.4, -0.3, -0.2, 0.9)_0.9825718_System.String[];24.3135;-0.0844;-0.2266;15.7007;-28.6158;1.1995;1.0587;-45.2988;48.4653;356.9988;356.3497;279.2091;133.1222;0.0328;1.7732
-0.0356;0.7454;False;False;15.7109;-28.9393;0.0222;-0.0257;-44.9347;48.2586;359.9774;359.7592;278.2405;148.2503;359.7979;359.6940;2.7378;0.0010;0.0070;0.2120;-3.9094;-1.8416;171909;71.38837;Infinity;2389.30;15.6520;-28.2153;1.1716;1.4536;-45.1744;48.4276;355.0451;352.3375;325.7374;154.7801;354.3275;358.8592;LeftFalse_RightFalse;LeftFalse_RightFalse;HandLeft_(-0.4, -0.4, 0.0)_(-0.1, -0.5, 0.9, 0.0)_1.012537_System.String[];HandLeft_(0.2, -0.8, -0.1)_(0.5, 0.3, -0.5, 0.6)_0.9825718_System.String[];HandRight_(-0.3, -0.3, -0.3)_(0.2, 0.4, 0.3, -0.9)_1.012537_System.String[];HandRight_(0.3, -0.6, -0.2)_(0.4, -0.3, -0.2, 0.9)_0.9825718_System.String[];24.3555;-0.0809;-0.2341;15.6235;-28.5033;1.1995;1.0591;-45.2892;48.3059;356.9435;356.3132;279.5414;132.4247;359.9875;1.6880
-0.0555;0.7336;False;False;15.6342;-28.8216;0.0223;-0.0254;-44.9259;48.0940;359.9819;359.7591;278.1365;147.5020;359.7978;359.6754;2.8233;0.0009;0.0073;0.2083;-3.9149;-1.8132;171912;71.36395;Infinity;2389.34;15.5753;-28.1007;1.1716;1.4541;-45.1657;48.2726;355.0477;352.3393;325.6307;154.0452;354.3306;358.8404;LeftFalse_RightFalse;LeftFalse_RightFalse;HandLeft_(-0.4, -0.4, 0.0)_(-0.1, -0.5, 0.9, 0.0)_1.012537_System.String[];HandLeft_(0.2, -0.8, -0.1)_(0.5, 0.3, -0.5, 0.6)_0.9825718_System.String[];HandRight_(-0.3, -0.3, -0.3)_(0.2, 0.4, 0.3, -0.9)_1.012537_System.String[];HandRight_(0.3, -0.6, -0.2)_(0.4, -0.3, -0.2, 0.9)_0.9825718_System.String[];24.3977;-0.0800;-0.2393;15.5476;-28.3871;1.1995;1.0596;-45.2796;48.1469;356.9370;356.2599;279.8955;131.7297;359.8858;1.6248
-0.0635;0.7243;False;False;15.5595;-28.7011;0.0223;-0.0251;-44.9174;47.9304;359.9879;359.7592;278.0385;146.7265;359.7966;359.6579;2.9087;0.0008;0.0076;0.2026;-3.9174;-1.7785;171915;71.59474;Infinity;2389.38;15.5002;-27.9832;1.1716;1.4547;-45.1572;48.1186;355.0521;352.3413;325.5307;153.2801;354.3341;358.8225;LeftFalse_RightFalse;LeftFalse_RightFalse;HandLeft_(-0.4, -0.4, 0.0)_(-0.1, -0.5, 0.9, 0.0)_1.012537_System.String[];HandLeft_(0.2, -0.8, -0.1)_(0.5, 0.2, -0.5, 0.6)_0.9825718_System.String[];HandRight_(-0.3, -0.3, -0.3)_(0.2, 0.4, 0.3, -0.9)_1.012537_System.String[];HandRight_(0.3, -0.6, -0.2)_(0.4, -0.2, -0.2, 0.9)_0.9825718_System.String[];24.4395;-0.0810;-0.2419;15.4733;-28.2678;1.1995;1.0601;-45.2702;47.9890;356.9539;356.2357;280.1768;131.0072;359.8044;1.5828
-0.0595;0.7175;False;False;15.4860;-28.5763;0.0223;-0.0247;-44.9091;47.7662;-0.0043;359.7595;277.9427;145.9215;359.7960;359.6419;3.0356;0.0014;0.0080;0.1918;-3.9169;-1.7251;171918;71.50595;Infinity;2389.42;15.4270;-27.8628;1.1717;1.4552;-45.1489;47.9657;355.0576;352.3434;325.4346;152.4906;354.3388;358.8059;LeftFalse_RightFalse;LeftFalse_RightFalse;HandLeft_(-0.4, -0.4, 0.0)_(-0.1, -0.5, 0.9, 0.0)_1.012537_System.String[];HandLeft_(0.2, -0.8, -0.1)_(0.5, 0.2, -0.5, 0.6)_0.9825718_System.String[];HandRight_(-0.3, -0.3, -0.3)_(0.2, 0.4, 0.3, -0.9)_1.012537_System.String[];HandRight_(0.3, -0.6, -0.2)_(0.4, -0.2, -0.2, 0.9)_0.9825718_System.String[];24.4814;-0.0849;-0.2439;15.4010;-28.1454;1.1994;1.0606;-45.2609;47.8318;356.9665;356.2466;280.3917;130.2449;359.7057;1.5569
-0.1150;0.7125;False;False;15.4141;-28.4475;0.0224;-0.0244;-44.9012;47.6016;0.0043;359.7600;277.8469;145.0930;359.7951;359.6279;3.1206;0.0016;0.0082;0.1824;-3.9134;-1.6829;171921;71.34347;Infinity;2389.46;15.3549;-27.7381;1.1717;1.4557;-45.1410;47.8121;355.0638;352.3454;325.3388;151.6734;354.3444;358.7914;LeftFalse_RightFalse;LeftFalse_RightFalse;HandLeft_(-0.4, -0.4, 0.0)_(-0.1, -0.5, 0.9, 0.0)_1.012537_System.String[];HandLeft_(0.2, -0.8, -0.1)_(0.5, 0.2, -0.5, 0.6)_0.9825718_System.String[];HandRight_(-0.3, -0.3, -0.3)_(0.2, 0.4, 0.3, -0.9)_1.012537_System.String[];HandRight_(0.3, -0.6, -0.2)_(0.4, -0.2, -0.2, 0.9)_0.9825718_System.String[];24.5234;-0.0901;-0.2453;15.3299;-28.0185;1.1995;1.0609;-45.2520;47.6739;356.9606;356.3161;280.5732;129.4102;359.5522;1.5444
-0.1349;0.7089;False;False;15.3448;-28.3161;0.0225;-0.0240;-44.8937;47.4387;0.0143;359.7605;277.7502;144.2544;359.7938;359.6153;3.2085;0.0017;0.0103;0.1705;-3.9052;-1.6260;171924;71.66037;Infinity;2389.51;15.2844;-27.6094;1.1718;1.4562;-45.1335;47.6584;355.0711;352.3474;325.2413;150.8343;354.3506;358.7784;LeftFalse_RightFalse;LeftFalse_RightFalse;HandLeft_(-0.4, -0.4, 0.0)_(-0.1, -0.5, 0.9, -0.1)_1.012537_System.String[];HandLeft_(0.2, -0.8, -0.1)_(0.5, 0.2, -0.5, 0.6)_0.9825718_System.String[];HandRight_(-0.3, -0.3, -0.3)_(0.2, 0.3, 0.3, -0.9)_1.012537_System.String[];HandRight_(0.3, -0.6, -0.2)_(0.4, -0.2, -0.2, 0.9)_0.9825718_System.String[];24.5652;-0.0967;-0.2466;15.2600;-27.8875;1.1999;1.0610;-45.2435;47.5158;356.8815;356.4068;280.7478;128.5167;359.3687;1.5280
-0.1349;0.7063;False;False;15.2780;-28.1807;0.0225;-0.0236;-44.8868;47.2760;0.0254;359.7606;277.6507;143.3987;359.7932;359.6014;3.2976;0.0013;0.0098;0.1581;-3.8938;-1.5680;171927;71.77672;Infinity;2389.55;15.2168;-27.4780;1.1719;1.4568;-45.1265;47.5063;355.0793;352.3491;325.1421;149.9851;354.3581;358.7650;LeftFalse_RightFalse;LeftFalse_RightFalse;HandLeft_(-0.4, -0.4, 0.0)_(-0.1, -0.5, 0.9, -0.1)_1.012537_System.String[];HandLeft_(0.2, -0.8, -0.1)_(0.5, 0.2, -0.5, 0.6)_0.9825718_System.String[];HandRight_(-0.3, -0.3, -0.3)_(0.2, 0.3, 0.3, -0.9)_1.012537_System.String[];HandRight_(0.3, -0.6, -0.2)_(0.4, -0.3, -0.1, 0.9)_0.9825718_System.String[];24.6069;-0.1038;-0.2479;15.1932;-27.7539;1.2002;1.0613;-45.2357;47.3596;356.8196;356.4510;280.8632;127.6068;359.2213;1.4885
-0.1468;0.7044;False;False;15.2131;-28.0403;0.0226;-0.0232;-44.8804;47.1124;0.0356;359.7603;277.5477;142.5215;359.7924;359.5876;3.3859;0.0004;0.0094;0.1462;-3.8809;-1.5094;171930;71.5343;Infinity;2389.59;15.1516;-27.3424;1.1719;1.4574;-45.1200;47.3543;355.0868;352.3505;325.0397;149.1174;354.3657;358.7509;LeftFalse_RightFalse;LeftFalse_RightFalse;HandLeft_(-0.4, -0.4, 0.0)_(-0.1, -0.5, 0.9, -0.1)_1.012537_System.String[];HandLeft_(0.2, -0.8, -0.1)_(0.5, 0.2, -0.5, 0.6)_0.9825718_System.String[];HandRight_(-0.3, -0.3, -0.3)_(0.1, 0.3, 0.3, -0.9)_1.012537_System.String[];HandRight_(0.3, -0.5, -0.2)_(0.4, -0.2, -0.1, 0.9)_0.9825718_System.String[];24.6489;-0.1098;-0.2481;15.1285;-27.6161;1.2003;1.0617;-45.2287;47.2037;356.8193;356.3781;280.8994;126.6728;359.1127;1.4294
-0.1706;0.7030;False;False;15.1512;-27.8966;0.0226;-0.0228;-44.8745;46.9503;0.0447;359.7599;277.4433;141.6357;359.7914;359.5746;3.4739;0.0001;0.0094;0.1345;-3.8663;-1.4456;171933;71.57678;Infinity;2389.63;15.0890;-27.2033;1.1719;1.4579;-45.1140;47.2032;355.0939;352.3516;324.9352;148.2372;354.3718;358.7376;LeftFalse_RightFalse;LeftFalse_RightFalse;HandLeft_(-0.4, -0.4, 0.0)_(-0.1, -0.5, 0.9, -0.1)_1.012537_System.String[];HandLeft_(0.2, -0.8, -0.1)_(0.5, 0.2, -0.5, 0.6)_0.9825718_System.String[];HandRight_(-0.3, -0.3, -0.3)_(0.1, 0.3, 0.3, -0.9)_1.012537_System.String[];HandRight_(0.3, -0.5, -0.2)_(0.4, -0.2, -0.1, 0.9)_0.9825718_System.String[];24.6909;-0.1139;-0.2482;15.0663;-27.4747;1.2004;1.0621;-45.2225;47.0485;356.8271;356.2537;280.8423;125.7541;359.0156;1.3705
-0.1825;0.7019;False;False;15.0925;-27.7499;0.0226;-0.0224;-44.8692;46.7896;0.0534;359.7595;277.3395;140.7439;359.7910;359.5627;3.5618;-0.0002;0.0092;0.1234;-3.8497;-1.3768;171936;71.78091;Infinity;2389.67;15.0294;-27.0609;1.1719;1.4585;-45.1086;47.0532;355.1003;352.3525;324.8303;147.3482;354.3779;358.7251;LeftFalse_RightFalse;LeftFalse_RightFalse;HandLeft_(-0.4, -0.4, 0.0)_(-0.1, -0.5, 0.8, -0.1)_1.012537_System.String[];HandLeft_(0.2, -0.8, -0.1)_(0.5, 0.2, -0.5, 0.7)_0.9825718_System.String[];HandRight_(-0.3, -0.3, -0.3)_(0.1, 0.3, 0.3, -0.9)_1.012537_System.String[];HandRight_(0.3, -0.5, -0.2)_(0.4, -0.3, -0.1, 0.9)_0.9825718_System.String[];24.7324;-0.1161;-0.2482;15.0070;-27.3299;1.2005;1.0628;-45.2169;46.8945;356.8720;356.1180;280.6913;124.8710;358.9305;1.3524
-0.1905;0.7012;False;False;15.0367;-27.5986;0.0226;-0.0221;-44.8643;46.6289;0.0617;359.7592;277.2377;139.8381;359.7915;359.5521;3.6500;-0.0003;0.0091;0.1133;-3.8309;-1.3040;171939;71.74777;Infinity;2389.71;14.9727;-26.9145;1.1719;1.4590;-45.1037;46.9036;355.1059;352.3533;324.7268;146.4467;354.3842;358.7140;LeftFalse_RightFalse;LeftFalse_RightFalse;HandLeft_(-0.4, -0.4, 0.0)_(-0.1, -0.5, 0.8, -0.1)_1.012537_System.String[];HandLeft_(0.2, -0.8, -0.1)_(0.5, 0.2, -0.5, 0.6)_0.9825718_System.String[];HandRight_(-0.3, -0.3, -0.3)_(0.0, 0.3, 0.3, -0.9)_1.012537_System.String[];HandRight_(0.3, -0.5, -0.2)_(0.4, -0.3, -0.1, 0.9)_0.9825718_System.String[];24.7744;-0.1167;-0.2482;14.9503;-27.1810;1.2005;1.0635;-45.2120;46.7409;356.8936;356.0438;280.4891;123.9894;358.8579;1.4214
-0.2063;0.7007;False;False;14.9839;-27.4429;0.0225;-0.0217;-44.8597;46.4686;0.0697;359.7585;277.1403;138.9204;359.7928;359.5430;3.7385;-0.0003;0.0093;0.1041;-3.8095;-1.2291;171942;71.59901;Infinity;2389.76;14.9191;-26.7641;1.1719;1.4595;-45.0992;46.7547;355.1106;352.3539;324.6272;145.5342;354.3910;358.7044;LeftFalse_RightFalse;LeftFalse_RightFalse;HandLeft_(-0.4, -0.4, 0.0)_(-0.1, -0.5, 0.8, -0.1)_1.012537_System.String[];HandLeft_(0.2, -0.8, -0.1)_(0.5, 0.2, -0.5, 0.6)_0.9825718_System.String[];HandRight_(-0.3, -0.3, -0.2)_(0.0, 0.3, 0.3, -0.9)_1.012537_System.String[];HandRight_(0.3, -0.5, -0.2)_(0.4, -0.3, -0.1, 0.9)_0.9825718_System.String[];24.8164;-0.1167;-0.2482;14.8968;-27.0280;1.2006;1.0641;-45.2077;46.5880;356.9331;356.0700;280.2869;123.0834;358.8797;1.4930
-0.2024;0.7003;False;False;14.9345;-27.2834;0.0225;-0.0213;-44.8556;46.3094;0.0774;359.7580;277.0488;137.9945;359.7948;359.5349;3.8274;-0.0003;0.0095;0.0953;-3.7857;-1.1508;171945;71.57847;Infinity;2389.80;14.8688;-26.6097;1.1718;1.4600;-45.0951;46.6066;355.1146;352.3542;324.5330;144.6110;354.3980;358.6957;LeftFalse_RightFalse;LeftFalse_RightFalse;HandLeft_(-0.4, -0.4, 0.0)_(-0.1, -0.5, 0.8, -0.1)_1.012537_System.String[];HandLeft_(0.2, -0.8, -0.1)_(0.5, 0.2, -0.5, 0.6)_0.9825718_System.String[];HandRight_(-0.3, -0.3, -0.2)_(0.1, 0.3, 0.3, -0.9)_1.012537_System.String[];HandRight_(0.3, -0.5, -0.2)_(0.4, -0.3, -0.1, 0.9)_0.9825718_System.String[];24.8584;-0.1167;-0.2482;14.8463;-26.8710;1.2006;1.0646;-45.2038;46.4360;357.0057;356.0921;280.1381;122.1706;358.9403;1.5287
-0.2182;0.7000;False;False;14.8888;-27.1213;0.0225;-0.0209;-44.8519;46.1525;0.0842;359.7578;276.9641;137.0678;359.7971;359.5277;3.9165;-0.0003;0.0096;0.0872;-3.7593;-1.0744;171948;71.78215;Infinity;2389.84;14.8223;-26.4529;1.1718;1.4605;-45.0914;46.4609;355.1178;352.3548;324.4458;143.6878;354.4048;358.6884;LeftFalse_RightFalse;LeftFalse_RightFalse;HandLeft_(-0.4, -0.4, 0.0)_(-0.1, -0.5, 0.8, -0.1)_1.012537_System.String[];HandLeft_(0.2, -0.8, -0.1)_(0.5, 0.2, -0.5, 0.6)_0.9825718_System.String[];HandRight_(-0.3, -0.3, -0.2)_(0.1, 0.3, 0.3, -0.9)_1.012537_System.String[];HandRight_(0.3, -0.5, -0.2)_(0.4, -0.3, -0.1, 0.9)_0.9825718_System.String[];24.8999;-0.1167;-0.2482;14.7996;-26.7116;1.2006;1.0650;-45.2004;46.2863;357.0351;356.0955;280.0368;121.2171;359.0391;1.5992
-0.2262;0.6998;False;False;14.8467;-26.9552;0.0225;-0.0205;-44.8485;45.9968;0.0907;359.7578;276.8861;136.1329;359.7995;359.5210;4.0506;-0.0003;0.0098;0.0751;-3.7150;-0.9506;171951;71.89057;Infinity;2389.88;14.7792;-26.2926;1.1718;1.4610;-45.0880;46.3164;355.1204;352.3554;324.3650;142.7566;354.4112;358.6815;LeftFalse_RightFalse;LeftFalse_RightFalse;HandLeft_(-0.4, -0.4, 0.0)_(-0.1, -0.5, 0.8, -0.1)_1.012537_System.String[];HandLeft_(0.2, -0.8, -0.1)_(0.5, 0.2, -0.5, 0.6)_0.9825718_System.String[];HandRight_(-0.3, -0.3, -0.2)_(0.1, 0.3, 0.3, -0.9)_1.012537_System.String[];HandRight_(0.3, -0.5, -0.2)_(0.4, -0.3, -0.1, 0.9)_0.9825718_System.String[];24.9417;-0.1167;-0.2481;14.7565;-26.5481;1.2006;1.0655;-45.1972;46.1381;357.0621;356.0995;279.9646;120.2587;359.1793;1.6348
-0.2143;0.6996;False;False;14.8079;-26.7839;0.0225;-0.0200;-44.8454;45.8413;0.0968;359.7577;276.8143;135.1826;359.8020;359.5145;4.1401;-0.0002;0.0100;0.0675;-3.6825;-0.8685;171954;71.65329;Infinity;2389.92;14.7395;-26.1280;1.1718;1.4615;-45.0850;46.1728;355.1228;352.3560;324.2906;141.8138;354.4175;358.6749;LeftFalse_RightFalse;LeftFalse_RightFalse;HandLeft_(-0.4, -0.4, 0.0)_(-0.1, -0.5, 0.8, -0.1)_1.012537_System.String[];HandLeft_(0.2, -0.8, -0.1)_(0.5, 0.2, -0.5, 0.6)_0.9825718_System.String[];HandRight_(-0.3, -0.3, -0.2)_(0.1, 0.3, 0.3, -0.9)_1.012537_System.String[];HandRight_(0.3, -0.5, -0.2)_(0.4, -0.3, -0.1, 0.9)_0.9825718_System.String[];24.9836;-0.1167;-0.2469;14.7168;-26.3803;1.2006;1.0660;-45.1943;45.9905;357.1002;356.0530;279.9502;119.3041;359.2448;1.6658
-0.1984;0.6995;False;False;14.7729;-26.6101;0.0225;-0.0196;-44.8427;45.6884;0.1018;359.7575;276.7495;134.2341;359.8044;359.5085;4.2286;-0.0002;0.0102;0.0608;-3.6491;-0.7936;171957;71.82941;Infinity;2389.97;14.7034;-25.9596;1.1717;1.4620;-45.0823;46.0305;355.1247;352.3566;324.2229;140.8636;354.4232;358.6687;LeftFalse_RightFalse;LeftFalse_RightFalse;HandLeft_(-0.4, -0.4, -0.1)_(-0.1, -0.5, 0.8, -0.1)_1.012537_System.String[];HandLeft_(0.2, -0.8, -0.1)_(0.5, 0.2, -0.5, 0.6)_0.9825718_System.String[];HandRight_(-0.3, -0.2, -0.2)_(0.1, 0.3, 0.3, -0.9)_1.012537_System.String[];HandRight_(0.3, -0.5, -0.2)_(0.4, -0.3, -0.1, 0.9)_0.9825718_System.String[];25.0254;-0.1167;-0.2436;14.6809;-26.2086;1.2005;1.0665;-45.1920;45.8443;357.0964;356.0003;279.9700;118.3632;359.3203;1.7157
-0.1984;0.6994;False;False;14.7408;-26.4314;0.0225;-0.0192;-44.8402;45.5361;0.1053;359.7569;276.6902;133.2784;359.8065;359.5029;4.3158;-0.0002;0.0105;0.0545;-3.6153;-0.7214;171960;71.72497;Infinity;2390.01;14.6705;-25.7874;1.1717;1.4625;-45.0799;45.8895;355.1258;352.3568;324.1614;139.9097;354.4276;358.6628;LeftFalse_RightFalse;LeftFalse_RightFalse;HandLeft_(-0.4, -0.4, -0.1)_(-0.1, -0.5, 0.8, -0.1)_1.012537_System.String[];HandLeft_(0.2, -0.8, -0.1)_(0.5, 0.2, -0.5, 0.6)_0.9825718_System.String[];HandRight_(-0.3, -0.2, -0.2)_(0.1, 0.3, 0.3, -0.9)_1.012537_System.String[];HandRight_(0.3, -0.5, -0.2)_(0.4, -0.3, -0.1, 0.9)_0.9825718_System.String[];25.0674;-0.1167;-0.2391;14.6482;-26.0330;1.2005;1.0670;-45.1898;45.6995;357.0809;355.9703;280.0213;117.4414;359.3997;1.7937
-0.1865;0.6994;False;False;14.7121;-26.2501;0.0225;-0.0188;-44.8381;45.3864;0.1074;359.7558;276.6372;132.3317;359.8083;359.4984;4.4021;-0.0002;0.0107;0.0487;-3.5808;-0.6511;171963;71.89408;Infinity;2390.05;14.6409;-25.6125;1.1717;1.4630;-45.0777;45.7506;355.1261;352.3564;324.1061;138.9613;354.4308;358.6578;LeftFalse_RightFalse;LeftFalse_RightFalse;HandLeft_(-0.4, -0.4, -0.1)_(-0.1, -0.5, 0.8, -0.1)_1.012537_System.String[];HandLeft_(0.2, -0.8, -0.1)_(0.5, 0.2, -0.5, 0.6)_0.9825718_System.String[];HandRight_(-0.3, -0.2, -0.2)_(0.0, 0.3, 0.3, -0.9)_1.012537_System.String[];HandRight_(0.3, -0.5, -0.2)_(0.4, -0.3, -0.1, 0.9)_0.9825718_System.String[];25.1089;-0.1164;-0.2340;14.6187;-25.8546;1.2005;1.0674;-45.1878;45.5568;357.0298;355.9821;280.1177;116.6080;359.5006;1.8562
-0.1508;0.6983;False;False;14.6863;-26.0650;0.0225;-0.0183;-44.8361;45.2379;0.1082;359.7548;276.5897;131.3903;359.8098;359.4945;4.4870;0.0000;0.0111;0.0436;-3.5460;-0.5871;171966;71.93836;Infinity;2390.09;14.6143;-25.4340;1.1717;1.4635;-45.0758;45.6131;355.1258;352.3557;324.0565;138.0180;354.4330;358.6537;LeftFalse_RightFalse;LeftFalse_RightFalse;HandLeft_(-0.4, -0.4, -0.1)_(-0.1, -0.5, 0.8, -0.1)_1.012537_System.String[];HandLeft_(0.2, -0.8, -0.1)_(0.5, 0.2, -0.5, 0.6)_0.9825718_System.String[];HandRight_(-0.3, -0.2, -0.2)_(0.1, 0.3, 0.3, -0.9)_1.012537_System.String[];HandRight_(0.3, -0.5, -0.2)_(0.4, -0.3, -0.1, 0.9)_0.9825718_System.String[];25.1506;-0.1154;-0.2288;14.5923;-25.6728;1.2004;1.0679;-45.1860;45.4155;356.9204;356.0217;280.2219;115.7964;359.6143;1.9446
-0.1270;0.6975;False;False;14.6628;-25.8746;0.0225;-0.0177;-44.8344;45.0898;0.1067;359.7500;276.5468;130.4505;359.8106;359.4840;4.5706;0.0000;0.0149;0.0398;-3.5102;-0.5359;171969;71.61841;Infinity;2390.13;14.5904;-25.2518;1.1717;1.4641;-45.0741;45.4767;355.1246;352.3538;324.0123;137.0828;354.4332;358.6461;LeftFalse_RightFalse;LeftFalse_RightFalse;HandLeft_(-0.4, -0.4, -0.1)_(-0.1, -0.5, 0.8, -0.1)_1.012537_System.String[];HandLeft_(0.2, -0.8, -0.1)_(0.5, 0.3, -0.5, 0.6)_0.9825718_System.String[];HandRight_(-0.3, -0.2, -0.2)_(0.1, 0.3, 0.3, -0.9)_1.012537_System.String[];HandRight_(0.3, -0.5, -0.2)_(0.4, -0.3, -0.2, 0.9)_0.9825718_System.String[];25.1926;-0.1136;-0.2245;14.5684;-25.4874;1.2004;1.0685;-45.1844;45.2756;356.8394;356.1175;280.3012;114.9784;359.7065;2.0274
-0.0992;0.6969;False;False;14.6414;-25.6809;0.0225;-0.0170;-44.8328;44.9436;0.1029;359.7369;276.5082;129.5220;359.8109;359.4775;4.6538;0.0000;0.0200;0.0365;-3.4716;-0.4906;171972;71.60726;Infinity;2390.17;14.5684;-25.0640;1.1717;1.4649;-45.0725;45.3401;355.1222;352.3449;323.9722;136.1460;354.4311;358.6352;LeftFalse_RightFalse;LeftFalse_RightFalse;HandLeft_(-0.4, -0.4, -0.1)_(-0.1, -0.5, 0.8, -0.1)_1.012537_System.String[];HandLeft_(0.2, -0.8, -0.1)_(0.5, 0.3, -0.5, 0.6)_0.9825718_System.String[];HandRight_(-0.3, -0.2, -0.2)_(0.1, 0.3, 0.3, -0.9)_1.012537_System.String[];HandRight_(0.3, -0.5, -0.2)_(0.4, -0.3, -0.2, 0.9)_0.9825718_System.String[];25.2346;-0.1106;-0.2201;14.5465;-25.2963;1.2004;1.0692;-45.1828;45.1354;356.7458;356.1847;280.3716;114.1558;359.7575;2.0505
-0.0595;0.6964;False;False;14.6219;-25.4848;0.0225;-0.0161;-44.8313;44.8000;0.0972;359.7184;276.4737;128.6096;359.8109;359.4769;4.7357;-0.0001;0.0228;0.0342;-3.4322;-0.4560;171975;71.80933;Infinity;2390.22;14.5486;-24.8750;1.1717;1.4659;-45.0711;45.2069;355.1187;352.3280;323.9369;135.2303;354.4275;358.6311;LeftFalse_RightFalse;LeftFalse_RightFalse;HandLeft_(-0.4, -0.4, 0.0)_(-0.1, -0.5, 0.9, -0.1)_1.012537_System.String[];HandLeft_(0.2, -0.8, -0.1)_(0.5, 0.3, -0.5, 0.6)_0.9825718_System.String[];HandRight_(-0.3, -0.2, -0.2)_(0.1, 0.3, 0.3, -0.9)_1.012537_System.String[];HandRight_(0.3, -0.5, -0.2)_(0.4, -0.3, -0.2, 0.9)_0.9825718_System.String[];25.2761;-0.1065;-0.2145;14.5268;-25.1040;1.2004;1.0702;-45.1814;44.9987;356.6734;356.1533;280.4343;113.3816;359.7799;2.0498
-0.0238;0.6957;False;False;14.6035;-25.2852;0.0225;-0.0151;-44.8299;44.6579;0.0893;359.6962;276.4424;127.7092;359.8105;359.4796;4.8162;-0.0001;0.0242;0.0329;-3.3929;-0.4329;171978;71.88944;Infinity;2390.26;14.5301;-24.6827;1.1717;1.4670;-45.0697;45.0754;355.1140;352.3068;323.9051;134.3259;354.4219;358.6307;LeftFalse_RightFalse;LeftFalse_RightFalse;HandLeft_(-0.4, -0.4, 0.0)_(-0.1, -0.5, 0.9, 0.0)_1.012537_System.String[];HandLeft_(0.2, -0.8, -0.1)_(0.5, 0.3, -0.5, 0.6)_0.9825718_System.String[];HandRight_(-0.3, -0.2, -0.2)_(0.1, 0.3, 0.3, -0.9)_1.012537_System.String[];HandRight_(0.3, -0.5, -0.2)_(0.4, -0.3, -0.2, 0.9)_0.9825718_System.String[];25.3179;-0.1024;-0.2081;14.5085;-24.9084;1.2004;1.0712;-45.1801;44.8635;356.6267;356.0800;280.5256;112.6770;359.8021;2.0623
0.0000;0.6928;False;False;14.5856;-25.0818;0.0225;-0.0140;-44.8286;44.5174;0.0791;359.6720;276.4132;126.8234;359.8098;359.4848;4.8949;-0.0002;0.0250;0.0328;-3.3542;-0.4250;171981;71.90388;Infinity;2390.30;14.5125;-24.4866;1.1717;1.4681;-45.0684;44.9451;355.1080;352.2827;323.8759;133.4341;354.4146;358.6325;LeftFalse_RightFalse;LeftFalse_RightFalse;HandLeft_(-0.4, -0.4, 0.0)_(-0.1, -0.5, 0.9, 0.0)_1.012537_System.String[];HandLeft_(0.2, -0.8, -0.1)_(0.5, 0.3, -0.5, 0.6)_0.9825718_System.String[];HandRight_(-0.3, -0.3, -0.2)_(0.1, 0.3, 0.3, -0.9)_1.012537_System.String[];HandRight_(0.3, -0.5, -0.2)_(0.3, -0.3, -0.2, 0.9)_0.9825718_System.String[];25.3596;-0.0989;-0.2017;14.4909;-24.7092;1.2004;1.0723;-45.1788;44.7294;356.6053;356.0034;280.6276;112.0433;359.8349;2.1855
0.0000;0.6888;False;False;14.5679;-24.8754;0.0224;-0.0130;-44.8272;44.3788;0.0674;359.6469;276.3853;125.9573;359.8088;359.4917;5.0103;-0.0003;0.0255;0.0328;-3.2952;-0.4195;171984;71.94307;Infinity;2390.34;14.4951;-24.2876;1.1717;1.4692;-45.0671;44.8165;355.1010;352.2573;323.8485;132.5616;354.4056;358.6361;LeftFalse_RightFalse;LeftFalse_RightFalse;HandLeft_(-0.4, -0.4, 0.0)_(-0.1, -0.5, 0.9, 0.0)_1.012537_System.String[];HandLeft_(0.2, -0.8, -0.1)_(0.5, 0.3, -0.5, 0.6)_0.9825718_System.String[];HandRight_(-0.3, -0.3, -0.2)_(0.1, 0.3, 0.3, -0.9)_1.012537_System.String[];HandRight_(0.3, -0.5, -0.2)_(0.3, -0.4, -0.2, 0.9)_0.9825718_System.String[];25.4011;-0.0963;-0.1959;14.4736;-24.5069;1.2005;1.0734;-45.1775;44.5972;356.6186;355.9610;280.7465;111.4480;359.8860;2.3647
0.0000;0.6820;False;False;14.5504;-24.6656;0.0224;-0.0118;-44.8258;44.2419;0.0557;359.6172;276.3584;125.1084;359.8076;359.4906;5.0850;-0.0003;0.0314;0.0326;-3.2544;-0.4158;171987;71.97836;Infinity;2390.38;14.4779;-24.0853;1.1717;1.4704;-45.0657;44.6893;355.0939;352.2300;323.8221;131.7069;354.3961;358.6374;LeftFalse_RightFalse;LeftFalse_RightFalse;HandLeft_(-0.4, -0.4, 0.0)_(-0.1, -0.5, 0.9, 0.0)_1.012537_System.String[];HandLeft_(0.2, -0.8, -0.1)_(0.4, 0.3, -0.5, 0.6)_0.9825718_System.String[];HandRight_(-0.3, -0.3, -0.3)_(0.1, 0.3, 0.3, -0.9)_1.012537_System.String[];HandRight_(0.3, -0.5, -0.2)_(0.3, -0.4, -0.2, 0.8)_0.9825718_System.String[];25.4429;-0.0957;-0.1916;14.4565;-24.3014;1.2005;1.0746;-45.1761;44.4665;356.6334;355.9412;280.8221;110.8178;359.9221;2.5272
0.0000;0.6635;False;False;14.5330;-24.4506;0.0224;-0.0105;-44.8245;44.1058;0.0448;359.5793;276.3318;124.2676;359.8064;359.4749;5.1573;-0.0003;0.0339;0.0322;-3.2119;-0.4123;171990;71.63262;Infinity;2390.42;14.4608;-23.8802;1.1717;1.4720;-45.0644;44.5634;355.0872;352.1959;323.7963;130.8702;354.3870;358.6208;LeftFalse_RightFalse;LeftFalse_RightFalse;HandLeft_(-0.4, -0.4, 0.0)_(-0.1, -0.5, 0.9, 0.0)_1.012537_System.String[];HandLeft_(0.2, -0.8, -0.1)_(0.4, 0.3, -0.5, 0.6)_0.9825718_System.String[];HandRight_(-0.3, -0.3, -0.3)_(0.2, 0.3, 0.3, -0.9)_1.012537_System.String[];HandRight_(0.4, -0.6, -0.2)_(0.3, -0.4, -0.2, 0.8)_0.9825718_System.String[];25.4849;-0.0959;-0.1887;14.4398;-24.0929;1.2004;1.0761;-45.1746;44.3371;356.6173;355.9398;280.8416;110.2163;359.9488;2.5790
0.0000;0.6087;False;False;14.5155;-24.2314;0.0224;-0.0090;-44.8231;43.9709;0.0351;359.5374;276.3053;123.4362;359.8050;359.4532;5.2256;-0.0003;0.0356;0.0317;-3.1660;-0.4087;171993;71.30318;Infinity;2390.47;14.4437;-23.6690;1.1717;1.4739;-45.0631;44.4371;355.0814;352.1573;323.7705;130.0362;354.3785;358.5962;LeftFalse_RightFalse;LeftFalse_RightFalse;HandLeft_(-0.4, -0.4, 0.0)_(-0.1, -0.5, 0.9, 0.0)_1.012537_System.String[];HandLeft_(0.2, -0.8, -0.1)_(0.4, 0.3, -0.5, 0.6)_0.9825718_System.String[];HandRight_(-0.3, -0.3, -0.3)_(0.2, 0.3, 0.3, -0.9)_1.012537_System.String[];HandRight_(0.4, -0.6, -0.2)_(0.3, -0.4, -0.2, 0.8)_0.9825718_System.String[];25.5271;-0.0975;-0.1853;14.4229;-23.8784;1.2004;1.0779;-45.1731;44.2074;356.5720;355.9501;280.8211;109.6540;359.9107;2.5374
0.0000;0.4899;False;False;14.4985;-24.0117;0.0224;-0.0076;-44.8218;43.8395;0.0269;359.4990;276.2790;122.6271;359.8036;359.4544;5.2861;-0.0002;0.0283;0.0310;-3.1151;-0.4052;171996;71.56612;Infinity;2390.51;14.4267;-23.4558;1.1717;1.4757;-45.0618;44.3135;355.0765;352.1167;323.7447;129.2182;354.3712;358.5815;LeftFalse_RightFalse;LeftFalse_RightFalse;HandLeft_(-0.4, -0.4, 0.0)_(-0.1, -0.5, 0.9, 0.0)_1.012537_System.String[];HandLeft_(0.2, -0.8, -0.1)_(0.4, 0.3, -0.5, 0.6)_0.9825718_System.String[];HandRight_(-0.3, -0.3, -0.3)_(0.2, 0.3, 0.3, -0.9)_1.012537_System.String[];HandRight_(0.4, -0.6, -0.2)_(0.3, -0.4, -0.2, 0.8)_0.9825718_System.String[];25.5688;-0.0993;-0.1817;14.4061;-23.6619;1.2004;1.0803;-45.1717;44.0805;356.5167;355.9393;280.7849;109.1327;359.8191;2.4858
0.0000;0.3571;False;False;14.4816;-23.7904;0.0224;-0.0066;-44.8205;43.7108;0.0201;359.4807;276.2526;121.8388;359.8023;359.4612;5.3315;-0.0002;0.0206;0.0303;-3.0573;-0.4017;171999;71.77373;Infinity;2390.55;14.4101;-23.2417;1.1717;1.4769;-45.0605;44.1932;355.0726;352.0910;323.7189;128.4229;354.3649;358.5867;LeftFalse_RightFalse;LeftFalse_RightFalse;HandLeft_(-0.4, -0.4, 0.0)_(-0.1, -0.5, 0.9, -0.1)_1.012537_System.String[];HandLeft_(0.2, -0.8, -0.1)_(0.4, 0.4, -0.5, 0.6)_0.9825718_System.String[];HandRight_(-0.3, -0.3, -0.3)_(0.2, 0.3, 0.3, -0.9)_1.012537_System.String[];HandRight_(0.4, -0.6, -0.2)_(0.3, -0.4, -0.2, 0.8)_0.9825718_System.String[];25.6106;-0.1019;-0.1773;14.3896;-23.4446;1.2004;1.0821;-45.1704;43.9571;356.4748;355.8813;280.7799;108.6339;359.7016;2.5264
0.0000;0.2603;False;False;14.4649;-23.5668;0.0224;-0.0058;-44.8193;43.5843;0.0146;359.4787;276.2256;121.0682;359.8010;359.4711;5.3597;-0.0001;0.0178;0.0295;-2.9913;-0.3983;172002;71.72575;Infinity;2390.59;14.3935;-23.0252;1.1717;1.4777;-45.0593;44.0748;355.0695;352.0828;323.6926;127.6460;354.3596;358.5934;LeftFalse_RightFalse;LeftFalse_RightFalse;HandLeft_(-0.4, -0.4, 0.0)_(-0.1, -0.5, 0.9, -0.1)_1.012537_System.String[];HandLeft_(0.2, -0.8, -0.1)_(0.4, 0.4, -0.5, 0.7)_0.9825718_System.String[];HandRight_(-0.3, -0.3, -0.3)_(0.1, 0.3, 0.3, -0.9)_1.012537_System.String[];HandRight_(0.4, -0.6, -0.2)_(0.3, -0.4, -0.3, 0.8)_0.9825718_System.String[];25.6523;-0.1046;-0.1733;14.3731;-23.2249;1.2004;1.0833;-45.1692;43.8358;356.4623;355.7622;280.7853;108.1534;359.6389;2.7206
0.0000;0.1898;False;False;14.4483;-23.3431;0.0224;-0.0050;-44.8181;43.4614;0.0101;359.4955;276.1983;120.3240;359.7998;359.4819;5.3747;-0.0001;0.0208;0.0287;-2.9192;-0.3948;172005;71.85202;Infinity;2390.63;14.3771;-22.8067;1.1717;1.4783;-45.0581;43.9587;355.0672;352.0918;323.6658;126.8900;354.3552;358.6067;LeftFalse_RightFalse;LeftFalse_RightFalse;HandLeft_(-0.4, -0.4, 0.0)_(-0.1, -0.5, 0.9, -0.1)_1.012537_System.String[];HandLeft_(0.2, -0.8, -0.1)_(0.4, 0.4, -0.5, 0.6)_0.9825718_System.String[];HandRight_(-0.3, -0.3, -0.3)_(0.1, 0.3, 0.3, -0.9)_1.012537_System.String[];HandRight_(0.4, -0.6, -0.2)_(0.3, -0.4, -0.3, 0.8)_0.9825718_System.String[];25.6941;-0.1071;-0.1697;14.3568;-23.0035;1.2004;1.0842;-45.1679;43.7170;356.4777;355.7152;280.7807;107.6289;359.6214;2.9621
0.0000;0.1384;False;False;14.4316;-23.1151;0.0224;-0.0040;-44.8169;43.3396;0.0066;359.5261;276.1701;119.5891;359.7987;359.4927;5.3807;-0.0001;0.0223;0.0279;-2.8441;-0.3914;172008;71.29948;Infinity;2390.68;14.3607;-22.5857;1.1717;1.4789;-45.0569;43.8444;355.0655;352.1175;323.6382;126.1523;354.3516;358.6203;LeftFalse_RightFalse;LeftFalse_RightFalse;HandLeft_(-0.4, -0.4, 0.0)_(-0.1, -0.5, 0.9, -0.1)_1.012537_System.String[];HandLeft_(0.2, -0.8, -0.1)_(0.4, 0.4, -0.5, 0.6)_0.9825718_System.String[];HandRight_(-0.3, -0.3, -0.3)_(0.1, 0.3, 0.3, -0.9)_1.012537_System.String[];HandRight_(0.4, -0.6, -0.2)_(0.3, -0.4, -0.3, 0.8)_0.9825718_System.String[];25.7366;-0.1091;-0.1668;14.3405;-22.7797;1.2004;1.0851;-45.1668;43.6003;356.5356;355.7827;280.7425;107.0977;359.6092;3.0877
0.0000;0.1009;False;False;14.4154;-22.8906;0.0224;-0.0031;-44.8157;43.2230;0.0038;359.5638;276.1420;118.8856;359.7977;359.5040;5.3794;0.0000;0.0233;0.0273;-2.7671;-0.3880;172011;71.55959;Infinity;2390.72;14.3444;-22.3642;1.1717;1.4795;-45.0558;43.7331;355.0642;352.1521;323.6102;125.4348;354.3487;358.6355;LeftFalse_RightFalse;LeftFalse_RightFalse;HandLeft_(-0.4, -0.4, 0.0)_(-0.1, -0.5, 0.8, -0.1)_1.012537_System.String[];HandLeft_(0.2, -0.8, -0.1)_(0.4, 0.4, -0.5, 0.6)_0.9825718_System.String[];HandRight_(-0.3, -0.3, -0.3)_(0.1, 0.3, 0.3, -0.9)_1.012537_System.String[];HandRight_(0.4, -0.6, -0.2)_(0.3, -0.4, -0.3, 0.8)_0.9825718_System.String[];25.7783;-0.1101;-0.1641;14.3242;-22.5554;1.2004;1.0859;-45.1657;43.4866;356.6026;355.8224;280.6445;106.5958;359.6372;3.1402
0.0000;0.0735;False;False;14.3991;-22.6644;0.0224;-0.0020;-44.8146;43.1089;0.0016;359.6018;276.1137;118.1949;359.7968;359.5082;5.3719;0.0000;0.0266;0.0267;-2.6891;-0.3847;172014;71.40213;Infinity;2390.76;14.3283;-22.1435;1.1717;1.4803;-45.0547;43.6252;355.0633;352.1897;323.5822;124.7392;354.3463;358.6469;LeftFalse_RightFalse;LeftFalse_RightFalse;HandLeft_(-0.4, -0.4, 0.0)_(-0.1, -0.5, 0.9, -0.1)_1.012537_System.String[];HandLeft_(0.2, -0.8, -0.1)_(0.4, 0.4, -0.5, 0.6)_0.9825718_System.String[];HandRight_(-0.3, -0.3, -0.3)_(0.1, 0.3, 0.3, -0.9)_1.012537_System.String[];HandRight_(0.4, -0.6, -0.2)_(0.3, -0.4, -0.3, 0.8)_0.9825718_System.String[];25.8206;-0.1102;-0.1613;14.3079;-22.3322;1.2005;1.0868;-45.1648;43.3767;356.6570;355.8060;280.5154;106.1844;359.6700;3.1877
0.0000;0.0536;False;False;14.3831;-22.4401;0.0224;-0.0008;-44.8135;42.9990;0.0000;359.6380;276.0858;117.5271;359.7961;359.5088;5.3521;0.0000;0.0288;0.0261;-2.5733;-0.3797;172017;71.47706;Infinity;2390.80;14.3124;-21.9242;1.1717;1.4812;-45.0536;43.5209;355.0626;352.2260;323.5544;124.0655;354.3445;358.6524;LeftFalse_RightFalse;LeftFalse_RightFalse;HandLeft_(-0.4, -0.4, 0.0)_(-0.1, -0.5, 0.9, -0.1)_1.012537_System.String[];HandLeft_(0.2, -0.8, -0.1)_(0.4, 0.4, -0.5, 0.6)_0.9825718_System.String[];HandRight_(-0.3, -0.3, -0.3)_(0.1, 0.3, 0.3, -0.9)_1.012537_System.String[];HandRight_(0.4, -0.6, -0.2)_(0.3, -0.4, -0.3, 0.8)_0.9825718_System.String[];25.8623;-0.1102;-0.1575;14.2920;-22.1105;1.2005;1.0878;-45.1641;43.2704;356.6513;355.7754;280.3981;105.8375;359.6862;3.2418
0.0000;0.0391;False;False;14.3673;-22.2169;0.0224;0.0004;-44.8124;42.8926;-0.0013;359.6710;276.0581;116.8795;359.7955;359.5112;5.3344;0.0001;0.0336;0.0256;-2.4972;-0.3764;172020;71.65899;Infinity;2390.84;14.2966;-21.7045;1.1717;1.4822;-45.0525;43.4193;355.0621;352.2599;323.5266;123.4073;354.3430;358.6572;LeftFalse_RightFalse;LeftFalse_RightFalse;HandLeft_(-0.4, -0.4, 0.0)_(-0.1, -0.5, 0.9, -0.1)_1.012537_System.String[];HandLeft_(0.2, -0.8, -0.1)_(0.4, 0.4, -0.5, 0.6)_0.9825718_System.String[];HandRight_(-0.3, -0.3, -0.3)_(0.1, 0.3, 0.3, -0.9)_1.012537_System.String[];HandRight_(0.4, -0.6, -0.2)_(0.3, -0.4, -0.3, 0.8)_0.9825718_System.String[];25.9041;-0.1102;-0.1531;14.2764;-21.8885;1.2005;1.0892;-45.1635;43.1670;356.6317;355.7260;280.2903;105.5463;359.7356;3.3295
0.0000;0.0285;False;False;14.3516;-21.9943;0.0224;0.0018;-44.8114;42.7894;-0.0023;359.7138;276.0306;116.2525;359.7949;359.5067;5.3135;0.0001;0.0324;0.0253;-2.4247;-0.3731;172023;71.65781;Infinity;2390.89;14.2811;-21.4867;1.1717;1.4834;-45.0515;43.3212;355.0618;352.2976;323.4992;122.7739;354.3418;358.6614;LeftFalse_RightFalse;LeftFalse_RightFalse;HandLeft_(-0.4, -0.4, 0.0)_(-0.1, -0.5, 0.8, -0.1)_1.012537_System.String[];HandLeft_(0.2, -0.8, -0.1)_(0.4, 0.4, -0.5, 0.6)_0.9825718_System.String[];HandRight_(-0.3, -0.3, -0.3)_(0.1, 0.3, 0.3, -0.9)_1.012537_System.String[];HandRight_(0.4, -0.6, -0.2)_(0.3, -0.5, -0.3, 0.8)_0.9825718_System.String[];25.9460;-0.1102;-0.1496;14.2609;-21.6686;1.2004;1.0906;-45.1628;43.0674;356.6388;355.6594;280.2045;105.2334;359.8340;3.5005
0.0000;0.0208;False;False;14.3360;-21.7729;0.0224;0.0032;-44.8103;42.6895;-0.0031;359.7663;276.0035;115.6469;359.7944;359.4970;5.2904;0.0001;0.0360;0.0249;-2.3525;-0.3699;172026;71.73497;Infinity;2390.93;14.2656;-21.2687;1.1718;1.4846;-45.0505;43.2254;355.0616;352.3480;323.4720;122.1605;354.3408;358.6561;LeftFalse_RightFalse;LeftFalse_RightFalse;HandLeft_(-0.4, -0.4, 0.0)_(-0.1, -0.5, 0.9, -0.1)_1.012537_System.String[];HandLeft_(0.2, -0.8, -0.1)_(0.4, 0.4, -0.5, 0.6)_0.9825718_System.String[];HandRight_(-0.3, -0.3, -0.3)_(0.1, 0.3, 0.3, -0.9)_1.012537_System.String[];HandRight_(0.4, -0.6, -0.2)_(0.3, -0.5, -0.3, 0.8)_0.9825718_System.String[];25.9878;-0.1102;-0.1473;14.2457;-21.4484;1.2004;1.0919;-45.1622;42.9700;356.6221;355.5880;280.1797;104.8672;359.8985;3.6740
0.0000;0.0151;False;False;14.3207;-21.5532;0.0224;0.0047;-44.8093;42.5931;-0.0037;359.8278;275.9767;115.0616;359.7939;359.4949;5.2658;0.0001;0.0325;0.0245;-2.2817;-0.3667;172029;71.86482;Infinity;2390.97;14.2503;-21.0525;1.1718;1.4858;-45.0495;43.1331;355.0616;352.4080;323.4452;121.5689;354.3399;358.6623;LeftFalse_RightFalse;LeftFalse_RightFalse;HandLeft_(-0.4, -0.4, 0.0)_(-0.1, -0.5, 0.9, -0.1)_1.012537_System.String[];HandLeft_(0.2, -0.8, -0.1)_(0.4, 0.4, -0.6, 0.6)_0.9825718_System.String[];HandRight_(-0.3, -0.3, -0.3)_(0.1, 0.3, 0.3, -0.9)_1.012537_System.String[];HandRight_(0.4, -0.6, -0.2)_(0.3, -0.5, -0.3, 0.8)_0.9825718_System.String[];26.0293;-0.1102;-0.1469;14.2307;-21.2302;1.2004;1.0932;-45.1615;42.8762;356.6003;355.5739;280.2022;104.4590;359.9166;3.7965
0.0000;0.0110;False;False;14.3053;-21.3327;0.0224;0.0057;-44.8083;42.4987;-0.0043;359.8728;275.9498;114.4816;359.7934;359.4914;5.2415;0.0001;0.0195;0.0241;-2.2122;-0.3635;172032;71.58778;Infinity;2391.01;14.2351;-20.8366;1.1718;1.4869;-45.0485;43.0432;355.0616;352.4608;323.4185;120.9885;354.3392;358.6599;LeftFalse_RightFalse;LeftFalse_RightFalse;HandLeft_(-0.4, -0.4, 0.0)_(-0.1, -0.5, 0.8, -0.1)_1.012537_System.String[];HandLeft_(0.2, -0.8, -0.1)_(0.4, 0.4, -0.5, 0.6)_0.9825718_System.String[];HandRight_(-0.3, -0.3, -0.3)_(0.1, 0.3, 0.3, -0.9)_1.012537_System.String[];HandRight_(0.4, -0.6, -0.2)_(0.3, -0.5, -0.3, 0.8)_0.9825718_System.String[];26.0715;-0.1102;-0.1469;14.2156;-21.0125;1.2004;1.0943;-45.1607;42.7848;356.5618;355.5543;280.2521;104.0097;359.9295;3.8092
0.0000;0.0080;False;False;14.2901;-21.1133;0.0224;0.0064;-44.8073;42.4075;-0.0047;359.9029;275.9233;113.9112;359.7928;359.4969;5.2169;0.0001;0.0130;0.0238;-2.1417;-0.3603;172035;71.50274;Infinity;2391.05;14.2199;-20.6208;1.1718;1.4874;-45.0475;42.9562;355.0616;352.4943;323.3918;120.4132;354.3385;358.6681;LeftFalse_RightFalse;LeftFalse_RightFalse;HandLeft_(-0.4, -0.4, 0.0)_(-0.1, -0.5, 0.9, -0.1)_1.012537_System.String[];HandLeft_(0.2, -0.8, -0.1)_(0.4, 0.4, -0.5, 0.6)_0.9825718_System.String[];HandRight_(-0.3, -0.3, -0.3)_(0.1, 0.3, 0.3, -0.9)_1.012537_System.String[];HandRight_(0.4, -0.6, -0.2)_(0.3, -0.4, -0.3, 0.8)_0.9825718_System.String[];26.1135;-0.1102;-0.1469;14.2006;-20.7949;1.2004;1.0948;-45.1599;42.6959;356.5702;355.5260;280.3522;103.5608;359.9546;3.7371
0.0000;-0.0259;False;False;14.2751;-20.8961;0.0224;0.0068;-44.8063;42.3198;-0.0050;359.9235;275.8971;113.3521;359.7923;359.5044;5.1915;0.0001;0.0087;0.0234;-2.0718;-0.3572;172038;71.67348;Infinity;2391.10;14.2050;-20.4072;1.1718;1.4877;-45.0465;42.8727;355.0618;352.5167;323.3656;119.8488;354.3378;358.6778;LeftFalse_RightFalse;LeftFalse_RightFalse;HandLeft_(-0.4, -0.4, 0.0)_(-0.1, -0.5, 0.9, -0.1)_1.012537_System.String[];HandLeft_(0.2, -0.8, -0.1)_(0.4, 0.4, -0.5, 0.6)_0.9825718_System.String[];HandRight_(-0.3, -0.3, -0.3)_(0.1, 0.3, 0.3, -0.9)_1.012537_System.String[];HandRight_(0.4, -0.6, -0.2)_(0.3, -0.4, -0.3, 0.8)_0.9825718_System.String[];26.1553;-0.1102;-0.1469;14.1858;-20.5794;1.2004;1.0952;-45.1590;42.6106;356.5764;355.5046;280.4207;103.1587;-0.0014;3.6108
0.0000;-0.1068;False;False;14.2602;-20.6789;0.0224;0.0072;-44.8053;42.2347;-0.0054;359.9351;275.8710;112.7970;359.7918;359.5055;5.1545;0.0001;0.0087;0.0231;-1.9995;-0.3541;172041;71.44337;Infinity;2391.14;14.1902;-20.1961;1.1718;1.4879;-45.0456;42.7927;355.0619;352.5305;323.3397;119.2954;354.3372;358.6834;LeftFalse_RightFalse;LeftFalse_RightFalse;HandLeft_(-0.4, -0.4, 0.0)_(-0.1, -0.5, 0.9, -0.1)_1.012537_System.String[];HandLeft_(0.2, -0.8, -0.1)_(0.4, 0.4, -0.5, 0.6)_0.9825718_System.String[];HandRight_(-0.3, -0.3, -0.3)_(0.1, 0.3, 0.3, -0.9)_1.012537_System.String[];HandRight_(0.4, -0.6, -0.2)_(0.3, -0.4, -0.3, 0.8)_0.9825718_System.String[];26.1973;-0.1102;-0.1469;14.1711;-20.3666;1.2004;1.0954;-45.1581;42.5288;356.5393;355.4533;280.4720;102.8223;0.0269;3.4972
0.0000;-0.1953;False;False;14.2454;-20.4636;0.0224;0.0076;-44.8044;42.1527;-0.0057;359.9428;275.8451;112.2502;359.7913;359.5033;5.0917;0.0001;0.0083;0.0227;-1.9201;-0.3510;172044;71.2497;Infinity;2391.18;14.1755;-19.9852;1.1718;1.4883;-45.0446;42.7150;355.0621;352.5389;323.3138;118.7464;354.3367;358.6827;LeftFalse_RightFalse;LeftFalse_RightFalse;HandLeft_(-0.4, -0.4, 0.0)_(-0.1, -0.5, 0.9, -0.1)_1.012537_System.String[];HandLeft_(0.2, -0.8, -0.1)_(0.4, 0.4, -0.5, 0.6)_0.9825718_System.String[];HandRight_(-0.3, -0.3, -0.3)_(0.1, 0.3, 0.3, -0.9)_1.012537_System.String[];HandRight_(0.4, -0.6, -0.2)_(0.3, -0.4, -0.3, 0.8)_0.9825718_System.String[];26.2395;-0.1102;-0.1469;14.1565;-20.1536;1.2004;1.0957;-45.1572;42.4494;356.5471;355.3916;280.5063;102.5008;0.0559;3.4662
0.0000;-0.2755;False;False;14.2307;-20.2516;0.0224;0.0079;-44.8034;42.0745;359.9940;359.9513;275.8194;111.7148;359.7908;359.5005;4.9484;0.0001;0.0106;0.0222;-1.7872;-0.3464;172047;71.16724;Infinity;2391.22;14.1607;-19.7750;1.1718;1.4886;-45.0437;42.6398;355.0623;352.5473;323.2878;118.2021;354.3361;358.6806;LeftFalse_RightFalse;LeftFalse_RightFalse;HandLeft_(-0.4, -0.4, 0.0)_(-0.1, -0.5, 0.9, -0.1)_1.012537_System.String[];HandLeft_(0.2, -0.8, -0.1)_(0.4, 0.4, -0.5, 0.6)_0.9825718_System.String[];HandRight_(-0.3, -0.3, -0.3)_(0.1, 0.3, 0.3, -0.9)_1.012537_System.String[];HandRight_(0.4, -0.6, -0.2)_(0.3, -0.4, -0.3, 0.8)_0.9825718_System.String[];26.2815;-0.1102;-0.1469;14.1418;-19.9412;1.2004;1.0960;-45.1563;42.3726;356.5129;355.3580;280.5355;102.1374;0.0496;3.4924
0.0000;-0.3237;False;False;14.2161;-20.0455;0.0224;0.0084;-44.8025;42.0007;359.9938;359.9612;275.7941;111.1965;359.7903;359.5058;4.8268;0.0001;0.0106;0.0219;-1.6933;-0.3434;172050;71.28289;Infinity;2391.26;14.1463;-19.5725;1.1718;1.4890;-45.0428;42.5698;355.0624;352.5551;323.2626;117.6798;354.3356;358.6846;LeftFalse_RightFalse;LeftFalse_RightFalse;HandLeft_(-0.4, -0.4, 0.0)_(-0.1, -0.5, 0.9, -0.1)_1.012537_System.String[];HandLeft_(0.2, -0.8, -0.1)_(0.4, 0.4, -0.5, 0.6)_0.9825718_System.String[];HandRight_(-0.3, -0.3, -0.3)_(0.1, 0.3, 0.3, -0.9)_1.012537_System.String[];HandRight_(0.4, -0.6, -0.2)_(0.3, -0.4, -0.3, 0.8)_0.9825718_System.String[];26.3235;-0.1102;-0.1469;14.1276;-19.7365;1.2004;1.0963;-45.1553;42.3010;356.4628;355.3470;280.6350;101.7047;0.0377;3.5388
0.0000;-0.3519;False;False;14.2019;-19.8461;0.0224;0.0088;-44.8016;41.9315;359.9935;359.9819;275.7691;110.6975;359.7898;359.5065;4.6932;0.0001;0.0101;0.0216;-1.5988;-0.3404;172053;71.57631;Infinity;2391.31;14.1320;-19.3745;1.1718;1.4893;-45.0419;42.5035;355.0626;352.5725;323.2374;117.1721;354.3351;358.6886;LeftFalse_RightFalse;LeftFalse_RightFalse;HandLeft_(-0.4, -0.4, 0.0)_(-0.1, -0.5, 0.9, -0.1)_1.012537_System.String[];HandLeft_(0.2, -0.8, -0.1)_(0.4, 0.4, -0.5, 0.6)_0.9825718_System.String[];HandRight_(-0.3, -0.3, -0.3)_(0.1, 0.3, 0.3, -0.9)_1.012537_System.String[];HandRight_(0.4, -0.6, -0.2)_(0.3, -0.4, -0.3, 0.8)_0.9825718_System.String[];26.3652;-0.1102;-0.1469;14.1139;-19.5363;1.2005;1.0964;-45.1540;42.2332;356.3585;355.3650;280.9766;101.2092;0.0191;3.5522
0.0000;-0.3681;False;False;14.1876;-19.6522;0.0224;0.0092;-44.8007;41.8661;359.9933;0.0102;275.7443;110.2140;359.7893;359.5132;4.5502;0.0001;0.0110;0.0212;-1.5084;-0.3375;172056;71.65177;Infinity;2391.35;14.1179;-19.1826;1.1718;1.4895;-45.0410;42.4412;355.0628;352.5975;323.2126;116.6820;354.3345;358.6948;LeftFalse_RightFalse;LeftFalse_RightFalse;HandLeft_(-0.4, -0.4, -0.1)_(-0.1, -0.5, 0.9, -0.1)_1.012537_System.String[];HandLeft_(0.2, -0.8, -0.1)_(0.4, 0.4, -0.5, 0.7)_0.9825718_System.String[];HandRight_(-0.3, -0.2, -0.3)_(0.1, 0.3, 0.3, -0.9)_1.012537_System.String[];HandRight_(0.4, -0.6, -0.2)_(0.3, -0.4, -0.3, 0.8)_0.9825718_System.String[];26.4072;-0.1102;-0.1469;14.1004;-19.3423;1.2008;1.0964;-45.1528;42.1696;356.2256;355.4089;281.4490;100.7167;0.0299;3.5440
0.0000;-0.4001;False;False;14.1735;-19.4636;0.0224;0.0096;-44.7998;41.8043;359.9930;0.0399;275.7196;109.7454;359.7888;359.5205;4.4032;0.0001;0.0075;0.0209;-1.4196;-0.3345;172059;71.48009;Infinity;2391.39;14.1038;-18.9957;1.1718;1.4897;-45.0402;42.3824;355.0630;352.6273;323.1879;116.2061;354.3340;358.7067;LeftFalse_RightFalse;LeftFalse_RightFalse;HandLeft_(-0.4, -0.4, -0.1)_(-0.1, -0.5, 0.9, -0.1)_1.012537_System.String[];HandLeft_(0.2, -0.8, -0.1)_(0.4, 0.4, -0.5, 0.6)_0.9825718_System.String[];HandRight_(-0.3, -0.2, -0.3)_(0.1, 0.3, 0.3, -0.9)_1.012537_System.String[];HandRight_(0.4, -0.6, -0.2)_(0.3, -0.4, -0.3, 0.8)_0.9825718_System.String[];26.4492;-0.1102;-0.1469;14.0870;-19.1537;1.2009;1.0964;-45.1515;42.1096;356.1274;355.4765;281.8997;100.2844;0.0415;3.5151
0.0000;-0.4638;False;False;14.1596;-19.2827;0.0224;0.0099;-44.7990;41.7467;359.9928;0.0646;275.6953;109.2963;359.7883;359.5312;4.2436;0.0001;0.0054;0.0206;-1.3295;-0.3316;172062;71.58115;Infinity;2391.43;14.0899;-18.8160;1.1718;1.4898;-45.0393;42.3276;355.0632;352.6521;323.1635;115.7493;354.3335;358.7188;LeftFalse_RightFalse;LeftFalse_RightFalse;HandLeft_(-0.4, -0.4, 0.0)_(-0.1, -0.5, 0.9, -0.1)_1.012537_System.String[];HandLeft_(0.2, -0.8, -0.1)_(0.4, 0.4, -0.5, 0.7)_0.9825718_System.String[];HandRight_(-0.3, -0.2, -0.3)_(0.1, 0.3, 0.3, -0.9)_1.012537_System.String[];HandRight_(0.4, -0.6, -0.2)_(0.3, -0.4, -0.3, 0.8)_0.9825718_System.String[];26.4912;-0.1102;-0.1469;14.0735;-18.9723;1.2010;1.0963;-45.1500;42.0537;356.0530;355.5014;282.2382;99.9069;0.0251;3.5092
0.0000;-0.5192;False;False;14.1456;-19.1078;0.0224;0.0101;-44.7981;41.6927;359.9925;0.0874;275.6710;108.8634;359.7878;359.5445;4.0642;0.0001;0.0041;0.0203;-1.2369;-0.3287;172065;71.31574;Infinity;2391.47;14.0761;-18.6427;1.1718;1.4897;-45.0385;42.2765;355.0634;352.6738;323.1392;115.3088;354.3330;358.7339;LeftFalse_RightFalse;LeftFalse_RightFalse;HandLeft_(-0.4, -0.4, 0.0)_(-0.1, -0.5, 0.9, -0.1)_1.012537_System.String[];HandLeft_(0.2, -0.8, -0.1)_(0.4, 0.4, -0.5, 0.7)_0.9825718_System.String[];HandRight_(-0.3, -0.3, -0.3)_(0.1, 0.3, 0.3, -0.9)_1.012537_System.String[];HandRight_(0.4, -0.6, -0.2)_(0.3, -0.4, -0.3, 0.8)_0.9825718_System.String[];26.5334;-0.1102;-0.1469;14.0601;-18.7972;1.2011;1.0963;-45.1486;42.0014;356.0462;355.4575;282.5306;99.5543;359.9613;3.5444
0.0000;-0.5154;False;False;14.1319;-18.9421;0.0224;0.0103;-44.7973;41.6430;359.9923;0.1061;275.6470;108.4541;359.7874;359.5525;3.8722;0.0001;0.0060;0.0200;-1.1450;-0.3258;172068;71.42825;Infinity;2391.52;14.0624;-18.4773;1.1718;1.4897;-45.0377;42.2293;355.0636;352.6931;323.1152;114.8895;354.3325;358.7470;LeftFalse_RightFalse;LeftFalse_RightFalse;HandLeft_(-0.4, -0.4, 0.0)_(-0.1, -0.5, 0.9, -0.1)_1.012537_System.String[];HandLeft_(0.2, -0.8, -0.1)_(0.4, 0.4, -0.5, 0.7)_0.9825718_System.String[];HandRight_(-0.3, -0.3, -0.3)_(0.1, 0.3, 0.3, -0.9)_1.012537_System.String[];HandRight_(0.4, -0.6, -0.2)_(0.3, -0.4, -0.3, 0.8)_0.9825718_System.String[];26.5754;-0.1102;-0.1469;14.0467;-18.6303;1.2011;1.0962;-45.1472;41.9528;356.1028;355.3989;282.8227;99.2095;359.8620;3.5643
0.0000;-0.5154;False;False;14.1183;-18.7848;0.0224;0.0106;-44.7964;41.5973;359.9920;0.1196;275.6233;108.0662;359.7869;359.5562;3.6817;0.0001;0.0067;0.0197;-1.0578;-0.3230;172071;71.38956;Infinity;2391.56;14.0490;-18.3220;1.1718;1.4898;-45.0368;42.1862;355.0638;352.7075;323.0916;114.4969;354.3320;358.7532;LeftFalse_RightFalse;LeftFalse_RightFalse;HandLeft_(-0.4, -0.4, 0.0)_(-0.1, -0.5, 0.9, -0.1)_1.012537_System.String[];HandLeft_(0.2, -0.8, -0.1)_(0.4, 0.4, -0.5, 0.7)_0.9825718_System.String[];HandRight_(-0.3, -0.3, -0.2)_(0.1, 0.3, 0.3, -0.9)_1.012537_System.String[];HandRight_(0.4, -0.6, -0.2)_(0.3, -0.4, -0.3, 0.8)_0.9825718_System.String[];26.6174;-0.1102;-0.1469;14.0334;-18.4737;1.2012;1.0963;-45.1457;41.9086;356.1965;355.3370;283.2239;98.8851;359.7227;3.5706
0.0000;-0.5155;False;False;14.1048;-18.6353;0.0224;0.0109;-44.7956;41.5552;359.9918;0.1286;275.5997;107.6985;359.7864;359.5584;3.4916;0.0001;0.0071;0.0194;-0.9752;-0.3202;172074;71.35639;Infinity;2391.60;14.0354;-18.1722;1.1718;1.4900;-45.0360;42.1459;355.0640;352.7177;323.0678;114.1191;354.3315;358.7570;LeftFalse_RightFalse;LeftFalse_RightFalse;HandLeft_(-0.4, -0.4, 0.0)_(-0.1, -0.5, 0.9, 0.0)_1.012537_System.String[];HandLeft_(0.2, -0.8, -0.1)_(0.4, 0.4, -0.5, 0.7)_0.9825718_System.String[];HandRight_(-0.3, -0.3, -0.2)_(0.1, 0.3, 0.3, -0.9)_1.012537_System.String[];HandRight_(0.4, -0.6, -0.2)_(0.3, -0.4, -0.3, 0.8)_0.9825718_System.String[];26.6594;-0.1102;-0.1469;14.0203;-18.3225;1.2012;1.0964;-45.1438;41.8673;356.3197;355.3087;283.7428;98.5874;359.6124;3.5784
0.0000;-0.5155;False;False;14.0914;-18.4945;0.0224;0.0112;-44.7948;41.5166;359.9915;0.1358;275.5764;107.3541;359.7859;359.5723;3.2082;0.0001;0.0067;0.0190;-0.8583;-0.3160;172077;71.32965;Infinity;2391.64;14.0221;-18.0322;1.1718;1.4901;-45.0353;42.1096;355.0641;352.7247;323.0445;113.7668;354.3310;358.7659;LeftFalse_RightFalse;LeftFalse_RightFalse;HandLeft_(-0.4, -0.4, -0.1)_(-0.1, -0.5, 0.9, 0.0)_1.012537_System.String[];HandLeft_(0.2, -0.8, -0.1)_(0.4, 0.4, -0.5, 0.7)_0.9825718_System.String[];HandRight_(-0.3, -0.3, -0.3)_(0.1, 0.3, 0.3, -0.9)_1.012537_System.String[];HandRight_(0.4, -0.6, -0.2)_(0.3, -0.4, -0.3, 0.8)_0.9825718_System.String[];26.7014;-0.1102;-0.1472;14.0074;-18.1811;1.2011;1.0966;-45.1418;41.8300;356.4299;355.2663;284.4025;98.3134;359.4937;3.6172
0.0000;-0.5194;False;False;14.0782;-18.3622;0.0224;0.0114;-44.7940;41.4814;359.9913;0.1411;275.5533;107.0321;359.7855;359.5927;3.0199;0.0001;0.0038;0.0187;-0.7858;-0.3132;172080;71.37169;Infinity;2391.68;14.0090;-17.9004;1.1719;1.4901;-45.0345;42.0767;355.0643;352.7273;323.0214;113.4352;354.3305;358.7874;LeftFalse_RightFalse;LeftFalse_RightFalse;HandLeft_(-0.4, -0.4, -0.1)_(-0.1, -0.5, 0.9, 0.0)_1.012537_System.String[];HandLeft_(0.2, -0.8, -0.1)_(0.4, 0.4, -0.5, 0.7)_0.9825718_System.String[];HandRight_(-0.3, -0.3, -0.3)_(0.1, 0.3, 0.3, -0.9)_1.012537_System.String[];HandRight_(0.4, -0.6, -0.2)_(0.3, -0.4, -0.3, 0.8)_0.9825718_System.String[];26.7434;-0.1102;-0.1479;13.9945;-18.0482;1.2011;1.0966;-45.1399;41.7963;356.5160;355.1754;285.0026;98.0396;359.3670;3.6880
0.0000;-0.5390;False;False;14.0651;-18.2385;0.0224;0.0115;-44.7932;41.4494;359.9911;0.1480;275.5304;106.7312;359.7850;359.6101;2.8279;0.0001;0.0025;0.0184;-0.7161;-0.3105;172083;71.4705;Infinity;2391.73;13.9959;-17.7765;1.1719;1.4900;-45.0337;42.0467;355.0645;352.7320;322.9984;113.1244;354.3300;358.8058;LeftFalse_RightFalse;LeftFalse_RightFalse;HandLeft_(-0.4, -0.4, -0.1)_(-0.1, -0.5, 0.9, 0.0)_1.012537_System.String[];HandLeft_(0.2, -0.8, -0.1)_(0.4, 0.4, -0.5, 0.7)_0.9825718_System.String[];HandRight_(-0.3, -0.3, -0.3)_(0.1, 0.3, 0.3, -0.9)_1.012537_System.String[];HandRight_(0.4, -0.6, -0.2)_(0.3, -0.4, -0.3, 0.8)_0.9825718_System.String[];26.7854;-0.1102;-0.1489;13.9813;-17.9232;1.2011;1.0966;-45.1380;41.7655;356.5825;355.0857;285.4957;97.7671;359.2327;3.7579
0.0000;-0.5546;False;False;14.0520;-18.1224;0.0224;0.0116;-44.7925;41.4202;359.9908;0.1557;275.5076;106.4483;359.7845;359.6269;2.6320;0.0001;0.0025;0.0182;-0.6493;-0.3076;172086;71.20988;Infinity;2391.77;13.9829;-17.6604;1.1719;1.4898;-45.0330;42.0194;355.0647;352.7374;322.9757;112.8330;354.3295;358.8240;LeftFalse_RightFalse;LeftFalse_RightFalse;HandLeft_(-0.4, -0.4, -0.1)_(-0.1, -0.5, 0.9, 0.0)_1.012537_System.String[];HandLeft_(0.2, -0.8, -0.1)_(0.4, 0.4, -0.5, 0.7)_0.9825718_System.String[];HandRight_(-0.3, -0.3, -0.3)_(0.1, 0.3, 0.3, -0.9)_1.012537_System.String[];HandRight_(0.4, -0.6, -0.2)_(0.3, -0.4, -0.3, 0.8)_0.9825718_System.String[];26.8276;-0.1102;-0.1500;13.9682;-17.8063;1.2008;1.0964;-45.1360;41.7376;356.6731;355.0038;285.8810;97.5342;359.0697;3.8069
0.0000;-0.5586;False;False;14.0392;-18.0164;0.0224;0.0117;-44.7917;41.3942;359.9908;0.1651;275.4851;106.1891;359.7838;359.6398;2.4329;0.0002;0.0026;0.0180;-0.5854;-0.3047;172089;71.49975;Infinity;2391.81;13.9702;-17.5537;1.1719;1.4897;-45.0322;41.9950;355.0651;352.7446;322.9532;112.5646;354.3289;358.8390;LeftFalse_RightFalse;LeftFalse_RightFalse;HandLeft_(-0.4, -0.4, -0.1)_(-0.1, -0.5, 0.9, 0.0)_1.012537_System.String[];HandLeft_(0.2, -0.8, -0.1)_(0.4, 0.4, -0.5, 0.7)_0.9825718_System.String[];HandRight_(-0.3, -0.3, -0.3)_(0.1, 0.3, 0.3, -0.9)_1.012537_System.String[];HandRight_(0.4, -0.6, -0.2)_(0.3, -0.4, -0.3, 0.8)_0.9825718_System.String[];26.8694;-0.1102;-0.1508;13.9555;-17.6988;1.2005;1.0963;-45.1344;41.7124;356.7481;354.9319;286.1280;97.3786;358.9253;3.8464
0.0000;-0.5664;False;False;14.0265;-17.9189;0.0225;0.0118;-44.7910;41.3710;359.9908;0.1752;275.4628;105.9499;359.7830;359.6513;2.2328;0.0002;0.0027;0.0177;-0.5247;-0.3018;172092;71.65688;Infinity;2391.85;13.9575;-17.4552;1.1719;1.4896;-45.0315;41.9732;355.0656;352.7533;322.9308;112.3160;354.3284;358.8521;LeftFalse_RightFalse;LeftFalse_RightFalse;HandLeft_(-0.4, -0.4, 0.0)_(-0.1, -0.5, 0.9, 0.0)_1.012537_System.String[];HandLeft_(0.2, -0.8, -0.1)_(0.4, 0.4, -0.5, 0.7)_0.9825718_System.String[];HandRight_(-0.3, -0.3, -0.3)_(0.1, 0.3, 0.3, -0.9)_1.012537_System.String[];HandRight_(0.4, -0.6, -0.2)_(0.3, -0.4, -0.3, 0.8)_0.9825718_System.String[];26.9114;-0.1102;-0.1513;13.9428;-17.5996;1.2004;1.0963;-45.1329;41.6896;356.8329;354.8594;286.2602;97.3248;358.7893;3.8785
0.0000;-0.5742;False;False;14.0140;-17.8305;0.0225;0.0120;-44.7902;41.3504;359.9908;0.1854;275.4407;105.7323;359.7821;359.6621;2.0312;0.0002;0.0027;0.0175;-0.4668;-0.2990;172095;71.82039;Infinity;2391.89;13.9451;-17.3658;1.1719;1.4896;-45.0308;41.9539;355.0663;352.7622;322.9087;112.0898;354.3279;358.8642;LeftFalse_RightFalse;LeftFalse_RightFalse;HandLeft_(-0.4, -0.4, -0.1)_(-0.1, -0.5, 0.9, 0.0)_1.012537_System.String[];HandLeft_(0.2, -0.8, -0.1)_(0.4, 0.4, -0.5, 0.7)_0.9825718_System.String[];HandRight_(-0.3, -0.3, -0.3)_(0.1, 0.3, 0.3, -0.9)_1.012537_System.String[];HandRight_(0.4, -0.6, -0.2)_(0.3, -0.4, -0.3, 0.8)_0.9825718_System.String[];26.9529;-0.1102;-0.1517;13.9304;-17.5097;1.2003;1.0962;-45.1313;41.6697;356.9091;354.7940;286.3114;97.3604;358.6501;3.8903
0.0405;-0.5742;False;False;14.0026;-17.7500;0.0225;0.0121;-44.7895;41.3320;-0.0051;0.1953;275.4238;105.5341;359.7830;359.6727;1.8292;0.0003;0.0026;0.0177;-0.4119;-0.2202;172098;71.61174;Infinity;2391.94;13.9326;-17.2842;1.1719;1.4895;-45.0301;41.9367;355.0670;352.7711;322.8869;111.8828;354.3275;358.8759;LeftFalse_RightFalse;LeftFalse_RightFalse;HandLeft_(-0.4, -0.4, -0.1)_(-0.1, -0.5, 0.9, 0.0)_1.012537_System.String[];HandLeft_(0.2, -0.8, -0.1)_(0.4, 0.4, -0.5, 0.7)_0.9825718_System.String[];HandRight_(-0.3, -0.3, -0.3)_(0.1, 0.3, 0.3, -0.9)_1.012537_System.String[];HandRight_(0.4, -0.6, -0.2)_(0.3, -0.4, -0.3, 0.8)_0.9825718_System.String[];26.9951;-0.1102;-0.1521;13.9180;-17.4276;1.2002;1.0962;-45.1300;41.6517;356.9810;354.7067;286.3083;97.4527;358.5178;3.9169
0.0295;-0.5742;False;False;13.9934;-17.6790;0.0225;0.0122;-44.7889;41.3161;0.0014;0.2052;275.4109;105.3592;359.7833;359.6848;1.6281;0.0004;0.0032;0.0135;-0.3595;-0.2223;172101;71.69364;Infinity;2391.98;13.9234;-17.2122;1.1719;1.4894;-45.0294;41.9219;355.0717;352.7795;322.8757;111.6999;354.3353;358.8884;LeftFalse_RightFalse;LeftFalse_RightFalse;HandLeft_(-0.4, -0.4, 0.0)_(-0.1, -0.5, 0.9, -0.1)_1.012537_System.String[];HandLeft_(0.2, -0.8, -0.1)_(0.4, 0.4, -0.5, 0.7)_0.9825718_System.String[];HandRight_(-0.3, -0.3, -0.3)_(0.1, 0.3, 0.3, -0.9)_1.012537_System.String[];HandRight_(0.4, -0.6, -0.2)_(0.3, -0.4, -0.3, 0.8)_0.9825718_System.String[];27.0369;-0.1102;-0.1527;13.9087;-17.3551;1.2002;1.0964;-45.1290;41.6360;357.0761;354.6057;286.2305;97.6099;358.4216;3.9664
0.0215;-0.5742;False;False;13.9842;-17.6167;0.0225;0.0123;-44.7883;41.3025;0.0036;0.2146;275.3955;105.2057;359.7826;359.6976;1.4282;0.0004;0.0033;0.0131;-0.3097;-0.2227;172104;71.77477;Infinity;2392.02;13.9141;-17.1483;1.1719;1.4893;-45.0289;41.9091;355.0744;352.7878;322.8604;111.5373;354.3373;358.9023;LeftFalse_RightFalse;LeftFalse_RightFalse;HandLeft_(-0.4, -0.4, 0.0)_(-0.1, -0.5, 0.9, 0.0)_1.012537_System.String[];HandLeft_(0.2, -0.8, -0.1)_(0.4, 0.4, -0.5, 0.7)_0.9825718_System.String[];HandRight_(-0.3, -0.3, -0.3)_(0.1, 0.3, 0.3, -0.9)_1.012537_System.String[];HandRight_(0.4, -0.6, -0.2)_(0.3, -0.4, -0.3, 0.8)_0.9825718_System.String[];27.0786;-0.1102;-0.1534;13.8994;-17.2909;1.2002;1.0966;-45.1282;41.6223;357.1221;354.4915;286.1097;97.8170;358.3297;4.0396
0.0157;-0.5703;False;False;13.9748;-17.5628;0.0225;0.0125;-44.7878;41.2909;0.0036;0.2233;275.3799;105.0728;359.7820;359.7105;1.1308;0.0004;0.0031;0.0129;-0.2395;-0.2209;172107;71.65666;Infinity;2392.06;13.9048;-17.0928;1.1719;1.4893;-45.0283;41.8983;355.0753;352.7953;322.8447;111.3958;354.3373;358.9162;LeftFalse_RightFalse;LeftFalse_RightFalse;HandLeft_(-0.4, -0.4, 0.0)_(-0.1, -0.5, 0.9, 0.0)_1.012537_System.String[];HandLeft_(0.2, -0.8, -0.1)_(0.4, 0.4, -0.5, 0.7)_0.9825718_System.String[];HandRight_(-0.3, -0.3, -0.3)_(0.1, 0.3, 0.3, -0.9)_1.012537_System.String[];HandRight_(0.4, -0.6, -0.2)_(0.3, -0.4, -0.3, 0.8)_0.9825718_System.String[];27.1206;-0.1102;-0.1537;13.8902;-17.2351;1.2002;1.0968;-45.1275;41.6107;357.1640;354.3910;285.9627;98.0490;358.2110;4.1041
0.0114;-0.5547;False;False;13.9656;-17.5180;0.0225;0.0126;-44.7873;41.2813;0.0024;0.2306;275.3643;104.9621;359.7814;359.7228;0.9372;0.0003;0.0028;0.0128;-0.1960;-0.2198;172110;71.70723;Infinity;2392.10;13.8957;-17.0461;1.1720;1.4892;-45.0278;41.8893;355.0751;352.8016;322.8293;111.2766;354.3362;358.9295;LeftFalse_RightFalse;LeftFalse_RightFalse;HandLeft_(-0.4, -0.4, 0.0)_(-0.1, -0.5, 0.9, 0.0)_1.012537_System.String[];HandLeft_(0.2, -0.8, -0.1)_(0.4, 0.4, -0.5, 0.7)_0.9825718_System.String[];HandRight_(-0.3, -0.3, -0.3)_(0.1, 0.3, 0.3, -0.9)_1.012537_System.String[];HandRight_(0.4, -0.6, -0.2)_(0.3, -0.4, -0.3, 0.8)_0.9825718_System.String[];27.1624;-0.1102;-0.1537;13.8811;-17.1882;1.2002;1.0969;-45.1269;41.6010;357.1740;354.3472;285.8516;98.3261;358.1214;4.1361
0.0083;-0.5430;False;False;13.9563;-17.4812;0.0226;0.0127;-44.7867;41.2736;0.0005;0.2360;275.3488;104.8717;359.7808;359.7343;0.7509;0.0003;0.0022;0.0127;-0.1555;-0.2196;172113;71.60324;Infinity;2392.14;13.8865;-17.0072;1.1720;1.4891;-45.0273;41.8820;355.0744;352.8065;322.8138;111.1772;354.3346;358.9422;LeftFalse_RightFalse;LeftFalse_RightFalse;HandLeft_(-0.4, -0.4, 0.0)_(-0.1, -0.5, 0.9, 0.0)_1.012537_System.String[];HandLeft_(0.2, -0.8, -0.1)_(0.4, 0.4, -0.5, 0.7)_0.9825718_System.String[];HandRight_(-0.3, -0.3, -0.3)_(0.1, 0.3, 0.3, -0.9)_1.012537_System.String[];HandRight_(0.4, -0.6, -0.2)_(0.3, -0.4, -0.3, 0.8)_0.9825718_System.String[];27.2043;-0.1102;-0.1539;13.8719;-17.1495;1.2002;1.0969;-45.1263;41.5929;357.1716;354.3636;285.7707;98.6301;358.0849;4.1289
0.0061;-0.5312;False;False;13.9472;-17.4528;0.0226;0.0128;-44.7862;41.2676;-0.0015;0.2389;275.3341;104.8019;359.7803;359.7439;0.5693;0.0003;0.0016;0.0125;-0.1171;-0.2179;172116;71.79556;Infinity;2392.19;13.8774;-16.9768;1.1720;1.4891;-45.0268;41.8764;355.0734;352.8091;322.7992;111.0994;354.3328;358.9528;LeftFalse_RightFalse;LeftFalse_RightFalse;HandLeft_(-0.4, -0.4, 0.0)_(-0.1, -0.5, 0.9, 0.0)_1.012537_System.String[];HandLeft_(0.2, -0.8, -0.1)_(0.4, 0.4, -0.5, 0.7)_0.9825718_System.String[];HandRight_(-0.3, -0.3, -0.3)_(0.1, 0.3, 0.3, -0.9)_1.012537_System.String[];HandRight_(0.4, -0.6, -0.2)_(0.3, -0.4, -0.3, 0.8)_0.9825718_System.String[];27.2461;-0.1102;-0.1539;13.8629;-17.1192;1.2002;1.0970;-45.1258;41.5865;357.1755;354.3637;285.7018;98.9218;358.1083;4.1085
0.0044;-0.5273;False;False;13.9381;-17.4321;0.0226;0.0128;-44.7857;41.2634;-0.0033;0.2398;275.3196;104.7513;359.7799;359.7523;0.3917;0.0003;0.0011;0.0124;-0.0802;-0.2161;172119;71.89628;Infinity;2392.23;13.8684;-16.9540;1.1720;1.4890;-45.0263;41.8723;355.0724;352.8096;322.7848;111.0412;354.3310;358.9617;LeftFalse_RightFalse;LeftFalse_RightFalse;HandLeft_(-0.4, -0.4, 0.0)_(-0.1, -0.5, 0.9, 0.0)_1.012537_System.String[];HandLeft_(0.2, -0.8, -0.1)_(0.4, 0.4, -0.5, 0.7)_0.9825718_System.String[];HandRight_(-0.3, -0.3, -0.3)_(0.1, 0.3, 0.3, -0.9)_1.012537_System.String[];HandRight_(0.4, -0.6, -0.2)_(0.3, -0.4, -0.3, 0.8)_0.9825718_System.String[];27.2876;-0.1102;-0.1539;13.8539;-17.0965;1.2002;1.0969;-45.1252;41.5815;357.1637;354.3527;285.6409;99.1867;358.1519;4.0765
-0.0166;-0.5195;False;False;13.9292;-17.4191;0.0226;0.0129;-44.7852;41.2606;-0.0050;0.2391;275.3054;104.7200;359.7795;359.7597;0.2171;0.0002;0.0007;0.0122;-0.0445;-0.2141;172122;71.94373;Infinity;2392.27;13.8595;-16.9388;1.1720;1.4890;-45.0257;41.8695;355.0716;352.8085;322.7706;111.0023;354.3294;358.9695;LeftFalse_RightFalse;LeftFalse_RightFalse;HandLeft_(-0.4, -0.4, 0.0)_(-0.1, -0.5, 0.9, 0.0)_1.012537_System.String[];HandLeft_(0.2, -0.8, -0.1)_(0.4, 0.4, -0.5, 0.7)_0.9825718_System.String[];HandRight_(-0.3, -0.3, -0.3)_(0.1, 0.3, 0.3, -0.9)_1.012537_System.String[];HandRight_(0.4, -0.6, -0.2)_(0.3, -0.4, -0.3, 0.8)_0.9825718_System.String[];27.3293;-0.1102;-0.1539;13.8450;-17.0815;1.2002;1.0969;-45.1247;41.5780;357.1507;354.3480;285.5796;99.4410;358.2028;4.0284
-0.0572;-0.5195;False;False;13.9221;-17.4129;0.0226;0.0129;-44.7847;41.2593;0.0013;0.2370;275.3372;104.7097;359.7812;359.7663;0.0036;0.0000;0.0002;0.0107;-0.0005;-0.0725;172125;71.60252;Infinity;2392.31;13.8509;-16.9299;1.1720;1.4890;-45.0253;41.8680;355.0715;352.8026;322.7604;110.9837;354.3291;358.9749;LeftFalse_RightFalse;LeftFalse_RightFalse;HandLeft_(-0.4, -0.4, 0.0)_(-0.1, -0.5, 0.9, -0.1)_1.012537_System.String[];HandLeft_(0.2, -0.8, -0.1)_(0.4, 0.4, -0.5, 0.7)_0.9825718_System.String[];HandRight_(-0.3, -0.3, -0.3)_(0.1, 0.3, 0.3, -0.9)_1.012537_System.String[];HandRight_(0.4, -0.6, -0.2)_(0.3, -0.4, -0.3, 0.8)_0.9825718_System.String[];27.3713;-0.1102;-0.1539;13.8365;-17.0728;1.2002;1.0969;-45.1242;41.5758;357.1274;354.3813;285.4987;99.6812;358.2545;3.9595
-0.0697;-0.5117;False;False;13.9215;-17.4128;0.0226;0.0129;-44.7845;41.2593;0.0215;0.2291;275.3706;104.7099;359.7834;359.7705;-0.0011;0.0004;0.0001;0.0011;0.0003;-0.0007;172128;71.49753;Infinity;2392.35;13.8482;-16.9293;1.1720;1.4889;-45.0249;41.8680;355.0832;352.8032;322.8295;110.9824;354.3476;358.9818;LeftFalse_RightFalse;LeftFalse_RightFalse;HandLeft_(-0.4, -0.4, 0.0)_(-0.1, -0.5, 0.9, -0.1)_1.012537_System.String[];HandLeft_(0.2, -0.8, -0.1)_(0.4, 0.4, -0.5, 0.7)_0.9825718_System.String[];HandRight_(-0.3, -0.3, -0.2)_(0.1, 0.3, 0.3, -0.9)_1.012537_System.String[];HandRight_(0.4, -0.6, -0.2)_(0.3, -0.4, -0.3, 0.8)_0.9825718_System.String[];27.4133;-0.1102;-0.1546;13.8336;-17.0724;1.2002;1.0969;-45.1239;41.5751;357.0766;354.4305;285.4595;99.8952;358.3031;3.8815
-0.0821;-0.5000;False;False;13.9216;-17.4127;0.0226;0.0129;-44.7845;41.2593;0.0298;0.2018;275.3706;104.7100;359.7833;359.7702;-0.0018;0.0004;-0.0004;0.0010;0.0004;-0.0002;172131;71.60975;Infinity;2392.40;13.8480;-16.9297;1.1720;1.4890;-45.0249;41.8681;355.0908;352.7800;322.8288;110.9827;354.3561;358.9798;LeftFalse_RightFalse;LeftFalse_RightFalse;HandLeft_(-0.4, -0.4, 0.0)_(-0.1, -0.5, 0.9, -0.1)_1.012537_System.String[];HandLeft_(0.2, -0.8, -0.1)_(0.4, 0.4, -0.5, 0.7)_0.9825718_System.String[];HandRight_(-0.3, -0.3, -0.2)_(0.1, 0.3, 0.3, -0.9)_1.012537_System.String[];HandRight_(0.4, -0.6, -0.2)_(0.3, -0.4, -0.3, 0.8)_0.9825718_System.String[];27.4553;-0.1102;-0.1559;13.8336;-17.0726;1.2002;1.0970;-45.1240;41.5746;357.0415;354.4813;285.3507;100.0624;358.3101;3.7989
-0.0943;-0.5000;False;False;13.9216;-17.4126;0.0226;0.0129;-44.7845;41.2592;0.0315;0.1672;275.3706;104.7102;359.7829;359.7683;-0.0021;0.0002;-0.0008;0.0010;0.0004;0.0001;172134;71.79597;Infinity;2392.44;13.8480;-16.9305;1.1720;1.4892;-45.0248;41.8683;355.0933;352.7473;322.8286;110.9835;354.3584;358.9745;LeftFalse_RightFalse;LeftFalse_RightFalse;HandLeft_(-0.4, -0.4, 0.0)_(-0.1, -0.5, 0.9, 0.0)_1.012537_System.String[];HandLeft_(0.2, -0.8, -0.1)_(0.4, 0.4, -0.5, 0.7)_0.9825718_System.String[];HandRight_(-0.3, -0.3, -0.2)_(0.1, 0.3, 0.3, -0.9)_1.012537_System.String[];HandRight_(0.4, -0.6, -0.2)_(0.3, -0.4, -0.3, 0.8)_0.9825718_System.String[];27.4971;-0.1102;-0.1579;13.8338;-17.0730;1.2002;1.0972;-45.1242;41.5743;357.0198;354.5251;285.2633;100.1654;358.3337;3.7323
-0.0985;-0.4841;False;False;13.9216;-17.4125;0.0226;0.0128;-44.7844;41.2592;0.0293;0.1310;275.3706;104.7103;359.7824;359.7658;-0.0021;0.0001;-0.0010;0.0010;0.0004;0.0003;172137;71.89889;Infinity;2392.48;13.8480;-16.9312;1.1720;1.4894;-45.0248;41.8684;355.0929;352.7116;322.8287;110.9845;354.3571;358.9682;LeftFalse_RightFalse;LeftFalse_RightFalse;HandLeft_(-0.4, -0.4, 0.0)_(-0.1, -0.5, 0.9, 0.0)_1.012537_System.String[];HandLeft_(0.2, -0.8, -0.1)_(0.4, 0.4, -0.5, 0.7)_0.9825718_System.String[];HandRight_(-0.3, -0.3, -0.2)_(0.1, 0.3, 0.3, -0.9)_1.012537_System.String[];HandRight_(0.4, -0.6, -0.2)_(0.3, -0.4, -0.3, 0.8)_0.9825718_System.String[];27.5386;-0.1102;-0.1601;13.8339;-17.0735;1.2002;1.0973;-45.1244;41.5742;357.0119;354.5420;285.2251;100.2086;358.3813;3.6735
-0.1066;-0.4444;False;False;13.9216;-17.4123;0.0226;0.0128;-44.7844;41.2592;0.0251;0.0965;275.3706;104.7105;359.7819;359.7633;-0.0020;0.0000;-0.0012;0.0010;0.0003;0.0004;172140;71.94956;Infinity;2392.52;13.8481;-16.9320;1.1720;1.4895;-45.0247;41.8685;355.0908;352.6768;322.8290;110.9855;354.3541;358.9617;LeftFalse_RightFalse;LeftFalse_RightFalse;HandLeft_(-0.4, -0.4, 0.0)_(-0.1, -0.5, 0.9, 0.0)_1.012537_System.String[];HandLeft_(0.2, -0.8, -0.1)_(0.4, 0.4, -0.5, 0.7)_0.9825718_System.String[];HandRight_(-0.3, -0.3, -0.2)_(0.1, 0.3, 0.3, -0.9)_1.012537_System.String[];HandRight_(0.4, -0.6, -0.2)_(0.3, -0.4, -0.3, 0.8)_0.9825718_System.String[];27.5803;-0.1102;-0.1616;13.8341;-17.0740;1.2002;1.0975;-45.1245;41.5742;357.0129;354.5335;285.2310;100.2257;358.4433;3.6178
-0.1107;-0.3928;False;False;13.9216;-17.4122;0.0226;0.0127;-44.7844;41.2592;0.0200;0.0655;275.3706;104.7107;359.7814;359.7610;-0.0016;-0.0001;-0.0012;0.0010;0.0003;0.0004;172143;71.82291;Infinity;2392.56;13.8482;-16.9327;1.1720;1.4897;-45.0247;41.8687;355.0879;352.6450;322.8293;110.9865;354.3501;358.9557;LeftFalse_RightFalse;LeftFalse_RightFalse;HandLeft_(-0.4, -0.4, 0.0)_(-0.1, -0.5, 0.9, -0.1)_1.012537_System.String[];HandLeft_(0.2, -0.8, -0.1)_(0.4, 0.4, -0.5, 0.7)_0.9825718_System.String[];HandRight_(-0.3, -0.3, -0.3)_(0.1, 0.3, 0.3, -0.9)_1.012537_System.String[];HandRight_(0.4, -0.6, -0.2)_(0.3, -0.4, -0.3, 0.8)_0.9825718_System.String[];27.6221;-0.1102;-0.1625;13.8339;-17.0745;1.2002;1.0976;-45.1248;41.5742;357.0263;354.5219;285.2522;100.2192;358.5315;3.5829
-0.1148;-0.3254;False;False;13.9215;-17.4121;0.0226;0.0127;-44.7843;41.2592;0.0149;0.0388;275.3707;104.7108;359.7809;359.7589;-0.0014;-0.0002;-0.0011;0.0010;0.0002;0.0004;172146;71.91639;Infinity;2392.60;13.8483;-16.9333;1.1721;1.4898;-45.0246;41.8688;355.0847;352.6172;322.8297;110.9873;354.3460;358.9505;LeftFalse_RightFalse;LeftFalse_RightFalse;HandLeft_(-0.4, -0.4, 0.0)_(-0.1, -0.5, 0.9, -0.1)_1.012537_System.String[];HandLeft_(0.2, -0.8, -0.1)_(0.4, 0.4, -0.5, 0.7)_0.9825718_System.String[];HandRight_(-0.3, -0.3, -0.3)_(0.1, 0.3, 0.3, -0.9)_1.012537_System.String[];HandRight_(0.4, -0.6, -0.2)_(0.3, -0.4, -0.3, 0.8)_0.9825718_System.String[];27.6638;-0.1102;-0.1627;13.8340;-17.0749;1.2002;1.0977;-45.1253;41.5742;357.0029;354.5201;285.2668;100.1786;358.6117;3.5870
-0.1228;-0.2659;False;False;13.9215;-17.4121;0.0226;0.0127;-44.7843;41.2591;0.0101;0.0164;275.3707;104.7109;359.7806;359.7572;-0.0012;-0.0002;-0.0009;0.0009;0.0002;0.0003;172149;71.78313;Infinity;2392.65;13.8483;-16.9338;1.1721;1.4899;-45.0246;41.8689;355.0817;352.5938;322.8301;110.9880;354.3421;358.9461;LeftFalse_RightFalse;LeftFalse_RightFalse;HandLeft_(-0.4, -0.4, 0.0)_(-0.1, -0.5, 0.9, -0.1)_1.012537_System.String[];HandLeft_(0.2, -0.8, -0.1)_(0.4, 0.4, -0.5, 0.7)_0.9825718_System.String[];HandRight_(-0.3, -0.3, -0.3)_(0.1, 0.3, 0.3, -0.9)_1.012537_System.String[];HandRight_(0.4, -0.6, -0.2)_(0.3, -0.4, -0.3, 0.8)_0.9825718_System.String[];27.7056;-0.1102;-0.1627;13.8342;-17.0752;1.2002;1.0977;-45.1256;41.5742;356.9835;354.5707;285.2570;100.1063;358.6814;3.6112
-0.1268;-0.2143;False;False;13.9215;-17.4120;0.0226;0.0126;-44.7842;41.2591;0.0058;-0.0019;275.3707;104.7110;359.7803;359.7558;-0.0009;-0.0002;-0.0008;0.0009;0.0002;0.0003;172152;71.60034;Infinity;2392.69;13.8484;-16.9343;1.1720;1.4900;-45.0246;41.8690;355.0789;352.5744;322.8304;110.9885;354.3386;358.9424;LeftFalse_RightFalse;LeftFalse_RightFalse;HandLeft_(-0.4, -0.4, 0.0)_(-0.1, -0.5, 0.9, -0.1)_1.012537_System.String[];HandLeft_(0.2, -0.8, -0.1)_(0.5, 0.4, -0.5, 0.7)_0.9825718_System.String[];HandRight_(-0.3, -0.3, -0.3)_(0.1, 0.3, 0.3, -0.9)_1.012537_System.String[];HandRight_(0.4, -0.6, -0.2)_(0.3, -0.4, -0.3, 0.8)_0.9825718_System.String[];27.7476;-0.1102;-0.1627;13.8343;-17.0752;1.2002;1.0978;-45.1257;41.5741;356.9762;354.6647;285.2131;100.0205;358.7220;3.6185
-0.1348;-0.1786;False;False;13.9215;-17.4119;0.0226;0.0126;-44.7842;41.2591;0.0022;359.9836;275.3707;104.7111;359.7800;359.7547;-0.0008;-0.0002;-0.0007;0.0009;0.0001;0.0003;172155;71.7264;Infinity;2392.73;13.8485;-16.9346;1.1720;1.4901;-45.0245;41.8690;355.0765;352.5588;322.8307;110.9890;354.3355;358.9394;LeftFalse_RightFalse;LeftFalse_RightFalse;HandLeft_(-0.4, -0.4, 0.0)_(-0.1, -0.5, 0.9, -0.1)_1.012537_System.String[];HandLeft_(0.2, -0.8, -0.1)_(0.4, 0.4, -0.5, 0.7)_0.9825718_System.String[];HandRight_(-0.3, -0.3, -0.3)_(0.1, 0.3, 0.3, -0.9)_1.012537_System.String[];HandRight_(0.4, -0.6, -0.2)_(0.3, -0.4, -0.3, 0.8)_0.9825718_System.String[];27.7896;-0.1102;-0.1627;13.8344;-17.0752;1.2002;1.0979;-45.1258;41.5740;356.9891;354.7783;285.1564;99.9212;358.7477;3.5968
-0.1388;-0.1508;False;False;13.9215;-17.4119;0.0226;0.0126;-44.7842;41.2591;-0.0008;359.9721;275.3707;104.7111;359.7798;359.7538;-0.0006;-0.0001;-0.0005;0.0009;0.0001;0.0002;172158;71.67711;Infinity;2392.77;13.8485;-16.9349;1.1720;1.4901;-45.0245;41.8691;355.0744;352.5466;322.8309;110.9894;354.3330;358.9371;LeftFalse_RightFalse;LeftFalse_RightFalse;HandLeft_(-0.4, -0.4, 0.0)_(-0.1, -0.5, 0.9, -0.1)_1.012537_System.String[];HandLeft_(0.2, -0.8, -0.1)_(0.4, 0.4, -0.5, 0.7)_0.9825718_System.String[];HandRight_(-0.3, -0.3, -0.3)_(0.1, 0.3, 0.3, -0.9)_1.012537_System.String[];HandRight_(0.4, -0.6, -0.2)_(0.3, -0.4, -0.3, 0.8)_0.9825718_System.String[];27.8313;-0.1102;-0.1627;13.8342;-17.0751;1.2002;1.0980;-45.1261;41.5739;357.0243;354.8961;285.0933;99.8205;358.7619;3.5464
-0.1388;-0.1429;False;False;13.9215;-17.4119;0.0226;0.0125;-44.7841;41.2591;-0.0033;359.9633;275.3707;104.7112;359.7797;359.7531;-0.0005;-0.0001;-0.0004;0.0009;0.0001;0.0002;172161;71.82084;Infinity;2392.81;13.8486;-16.9351;1.1720;1.4902;-45.0244;41.8691;355.0728;352.5371;322.8311;110.9897;354.3310;358.9352;LeftFalse_RightFalse;LeftFalse_RightFalse;HandLeft_(-0.4, -0.4, 0.0)_(-0.1, -0.5, 0.9, -0.1)_1.012537_System.String[];HandLeft_(0.2, -0.8, -0.1)_(0.4, 0.4, -0.5, 0.7)_0.9825718_System.String[];HandRight_(-0.3, -0.3, -0.3)_(0.1, 0.3, 0.3, -0.9)_1.012537_System.String[];HandRight_(0.4, -0.6, -0.2)_(0.3, -0.4, -0.3, 0.8)_0.9825718_System.String[];27.8730;-0.1102;-0.1629;13.8340;-17.0747;1.2002;1.0979;-45.1263;41.5738;357.0821;355.0286;285.0625;99.7391;358.7747;3.4919
-0.1388;-0.1429;False;False;13.9215;-17.4118;0.0226;0.0125;-44.7841;41.2591;-0.0053;359.9567;275.3707;104.7112;359.7796;359.7525;-0.0003;-0.0001;-0.0003;0.0009;0.0000;0.0002;172164;71.62508;Infinity;2392.85;13.8486;-16.9353;1.1720;1.4902;-45.0244;41.8691;355.0714;352.5299;322.8313;110.9899;354.3293;358.9338;LeftFalse_RightFalse;LeftFalse_RightFalse;HandLeft_(-0.4, -0.4, 0.0)_(-0.1, -0.5, 0.9, 0.0)_1.012537_System.String[];HandLeft_(0.2, -0.8, -0.1)_(0.4, 0.4, -0.5, 0.7)_0.9825718_System.String[];HandRight_(-0.3, -0.3, -0.3)_(0.1, 0.3, 0.3, -0.9)_1.012537_System.String[];HandRight_(0.4, -0.6, -0.2)_(0.3, -0.4, -0.3, 0.8)_0.9825718_System.String[];27.9150;-0.1102;-0.1633;13.8339;-17.0743;1.2002;1.0976;-45.1264;41.5736;357.1331;355.1687;285.0442;99.7031;358.8152;3.4352
-0.1389;-0.1429;False;False;13.9215;-17.4118;0.0226;0.0125;-44.7840;41.2591;359.9932;359.9517;275.3707;104.7113;359.7795;359.7520;-0.0003;-0.0001;-0.0002;0.0009;0.0000;0.0002;172167;71.57421;Infinity;2392.90;13.8487;-16.9354;1.1720;1.4902;-45.0244;41.8691;355.0704;352.5245;322.8314;110.9901;354.3280;358.9327;LeftFalse_RightFalse;LeftFalse_RightFalse;HandLeft_(-0.4, -0.4, 0.0)_(-0.1, -0.5, 0.9, -0.1)_1.012537_System.String[];HandLeft_(0.2, -0.8, -0.1)_(0.4, 0.4, -0.5, 0.7)_0.9825718_System.String[];HandRight_(-0.3, -0.3, -0.3)_(0.1, 0.3, 0.3, -0.9)_1.012537_System.String[];HandRight_(0.4, -0.6, -0.2)_(0.3, -0.4, -0.3, 0.8)_0.9825718_System.String[];27.9570;-0.1102;-0.1635;13.8339;-17.0738;1.2002;1.0975;-45.1264;41.5734;357.1703;355.2952;285.0115;99.7030;358.8569;3.3948
-0.1428;-0.1429;False;False;13.9215;-17.4118;0.0226;0.0125;-44.7840;41.2591;359.9921;359.9480;275.3707;104.7113;359.7794;359.7517;-0.0002;-0.0001;-0.0001;0.0009;0.0000;0.0001;172170;71.70964;Infinity;2392.94;13.8487;-16.9355;1.1720;1.4902;-45.0243;41.8692;355.0696;352.5205;322.8315;110.9902;354.3270;358.9319;LeftFalse_RightFalse;LeftFalse_RightFalse;HandLeft_(-0.4, -0.4, 0.0)_(-0.1, -0.5, 0.9, 0.0)_1.012537_System.String[];HandLeft_(0.2, -0.8, -0.1)_(0.4, 0.4, -0.5, 0.7)_0.9825718_System.String[];HandRight_(-0.3, -0.3, -0.3)_(0.1, 0.3, 0.3, -0.9)_1.012537_System.String[];HandRight_(0.4, -0.6, -0.2)_(0.3, -0.4, -0.3, 0.8)_0.9825718_System.String[];27.9988;-0.1102;-0.1637;13.8338;-17.0734;1.2002;1.0975;-45.1265;41.5732;357.1746;355.4302;284.9665;99.7504;358.8994;3.3520
-0.1270;-0.1230;False;False;13.9215;-17.4118;0.0226;0.0125;-44.7839;41.2591;359.9912;359.9454;275.3707;104.7113;359.7794;359.7514;-0.0001;0.0000;-0.0001;0.0009;0.0000;0.0001;172173;71.85136;Infinity;2392.98;13.8487;-16.9355;1.1720;1.4903;-45.0243;41.8692;355.0690;352.5177;322.8315;110.9903;354.3263;358.9312;LeftFalse_RightFalse;LeftFalse_RightFalse;HandLeft_(-0.4, -0.4, 0.0)_(-0.1, -0.5, 0.9, -0.1)_1.012537_System.String[];HandLeft_(0.2, -0.8, -0.1)_(0.4, 0.4, -0.5, 0.7)_0.9825718_System.String[];HandRight_(-0.3, -0.3, -0.3)_(0.1, 0.3, 0.3, -0.9)_1.012537_System.String[];HandRight_(0.4, -0.6, -0.2)_(0.3, -0.4, -0.3, 0.8)_0.9825718_System.String[];28.0405;-0.1102;-0.1637;13.8338;-17.0728;1.2002;1.0972;-45.1265;41.5730;357.1634;355.5650;284.9143;99.8185;358.9239;3.3130
-0.0476;-0.0397;False;False;13.9215;-17.4118;0.0226;0.0125;-44.7839;41.2591;359.9905;359.9436;275.3707;104.7113;359.7793;359.7512;-0.0001;0.0000;0.0000;0.0009;0.0000;0.0001;172176;71.63365;Infinity;2393.02;13.8487;-16.9356;1.1720;1.4903;-45.0243;41.8692;355.0685;352.5156;322.8316;110.9904;354.3257;358.9308;LeftFalse_RightFalse;LeftFalse_RightFalse;HandLeft_(-0.4, -0.4, 0.0)_(-0.1, -0.5, 0.9, -0.1)_1.012537_System.String[];HandLeft_(0.2, -0.8, -0.1)_(0.4, 0.4, -0.5, 0.7)_0.9825718_System.String[];HandRight_(-0.3, -0.3, -0.3)_(0.1, 0.3, 0.3, -0.9)_1.012537_System.String[];HandRight_(0.4, -0.6, -0.2)_(0.3, -0.4, -0.3, 0.8)_0.9825718_System.String[];28.0825;-0.1101;-0.1637;13.8338;-17.0721;1.2002;1.0970;-45.1264;41.5727;357.1787;355.6961;284.8771;99.8910;358.9633;3.2518
0.0000;0.0000;False;False;13.9215;-17.4118;0.0226;0.0125;-44.7839;41.2591;359.9901;359.9423;275.3701;104.7108;359.7793;359.7513;-0.0008;0.0000;0.0000;0.0010;-0.0008;0.0012;172179;71.52612;Infinity;2393.06;13.8487;-16.9356;1.1720;1.4903;-45.0242;41.8692;355.0682;352.5142;322.8312;110.9900;354.3253;358.9306;LeftFalse_RightFalse;LeftFalse_RightFalse;HandLeft_(-0.4, -0.4, -0.1)_(-0.1, -0.5, 0.9, 0.0)_1.012537_System.String[];HandLeft_(0.2, -0.8, -0.1)_(0.5, 0.4, -0.5, 0.6)_0.9825718_System.String[];HandRight_(-0.3, -0.3, -0.3)_(0.1, 0.3, 0.3, -0.9)_1.012537_System.String[];HandRight_(0.4, -0.6, -0.2)_(0.3, -0.4, -0.3, 0.8)_0.9825718_System.String[];28.1245;-0.1101;-0.1637;13.8335;-17.0715;1.1999;1.0968;-45.1266;41.5725;357.2367;355.8748;284.8694;99.9652;358.9929;3.1979
0.0000;0.0000;False;False;13.9215;-17.4118;0.0226;0.0125;-44.7838;41.2590;359.9897;359.9414;275.3707;104.7110;359.7792;359.7515;-0.0020;0.0000;0.0000;0.0009;-0.0007;-0.0010;172182;71.4929;Infinity;2393.11;13.8488;-16.9356;1.1720;1.4903;-45.0242;41.8691;355.0680;352.5131;322.8315;110.9904;354.3250;358.9307;LeftFalse_RightFalse;LeftFalse_RightFalse;HandLeft_(-0.4, -0.4, -0.1)_(-0.1, -0.5, 0.9, 0.0)_1.012537_System.String[];HandLeft_(0.2, -0.8, -0.1)_(0.5, 0.4, -0.5, 0.6)_0.9825718_System.String[];HandRight_(-0.3, -0.3, -0.3)_(0.1, 0.3, 0.3, -0.9)_1.012537_System.String[];HandRight_(0.4, -0.6, -0.2)_(0.3, -0.4, -0.3, 0.8)_0.9825718_System.String[];28.1665;-0.1109;-0.1637;13.8333;-17.0707;1.1997;1.0968;-45.1267;41.5721;357.3067;356.0782;284.8499;100.0073;358.9932;3.1729
0.0000;0.0000;False;False;13.9215;-17.4118;0.0226;0.0125;-44.7838;41.2590;359.9896;359.9409;275.3710;104.7104;359.7793;359.7514;-0.0017;0.0000;0.0000;0.0009;-0.0007;0.0030;172185;71.23085;Infinity;2393.15;13.8488;-16.9357;1.1720;1.4903;-45.0241;41.8691;355.0678;352.5125;322.8318;110.9896;354.3247;358.9307;LeftFalse_RightFalse;LeftFalse_RightFalse;HandLeft_(-0.4, -0.4, -0.1)_(-0.1, -0.5, 0.9, 0.0)_1.012537_System.String[];HandLeft_(0.2, -0.8, -0.1)_(0.5, 0.4, -0.5, 0.6)_0.9825718_System.String[];HandRight_(-0.3, -0.3, -0.3)_(0.1, 0.3, 0.3, -0.9)_1.012537_System.String[];HandRight_(0.4, -0.6, -0.2)_(0.3, -0.4, -0.3, 0.8)_0.9825718_System.String[];28.2087;-0.1126;-0.1637;13.8327;-17.0698;1.1996;1.0969;-45.1268;41.5717;357.3871;356.2442;284.8370;99.9893;358.9020;3.2263
0.0000;0.0000;False;False;13.9217;-17.4119;0.0226;0.0125;-44.7837;41.2589;359.9897;359.9406;275.3727;104.7095;359.7793;359.7514;-0.0025;0.0000;0.0000;0.0009;-0.0006;0.0038;172188;71.58262;Infinity;2393.19;13.8489;-16.9358;1.1720;1.4903;-45.0241;41.8691;355.0678;352.5122;322.8330;110.9888;354.3249;358.9306;LeftFalse_RightFalse;LeftFalse_RightFalse;HandLeft_(-0.4, -0.4, -0.1)_(-0.1, -0.5, 0.9, -0.1)_1.012537_System.String[];HandLeft_(0.2, -0.8, -0.1)_(0.5, 0.4, -0.5, 0.6)_0.9825718_System.String[];HandRight_(-0.3, -0.3, -0.3)_(0.1, 0.3, 0.3, -0.9)_1.012537_System.String[];HandRight_(0.4, -0.6, -0.2)_(0.3, -0.4, -0.3, 0.8)_0.9825718_System.String[];28.2505;-0.1141;-0.1637;13.8320;-17.0688;1.1996;1.0969;-45.1270;41.5713;357.4915;356.4194;284.8147;99.8957;358.7996;3.3082
0.0000;0.0000;False;False;13.9217;-17.4120;0.0226;0.0125;-44.7837;41.2589;359.9896;359.9408;275.3732;104.7105;359.7793;359.7514;-0.0034;0.0000;0.0000;0.0009;-0.0005;0.0009;172191;71.73268;Infinity;2393.23;13.8490;-16.9359;1.1720;1.4903;-45.0240;41.8691;355.0679;352.5122;322.8342;110.9888;354.3250;358.9306;LeftFalse_RightTrue;LeftFalse_RightFalse;HandLeft_(-0.4, -0.4, 0.0)_(-0.1, -0.5, 0.9, -0.1)_1.012537_System.String[];HandLeft_(0.2, -0.8, -0.1)_(0.4, 0.4, -0.5, 0.6)_0.9825718_System.String[];HandRight_(-0.3, -0.3, -0.3)_(0.1, 0.3, 0.3, -0.9)_1.012537_System.String[];HandRight_(0.4, -0.6, -0.2)_(0.3, -0.4, -0.3, 0.8)_0.9825718_System.String[];28.2922;-0.1151;-0.1637;13.8312;-17.0679;1.1995;1.0967;-45.1274;41.5709;357.6371;356.6340;284.7524;99.7497;358.8152;3.3537
0.0000;0.0000;False;False;13.9219;-17.4122;0.0226;0.0125;-44.7837;41.2589;359.9897;359.9409;275.3737;104.7114;359.7793;359.7514;-0.0049;0.0000;0.0000;0.0009;-0.0003;0.0031;172194;71.59291;Infinity;2393.27;13.8491;-16.9360;1.1720;1.4903;-45.0240;41.8690;355.0679;352.5124;322.8347;110.9904;354.3249;358.9306;LeftFalse_RightTrue;LeftFalse_RightFalse;HandLeft_(-0.4, -0.4, 0.0)_(-0.1, -0.5, 0.8, -0.1)_1.012537_System.String[];HandLeft_(0.2, -0.8, -0.1)_(0.4, 0.4, -0.5, 0.6)_0.9825718_System.String[];HandRight_(-0.3, -0.3, -0.3)_(0.1, 0.3, 0.3, -0.9)_1.012537_System.String[];HandRight_(0.4, -0.6, -0.2)_(0.3, -0.4, -0.3, 0.8)_0.9825718_System.String[];28.3342;-0.1159;-0.1638;13.8304;-17.0670;1.1989;1.0965;-45.1279;41.5704;357.8582;356.8822;284.6218;99.5979;358.9500;3.3314
0.0000;0.0000;False;False;13.9220;-17.4124;0.0226;0.0125;-44.7836;41.2589;359.9898;359.9409;275.3744;104.7116;359.7793;359.7513;-0.0037;0.0000;0.0000;0.0009;-0.0004;0.0036;172197;71.44572;Infinity;2393.32;13.8492;-16.9362;1.1720;1.4903;-45.0240;41.8690;355.0679;352.5124;322.8343;110.9903;354.3250;358.9305;LeftFalse_RightTrue;LeftFalse_RightFalse;HandLeft_(-0.4, -0.4, -0.1)_(-0.1, -0.5, 0.8, -0.1)_1.012537_System.String[];HandLeft_(0.2, -0.8, -0.1)_(0.4, 0.4, -0.5, 0.7)_0.9825718_System.String[];HandRight_(-0.3, -0.3, -0.3)_(0.1, 0.3, 0.3, -0.9)_1.012537_System.String[];HandRight_(0.4, -0.6, -0.2)_(0.3, -0.4, -0.3, 0.8)_0.9825718_System.String[];28.3762;-0.1179;-0.1649;13.8299;-17.0660;1.1983;1.0961;-45.1281;41.5700;358.0910;357.1486;284.4508;99.5015;359.1016;3.2526
0.0132;0.0000;False;False;13.9222;-17.4126;0.0226;0.0125;-44.7836;41.2589;359.9897;359.9409;275.3744;104.7119;359.7792;359.7512;-0.0047;0.0000;0.0000;0.0008;-0.0002;0.0041;172200;71.48571;Infinity;2393.36;13.8493;-16.9364;1.1720;1.4903;-45.0239;41.8690;355.0679;352.5124;322.8358;110.9913;354.3248;358.9304;LeftFalse_RightTrue;LeftFalse_RightFalse;HandLeft_(-0.4, -0.4, -0.1)_(-0.1, -0.5, 0.8, -0.1)_1.012537_System.String[];HandLeft_(0.2, -0.8, -0.1)_(0.4, 0.4, -0.5, 0.7)_0.9825718_System.String[];HandRight_(-0.3, -0.3, -0.3)_(0.1, 0.3, 0.3, -0.9)_1.012537_System.String[];HandRight_(0.4, -0.6, -0.2)_(0.3, -0.4, -0.3, 0.8)_0.9825718_System.String[];28.4182;-0.1225;-0.1691;13.8296;-17.0651;1.1980;1.0958;-45.1289;41.5696;358.2236;357.3901;284.1774;99.4856;359.2775;3.1526
0.0464;0.0000;False;False;13.9223;-17.4128;0.0226;0.0125;-44.7836;41.2589;359.9897;359.9409;275.3744;104.7109;359.7793;359.7510;-0.0044;0.0000;0.0000;0.0009;-0.0002;0.0036;172203;71.65919;Infinity;2393.40;13.8495;-16.9366;1.1720;1.4903;-45.0239;41.8690;355.0679;352.5125;322.8355;110.9902;354.3249;358.9303;LeftFalse_RightTrue;LeftFalse_RightFalse;HandLeft_(-0.4, -0.4, -0.1)_(-0.1, -0.5, 0.8, -0.1)_1.012537_System.String[];HandLeft_(0.2, -0.8, -0.1)_(0.4, 0.4, -0.5, 0.7)_0.9825718_System.String[];HandRight_(-0.3, -0.3, -0.3)_(0.1, 0.3, 0.3, -0.9)_1.012537_System.String[];HandRight_(0.4, -0.6, -0.2)_(0.3, -0.4, -0.3, 0.8)_0.9825718_System.String[];28.4600;-0.1297;-0.1751;13.8293;-17.0642;1.1978;1.0956;-45.1296;41.5692;358.2071;357.6058;283.8068;99.5126;359.4105;3.0746
0.0904;0.0044;False;False;13.9223;-17.4131;0.0226;0.0125;-44.7835;41.2589;359.9890;359.9412;275.3745;104.7117;359.7791;359.7512;-0.0057;0.0000;0.0000;0.0011;-0.0001;-0.0075;172206;71.70001;Infinity;2393.44;13.8496;-16.9368;1.1720;1.4903;-45.0239;41.8690;355.0677;352.5126;322.8353;110.9904;354.3246;358.9303;LeftFalse_RightTrue;LeftFalse_RightFalse;HandLeft_(-0.4, -0.4, -0.1)_(-0.1, -0.5, 0.8, -0.1)_1.012537_System.String[];HandLeft_(0.2, -0.8, -0.1)_(0.4, 0.4, -0.5, 0.7)_0.9825718_System.String[];HandRight_(-0.3, -0.3, -0.3)_(0.1, 0.2, 0.3, -0.9)_1.012537_System.String[];HandRight_(0.4, -0.6, -0.2)_(0.3, -0.4, -0.3, 0.8)_0.9825718_System.String[];28.5017;-0.1406;-0.1823;13.8288;-17.0634;1.1977;1.0952;-45.1302;41.5688;358.1810;357.8541;283.4502;99.5794;359.4824;2.9879
0.1355;0.0369;False;False;13.9219;-17.4133;0.0226;0.0125;-44.7835;41.2589;359.9876;359.9410;275.3723;104.7118;359.7788;359.7510;-0.0040;0.0000;0.0000;0.0014;-0.0003;-0.0154;172209;71.7924;Infinity;2393.48;13.8493;-16.9371;1.1720;1.4903;-45.0238;41.8690;355.0671;352.5126;322.8343;110.9907;354.3234;358.9303;LeftFalse_RightTrue;LeftFalse_RightFalse;HandLeft_(-0.4, -0.4, -0.1)_(-0.1, -0.6, 0.8, -0.1)_1.012537_System.String[];HandLeft_(0.2, -0.8, -0.1)_(0.5, 0.3, -0.5, 0.7)_0.9825718_System.String[];HandRight_(-0.3, -0.2, -0.3)_(0.1, 0.2, 0.3, -0.9)_1.012537_System.String[];HandRight_(0.4, -0.6, -0.2)_(0.3, -0.4, -0.3, 0.8)_0.9825718_System.String[];28.5435;-0.1539;-0.1887;13.8279;-17.0629;1.1977;1.0949;-45.1307;41.5685;358.2112;358.1096;283.0607;99.6790;359.5162;2.8813
0.1856;0.0964;False;False;13.9210;-17.4134;0.0226;0.0125;-44.7834;41.2589;359.9854;359.9405;275.3695;104.7137;359.7783;359.7507;0.0008;0.0000;0.0000;0.0016;-0.0011;-0.0319;172212;71.57809;Infinity;2393.53;13.8487;-16.9372;1.1720;1.4903;-45.0238;41.8690;355.0662;352.5123;322.8318;110.9923;354.3219;358.9300;LeftFalse_RightTrue;LeftFalse_RightFalse;HandLeft_(-0.4, -0.4, -0.1)_(0.0, -0.6, 0.8, -0.1)_1.012537_System.String[];HandLeft_(0.2, -0.8, -0.1)_(0.5, 0.3, -0.5, 0.7)_0.9825718_System.String[];HandRight_(-0.3, -0.2, -0.3)_(0.0, 0.2, 0.3, -0.9)_1.012537_System.String[];HandRight_(0.4, -0.6, -0.2)_(0.4, -0.4, -0.3, 0.8)_0.9825718_System.String[];28.5854;-0.1683;-0.1931;13.8265;-17.0622;1.1977;1.0948;-45.1314;41.5681;358.3170;358.2634;282.7310;99.7759;359.5225;2.8392
0.2378;0.1738;False;False;13.9194;-17.4131;0.0226;0.0125;-44.7834;41.2588;359.9825;359.9391;275.3641;104.7133;359.7776;359.7502;0.0147;0.0000;0.0000;0.0019;-0.0033;-0.0497;172215;71.69589;Infinity;2393.57;13.8474;-16.9372;1.1720;1.4903;-45.0237;41.8689;355.0648;352.5114;322.8278;110.9929;354.3193;358.9295;LeftFalse_RightTrue;LeftFalse_RightFalse;HandLeft_(-0.4, -0.4, -0.1)_(0.0, -0.6, 0.8, -0.2)_1.012537_System.String[];HandLeft_(0.2, -0.8, -0.1)_(0.5, 0.3, -0.5, 0.7)_0.9825718_System.String[];HandRight_(-0.3, -0.2, -0.3)_(0.0, 0.2, 0.3, -0.9)_1.012537_System.String[];HandRight_(0.4, -0.6, -0.2)_(0.4, -0.4, -0.3, 0.8)_0.9825718_System.String[];28.6272;-0.1819;-0.1952;13.8243;-17.0612;1.1975;1.0945;-45.1320;41.5678;358.5305;358.3336;282.4382;99.8762;359.5440;2.8859
0.2908;0.2529;False;False;13.9169;-17.4123;0.0226;0.0125;-44.7833;41.2586;359.9788;359.9367;275.3553;104.7106;359.7767;359.7495;0.0300;0.0000;0.0000;0.0021;-0.0062;-0.0715;172218;71.84153;Infinity;2393.61;13.8453;-16.9366;1.1720;1.4903;-45.0236;41.8688;355.0630;352.5093;322.8201;110.9912;354.3163;358.9286;LeftFalse_RightTrue;LeftFalse_RightFalse;HandLeft_(-0.3, -0.4, -0.1)_(0.0, -0.7, 0.7, -0.2)_1.012537_System.String[];HandLeft_(0.2, -0.8, -0.1)_(0.5, 0.3, -0.5, 0.7)_0.9825718_System.String[];HandRight_(-0.4, -0.2, -0.2)_(0.0, 0.1, 0.3, -1.0)_1.012537_System.String[];HandRight_(0.4, -0.6, -0.2)_(0.4, -0.4, -0.3, 0.8)_0.9825718_System.String[];28.6689;-0.1939;-0.1955;13.8217;-17.0596;1.1969;1.0941;-45.1324;41.5678;358.9015;358.4440;282.3183;99.9378;359.5570;3.0039
0.3388;0.3192;False;False;13.9132;-17.4104;0.0226;0.0125;-44.7832;41.2582;359.9740;359.9330;275.3427;104.7043;359.7755;359.7485;0.0554;0.0000;0.0000;0.0020;-0.0107;-0.1017;172221;71.77266;Infinity;2393.65;13.8422;-16.9353;1.1721;1.4904;-45.0235;41.8685;355.0609;352.5062;322.8093;110.9866;354.3123;358.9273;LeftFalse_RightTrue;LeftFalse_RightFalse;HandLeft_(-0.3, -0.4, -0.1)_(0.0, -0.7, 0.7, -0.2)_1.012537_System.String[];HandLeft_(0.2, -0.8, -0.1)_(0.5, 0.2, -0.5, 0.7)_0.9825718_System.String[];HandRight_(-0.4, -0.2, -0.2)_(0.0, 0.1, 0.2, -1.0)_1.012537_System.String[];HandRight_(0.4, -0.6, -0.2)_(0.4, -0.3, -0.3, 0.8)_0.9825718_System.String[];28.7107;-0.2025;-0.1955;13.8181;-17.0571;1.1964;1.0935;-45.1327;41.5679;359.2858;358.6386;282.4184;99.9346;359.5726;3.1250
0.3826;0.3697;False;False;13.9082;-17.4074;0.0226;0.0125;-44.7831;41.2577;359.9684;359.9280;275.3248;104.6924;359.7738;359.7472;0.0879;0.0000;-0.0001;0.0020;-0.0164;-0.1355;172224;71.73775;Infinity;2393.69;13.8379;-16.9329;1.1721;1.4904;-45.0235;41.8681;355.0584;352.5018;322.7939;110.9768;354.3073;358.9257;LeftFalse_RightTrue;LeftFalse_RightFalse;HandLeft_(-0.3, -0.4, -0.1)_(0.0, -0.7, 0.7, -0.3)_1.012537_System.String[];HandLeft_(0.2, -0.8, -0.1)_(0.5, 0.3, -0.5, 0.7)_0.9825718_System.String[];HandRight_(-0.4, -0.2, -0.2)_(-0.1, 0.1, 0.2, -1.0)_1.012537_System.String[];HandRight_(0.4, -0.6, -0.2)_(0.3, -0.4, -0.3, 0.8)_0.9825718_System.String[];28.7527;-0.2059;-0.1955;13.8131;-17.0537;1.1954;1.0931;-45.1330;41.5678;359.8531;358.8243;282.6318;99.8909;359.6269;3.2227
0.4177;0.4086;False;False;13.9016;-17.4028;0.0226;0.0125;-44.7830;41.2568;359.9623;359.9220;275.3005;104.6753;359.7722;359.7456;0.1207;0.0001;0.0000;0.0023;-0.0224;-0.1720;172227;71.68153;Infinity;2393.73;13.8320;-16.9292;1.1721;1.4904;-45.0234;41.8675;355.0556;352.4962;322.7719;110.9616;354.3018;358.9234;LeftFalse_RightTrue;LeftFalse_RightFalse;HandLeft_(-0.3, -0.4, -0.1)_(0.0, -0.7, 0.6, -0.3)_1.012537_System.String[];HandLeft_(0.2, -0.8, -0.1)_(0.5, 0.3, -0.5, 0.7)_0.9825718_System.String[];HandRight_(-0.4, -0.2, -0.2)_(-0.1, 0.1, 0.2, -1.0)_1.012537_System.String[];HandRight_(0.4, -0.6, -0.2)_(0.4, -0.4, -0.3, 0.8)_0.9825718_System.String[];28.7944;-0.2055;-0.1957;13.8063;-17.0492;1.1941;1.0929;-45.1336;41.5676;0.5965;358.9686;282.7573;99.8181;359.7795;3.3025
0.4475;0.4467;False;False;13.8934;-17.3967;0.0226;0.0125;-44.7829;41.2557;359.9560;359.9156;275.2707;104.6518;359.7706;359.7439;0.1608;0.0001;0.0000;0.0028;-0.0295;-0.2110;172230;71.68656;Infinity;2393.78;13.8246;-16.9240;1.1721;1.4905;-45.0233;41.8667;355.0526;352.4902;322.7449;110.9408;354.2961;358.9211;LeftFalse_RightTrue;LeftFalse_RightFalse;HandLeft_(-0.3, -0.4, -0.1)_(0.0, -0.7, 0.6, -0.3)_1.012537_System.String[];HandLeft_(0.2, -0.8, -0.1)_(0.5, 0.3, -0.5, 0.7)_0.9825718_System.String[];HandRight_(-0.4, -0.2, -0.2)_(0.0, 0.1, 0.2, -1.0)_1.012537_System.String[];HandRight_(0.4, -0.6, -0.2)_(0.4, -0.3, -0.3, 0.8)_0.9825718_System.String[];28.8362;-0.2029;-0.1971;13.7981;-17.0434;1.1931;1.0928;-45.1343;41.5671;1.2333;359.0088;282.6552;99.7377;359.9807;3.3564
0.4774;0.4913;False;False;13.8832;-17.3887;0.0226;0.0125;-44.7828;41.2543;359.9494;359.9089;275.2344;104.6232;359.7690;359.7420;0.2024;0.0002;0.0000;0.0034;-0.0368;-0.2537;172233;71.4243;Infinity;2393.82;13.8154;-16.9171;1.1721;1.4906;-45.0232;41.8655;355.0493;352.4837;322.7110;110.9141;354.2901;358.9185;LeftFalse_RightTrue;LeftFalse_RightFalse;HandLeft_(-0.3, -0.4, -0.1)_(0.0, -0.7, 0.6, -0.3)_1.012537_System.String[];HandLeft_(0.2, -0.8, -0.1)_(0.5, 0.3, -0.5, 0.7)_0.9825718_System.String[];HandRight_(-0.4, -0.2, -0.2)_(0.0, 0.1, 0.2, -1.0)_1.012537_System.String[];HandRight_(0.4, -0.6, -0.2)_(0.4, -0.3, -0.3, 0.8)_0.9825718_System.String[];28.8784;-0.1991;-0.2006;13.7880;-17.0360;1.1919;1.0927;-45.1357;41.5661;1.9509;359.0103;282.3123;99.6783;0.2608;3.3623
0.5016;0.5468;False;False;13.8712;-17.3787;0.0226;0.0125;-44.7826;41.2525;359.9428;359.9020;275.1921;104.5869;359.7675;359.7398;0.2735;0.0003;0.0001;0.0046;-0.0486;-0.3217;172236;71.30462;Infinity;2393.86;13.8042;-16.9083;1.1721;1.4906;-45.0231;41.8641;355.0459;352.4772;322.6711;110.8806;354.2842;358.9157;LeftFalse_RightTrue;LeftFalse_RightFalse;HandLeft_(-0.3, -0.4, -0.1)_(0.0, -0.7, 0.7, -0.3)_1.012537_System.String[];HandLeft_(0.2, -0.8, -0.1)_(0.5, 0.2, -0.5, 0.7)_0.9825718_System.String[];HandRight_(-0.4, -0.2, -0.2)_(0.0, 0.1, 0.2, -1.0)_1.012537_System.String[];HandRight_(0.3, -0.6, -0.2)_(0.4, -0.3, -0.3, 0.8)_0.9825718_System.String[];28.9207;-0.1943;-0.2063;13.7761;-17.0268;1.1909;1.0927;-45.1369;41.5648;2.4677;359.0278;281.8287;99.6548;0.6127;3.3080
0.5243;0.6061;False;False;13.8571;-17.3666;0.0226;0.0125;-44.7824;41.2504;359.9364;359.8951;275.1443;104.5421;359.7661;359.7372;0.3269;0.0003;0.0002;0.0058;-0.0569;-0.3695;172239;71.50615;Infinity;2393.90;13.7911;-16.8975;1.1722;1.4907;-45.0230;41.8624;355.0426;352.4706;322.6256;110.8393;354.2784;358.9125;LeftFalse_RightTrue;LeftFalse_RightFalse;HandLeft_(-0.3, -0.4, -0.1)_(0.0, -0.7, 0.7, -0.3)_1.012537_System.String[];HandLeft_(0.2, -0.8, -0.1)_(0.5, 0.2, -0.5, 0.7)_0.9825718_System.String[];HandRight_(-0.4, -0.2, -0.2)_(0.0, 0.1, 0.2, -1.0)_1.012537_System.String[];HandRight_(0.3, -0.6, -0.2)_(0.4, -0.3, -0.3, 0.8)_0.9825718_System.String[];28.9624;-0.1881;-0.2131;13.7624;-17.0157;1.1903;1.0926;-45.1383;41.5631;2.8498;359.0575;281.3614;99.6467;0.9003;3.2373
0.5507;0.6546;False;False;13.8409;-17.3521;0.0226;0.0125;-44.7822;41.2479;359.9303;359.8881;275.0913;104.4868;359.7649;359.7342;0.3857;0.0004;0.0003;0.0073;-0.0655;-0.4195;172242;71.56945;Infinity;2393.94;13.7760;-16.8846;1.1722;1.4908;-45.0228;41.8605;355.0394;352.4641;322.5748;110.7884;354.2730;358.9089;LeftFalse_RightTrue;LeftFalse_RightFalse;HandLeft_(-0.3, -0.4, -0.1)_(0.0, -0.7, 0.7, -0.3)_1.012537_System.String[];HandLeft_(0.2, -0.8, -0.1)_(0.5, 0.2, -0.5, 0.7)_0.9825718_System.String[];HandRight_(-0.4, -0.2, -0.2)_(0.0, 0.1, 0.2, -1.0)_1.012537_System.String[];HandRight_(0.3, -0.6, -0.2)_(0.4, -0.3, -0.2, 0.8)_0.9825718_System.String[];29.0044;-0.1805;-0.2203;13.7468;-17.0022;1.1896;1.0923;-45.1397;41.5609;3.2799;359.1041;280.8899;99.6486;1.1305;3.1596
0.5741;0.6892;False;False;13.8224;-17.3349;0.0227;0.0125;-44.7819;41.2450;359.9243;359.8808;275.0334;104.4195;359.7639;359.7310;0.4488;0.0005;0.0002;0.0092;-0.0744;-0.4719;172245;71.50867;Infinity;2393.99;13.7587;-16.8692;1.1722;1.4909;-45.0225;41.8582;355.0361;352.4572;322.5190;110.7258;354.2678;358.9048;LeftFalse_RightTrue;LeftFalse_RightFalse;HandLeft_(-0.3, -0.4, -0.1)_(0.0, -0.7, 0.7, -0.2)_1.012537_System.String[];HandLeft_(0.3, -0.8, -0.1)_(0.5, 0.2, -0.5, 0.7)_0.9825718_System.String[];HandRight_(-0.3, -0.2, -0.2)_(0.0, 0.1, 0.3, -1.0)_1.012537_System.String[];HandRight_(0.3, -0.6, -0.2)_(0.4, -0.3, -0.2, 0.8)_0.9825718_System.String[];29.0464;-0.1722;-0.2269;13.7293;-16.9862;1.1890;1.0922;-45.1405;41.5581;3.6853;359.1215;280.5214;99.6510;1.3733;3.1148
0.5969;0.7142;False;False;13.8017;-17.3149;0.0227;0.0125;-44.7814;41.2417;359.9185;359.8733;274.9714;104.3394;359.7630;359.7279;0.5147;0.0006;0.0002;0.0114;-0.0833;-0.5264;172248;71.55331;Infinity;2394.03;13.7391;-16.8512;1.1722;1.4910;-45.0222;41.8557;355.0328;352.4501;322.4589;110.6507;354.2628;358.9009;LeftFalse_RightTrue;LeftFalse_RightFalse;HandLeft_(-0.3, -0.4, -0.1)_(0.0, -0.7, 0.7, -0.2)_1.012537_System.String[];HandLeft_(0.3, -0.8, -0.1)_(0.5, 0.2, -0.5, 0.7)_0.9825718_System.String[];HandRight_(-0.3, -0.2, -0.2)_(0.1, 0.2, 0.3, -1.0)_1.012537_System.String[];HandRight_(0.3, -0.6, -0.2)_(0.4, -0.3, -0.2, 0.8)_0.9825718_System.String[];29.0881;-0.1649;-0.2328;13.7095;-16.9674;1.1881;1.0921;-45.1409;41.5551;4.1717;359.0835;280.3393;99.6495;1.5802;3.1075
0.6183;0.7323;False;False;13.7784;-17.2919;0.0227;0.0126;-44.7809;41.2381;359.9128;359.8659;274.9048;104.2456;359.7620;359.7250;0.5823;0.0007;0.0002;0.0132;-0.0921;-0.5825;172251;71.40892;Infinity;2394.07;13.7172;-16.8305;1.1723;1.4910;-45.0218;41.8529;355.0297;352.4431;322.3946;110.5625;354.2579;358.8971;LeftFalse_RightTrue;LeftFalse_RightFalse;HandLeft_(-0.3, -0.4, -0.1)_(0.0, -0.7, 0.7, -0.2)_1.012537_System.String[];HandLeft_(0.3, -0.8, -0.1)_(0.5, 0.3, -0.5, 0.7)_0.9825718_System.String[];HandRight_(-0.3, -0.2, -0.2)_(0.1, 0.2, 0.3, -1.0)_1.012537_System.String[];HandRight_(0.3, -0.6, -0.2)_(0.4, -0.3, -0.2, 0.8)_0.9825718_System.String[];29.1301;-0.1609;-0.2384;13.6875;-16.9457;1.1874;1.0922;-45.1404;41.5521;4.4888;359.0888;280.4687;99.5775;1.7529;3.1346
0.6357;0.7460;False;False;13.7527;-17.2659;0.0227;0.0126;-44.7803;41.2340;359.9076;359.8589;274.8334;104.1376;359.7612;359.7220;0.6514;0.0005;0.0002;0.0145;-0.1006;-0.6407;172254;71.49904;Infinity;2394.11;13.6926;-16.8067;1.1723;1.4911;-45.0213;41.8498;355.0267;352.4362;322.3249;110.4592;354.2533;358.8933;LeftFalse_RightTrue;LeftFalse_RightFalse;HandLeft_(-0.4, -0.4, -0.1)_(0.0, -0.7, 0.7, -0.2)_1.012537_System.String[];HandLeft_(0.3, -0.8, -0.1)_(0.5, 0.3, -0.5, 0.7)_0.9825718_System.String[];HandRight_(-0.3, -0.2, -0.2)_(0.1, 0.2, 0.3, -0.9)_1.012537_System.String[];HandRight_(0.3, -0.6, -0.2)_(0.4, -0.3, -0.2, 0.8)_0.9825718_System.String[];29.1721;-0.1603;-0.2437;13.6631;-16.9208;1.1869;1.0922;-45.1395;41.5491;4.7356;359.1812;280.6780;99.4186;1.7551;3.1627
0.6553;0.7592;False;False;13.7246;-17.2371;0.0227;0.0126;-44.7797;41.2297;359.9028;359.8525;274.7561;104.0154;359.7604;359.7190;0.7219;0.0005;0.0003;0.0151;-0.1086;-0.7005;172257;71.74779;Infinity;2394.15;13.6658;-16.7803;1.1723;1.4912;-45.0208;41.8464;355.0239;352.4300;322.2503;110.3427;354.2492;358.8896;LeftFalse_RightTrue;LeftFalse_RightFalse;HandLeft_(-0.4, -0.4, -0.1)_(0.0, -0.7, 0.7, -0.2)_1.012537_System.String[];HandLeft_(0.2, -0.8, -0.1)_(0.5, 0.3, -0.5, 0.6)_0.9825718_System.String[];HandRight_(-0.3, -0.2, -0.3)_(0.1, 0.2, 0.3, -0.9)_1.012537_System.String[];HandRight_(0.3, -0.6, -0.2)_(0.4, -0.3, -0.2, 0.8)_0.9825718_System.String[];29.2139;-0.1620;-0.2495;13.6367;-16.8934;1.1868;1.0920;-45.1382;41.5459;4.8065;359.2875;280.8605;99.2159;1.6294;3.1648
0.6776;0.7756;False;False;13.6938;-17.2052;0.0228;0.0126;-44.7791;41.2250;359.8988;359.8464;274.6712;103.8776;359.7587;359.7155;0.7932;0.0002;0.0007;0.0151;-0.1163;-0.7621;172260;71.85472;Infinity;2394.20;13.6363;-16.7510;1.1724;1.4913;-45.0202;41.8429;355.0219;352.4243;322.1683;110.2104;354.2451;358.8858;LeftFalse_RightTrue;LeftFalse_RightFalse;HandLeft_(-0.4, -0.4, -0.1)_(0.0, -0.7, 0.7, -0.2)_1.012537_System.String[];HandLeft_(0.2, -0.8, -0.1)_(0.5, 0.3, -0.5, 0.7)_0.9825718_System.String[];HandRight_(-0.3, -0.2, -0.3)_(0.1, 0.2, 0.3, -0.9)_1.012537_System.String[];HandRight_(0.3, -0.6, -0.2)_(0.4, -0.3, -0.2, 0.8)_0.9825718_System.String[];29.2554;-0.1663;-0.2561;13.6076;-16.8630;1.1870;1.0918;-45.1367;41.5426;4.6595;359.3453;280.9584;98.9765;1.4143;3.1516
0.6994;0.7960;False;False;13.6598;-17.1695;0.0228;0.0126;-44.7785;41.2199;359.8952;359.8399;274.5752;103.7203;359.7560;359.7100;0.8660;0.0001;0.0012;0.0139;-0.1230;-0.8257;172263;71.35015;Infinity;2394.24;13.6037;-16.7183;1.1724;1.4914;-45.0197;41.8390;355.0212;352.4185;322.0761;110.0598;354.2407;358.8801;LeftFalse_RightTrue;LeftFalse_RightFalse;HandLeft_(-0.4, -0.4, -0.1)_(0.0, -0.7, 0.7, -0.2)_1.012537_System.String[];HandLeft_(0.2, -0.8, -0.1)_(0.5, 0.3, -0.5, 0.7)_0.9825718_System.String[];HandRight_(-0.3, -0.2, -0.3)_(0.0, 0.2, 0.3, -1.0)_1.012537_System.String[];HandRight_(0.3, -0.6, -0.2)_(0.4, -0.3, -0.2, 0.8)_0.9825718_System.String[];29.2979;-0.1718;-0.2623;13.5755;-16.8292;1.1876;1.0917;-45.1351;41.5392;4.3232;359.3326;281.0276;98.7275;1.1052;3.1455
0.7167;0.8150;False;False;13.6232;-17.1310;0.0228;0.0127;-44.7780;41.2146;359.8921;359.8333;274.4690;103.5465;359.7523;359.7035;0.9409;0.0000;0.0016;0.0117;-0.1290;-0.8913;172266;71.50881;Infinity;2394.28;13.5685;-16.6827;1.1724;1.4916;-45.0192;41.8350;355.0215;352.4127;321.9738;109.8924;354.2360;358.8732;LeftFalse_RightTrue;LeftFalse_RightFalse;HandLeft_(-0.4, -0.4, -0.1)_(0.0, -0.7, 0.7, -0.2)_1.012537_System.String[];HandLeft_(0.2, -0.8, -0.1)_(0.5, 0.3, -0.5, 0.7)_0.9825718_System.String[];HandRight_(-0.3, -0.2, -0.2)_(0.0, 0.1, 0.2, -1.0)_1.012537_System.String[];HandRight_(0.3, -0.6, -0.2)_(0.4, -0.3, -0.2, 0.8)_0.9825718_System.String[];29.3398;-0.1781;-0.2667;13.5407;-16.7928;1.1882;1.0918;-45.1335;41.5356;3.9286;359.2596;281.1350;98.4746;0.7569;3.1738
0.7317;0.8259;False;False;13.5839;-17.0893;0.0228;0.0128;-44.7777;41.2091;359.8892;359.8267;274.3506;103.3551;359.7481;359.6964;1.0562;0.0001;0.0020;0.0072;-0.1379;-0.9924;172269;71.69324;Infinity;2394.32;13.5307;-16.6444;1.1724;1.4918;-45.0189;41.8310;355.0225;352.4068;321.8602;109.7081;354.2311;358.8654;LeftFalse_RightTrue;LeftFalse_RightFalse;HandLeft_(-0.3, -0.4, -0.1)_(0.0, -0.7, 0.7, -0.3)_1.012537_System.String[];HandLeft_(0.2, -0.8, -0.1)_(0.5, 0.3, -0.5, 0.7)_0.9825718_System.String[];HandRight_(-0.3, -0.2, -0.2)_(0.0, 0.1, 0.2, -1.0)_1.012537_System.String[];HandRight_(0.3, -0.6, -0.2)_(0.4, -0.3, -0.2, 0.8)_0.9825718_System.String[];29.3816;-0.1839;-0.2681;13.5035;-16.7537;1.1888;1.0922;-45.1322;41.5319;3.6016;359.1429;281.2388;98.2103;0.4602;3.2198
0.7441;0.8314;False;False;13.5416;-17.0442;0.0228;0.0129;-44.7774;41.2033;359.8865;359.8201;274.2195;103.1468;359.7435;359.6892;1.1341;0.0001;0.0022;0.0035;-0.1440;-1.0613;172272;71.78811;Infinity;2394.36;13.4900;-16.6028;1.1724;1.4920;-45.0187;41.8267;355.0239;352.4010;321.7338;109.5062;354.2260;358.8575;LeftFalse_RightTrue;LeftFalse_RightFalse;HandLeft_(-0.3, -0.4, -0.1)_(0.0, -0.7, 0.7, -0.3)_1.012537_System.String[];HandLeft_(0.2, -0.8, -0.1)_(0.5, 0.3, -0.5, 0.6)_0.9825718_System.String[];HandRight_(-0.3, -0.2, -0.2)_(0.0, 0.1, 0.2, -1.0)_1.012537_System.String[];HandRight_(0.3, -0.6, -0.2)_(0.4, -0.3, -0.2, 0.9)_0.9825718_System.String[];29.4233;-0.1883;-0.2681;13.4629;-16.7112;1.1892;1.0925;-45.1310;41.5280;3.3721;359.0124;281.3610;97.9013;0.2376;3.3184
0.7531;0.8347;False;False;13.4957;-16.9951;0.0228;0.0130;-44.7774;41.1971;359.8841;359.8135;274.0739;102.9201;359.7387;359.6820;1.2123;0.0001;0.0024;-0.0005;-0.1496;-1.1311;172275;71.4663;Infinity;2394.41;13.4459;-16.5576;1.1725;1.4922;-45.0186;41.8223;355.0257;352.3953;321.5934;109.2866;354.2209;358.8495;LeftFalse_RightTrue;LeftFalse_RightFalse;HandLeft_(-0.3, -0.4, -0.1)_(0.0, -0.7, 0.7, -0.3)_1.012537_System.String[];HandLeft_(0.2, -0.8, -0.1)_(0.6, 0.3, -0.4, 0.6)_0.9825718_System.String[];HandRight_(-0.4, -0.2, -0.2)_(0.0, 0.1, 0.2, -1.0)_1.012537_System.String[];HandRight_(0.3, -0.6, -0.2)_(0.4, -0.3, -0.2, 0.9)_0.9825718_System.String[];29.4656;-0.1911;-0.2681;13.4191;-16.6650;1.1894;1.0927;-45.1302;41.5236;3.2083;358.8940;281.4873;97.5516;0.0684;3.4257
0.7611;0.8372;False;False;13.4468;-16.9426;0.0228;0.0131;-44.7775;41.1908;359.8819;359.8072;273.9159;102.6780;359.7341;359.6747;1.2908;0.0004;0.0026;-0.0048;-0.1545;-1.2016;172278;71.30128;Infinity;2394.45;13.3988;-16.5091;1.1725;1.4924;-45.0188;41.8178;355.0277;352.3897;321.4402;109.0511;354.2160;358.8416;LeftFalse_RightTrue;LeftFalse_RightFalse;HandLeft_(-0.3, -0.4, -0.1)_(0.0, -0.7, 0.7, -0.3)_1.012537_System.String[];HandLeft_(0.2, -0.8, -0.1)_(0.6, 0.3, -0.4, 0.6)_0.9825718_System.String[];HandRight_(-0.4, -0.2, -0.2)_(0.0, 0.1, 0.2, -1.0)_1.012537_System.String[];HandRight_(0.3, -0.6, -0.2)_(0.4, -0.3, -0.1, 0.9)_0.9825718_System.String[];29.5076;-0.1930;-0.2681;13.3722;-16.6153;1.1896;1.0930;-45.1294;41.5190;3.1325;358.8049;281.5892;97.1789;359.9428;3.5214
0.7676;0.8390;False;False;13.3954;-16.8872;0.0228;0.0132;-44.7778;41.1843;359.8805;359.8012;273.7479;102.4233;359.7306;359.6674;1.3694;0.0007;0.0027;-0.0093;-0.1585;-1.2725;172281;71.62619;Infinity;2394.49;13.3490;-16.4576;1.1725;1.4927;-45.0191;41.8131;355.0294;352.3845;321.2758;108.8016;354.2121;358.8336;LeftFalse_RightTrue;LeftFalse_RightFalse;HandLeft_(-0.3, -0.4, -0.1)_(0.0, -0.7, 0.7, -0.3)_1.012537_System.String[];HandLeft_(0.2, -0.8, -0.1)_(0.6, 0.3, -0.4, 0.7)_0.9825718_System.String[];HandRight_(-0.4, -0.2, -0.2)_(0.0, 0.1, 0.2, -1.0)_1.012537_System.String[];HandRight_(0.3, -0.6, -0.2)_(0.4, -0.3, -0.1, 0.9)_0.9825718_System.String[];29.5493;-0.1941;-0.2681;13.3227;-16.5626;1.1898;1.0932;-45.1292;41.5141;3.0478;358.7626;281.6078;96.8590;359.8349;3.5366
0.7724;0.8402;False;False;13.3409;-16.8285;0.0228;0.0133;-44.7783;41.1777;359.8797;359.7955;273.5689;102.1535;359.7278;359.6597;1.4481;0.0010;0.0029;-0.0142;-0.1616;-1.3438;172284;71.81085;Infinity;2394.53;13.2963;-16.4032;1.1726;1.4929;-45.0197;41.8085;355.0309;352.3795;321.1007;108.5380;354.2093;358.8254;LeftFalse_RightTrue;LeftFalse_RightFalse;HandLeft_(-0.3, -0.4, -0.1)_(0.0, -0.7, 0.7, -0.3)_1.012537_System.String[];HandLeft_(0.2, -0.8, -0.1)_(0.5, 0.3, -0.4, 0.7)_0.9825718_System.String[];HandRight_(-0.4, -0.2, -0.2)_(0.0, 0.1, 0.2, -1.0)_1.012537_System.String[];HandRight_(0.3, -0.6, -0.2)_(0.4, -0.3, -0.1, 0.9)_0.9825718_System.String[];29.5911;-0.1947;-0.2681;13.2703;-16.5067;1.1899;1.0934;-45.1295;41.5091;2.9835;358.7229;281.5347;96.6294;359.7403;3.5079
0.7758;0.8412;False;False;13.2833;-16.7664;0.0229;0.0134;-44.7790;41.1709;359.8795;359.7900;273.3789;101.8684;359.7253;359.6518;1.5268;0.0012;0.0031;-0.0195;-0.1637;-1.4154;172287;71.90051;Infinity;2394.57;13.2406;-16.3455;1.1726;1.4931;-45.0205;41.8038;355.0325;352.3748;320.9146;108.2592;354.2073;358.8169;LeftFalse_RightTrue;LeftFalse_RightFalse;HandLeft_(-0.3, -0.4, -0.1)_(0.0, -0.7, 0.7, -0.3)_1.012537_System.String[];HandLeft_(0.2, -0.8, -0.1)_(0.5, 0.3, -0.4, 0.7)_0.9825718_System.String[];HandRight_(-0.4, -0.2, -0.2)_(0.0, 0.1, 0.2, -1.0)_1.012537_System.String[];HandRight_(0.3, -0.6, -0.2)_(0.4, -0.3, -0.1, 0.9)_0.9825718_System.String[];29.6326;-0.1952;-0.2681;13.2149;-16.4477;1.1900;1.0936;-45.1301;41.5039;2.9588;358.6590;281.4153;96.4542;359.6599;3.4818
0.7776;0.8397;False;False;13.2226;-16.7009;0.0229;0.0136;-44.7800;41.1641;359.8797;359.7846;273.1781;101.5680;359.7231;359.6434;1.6055;0.0013;0.0033;-0.0254;-0.1647;-1.4872;172290;71.93816;Infinity;2394.61;13.1817;-16.2845;1.1727;1.4934;-45.0215;41.7991;355.0343;352.3703;320.7175;107.9649;354.2058;358.8081;LeftFalse_RightTrue;LeftFalse_RightFalse;HandLeft_(-0.3, -0.4, -0.1)_(0.0, -0.7, 0.7, -0.3)_1.012537_System.String[];HandLeft_(0.2, -0.8, -0.1)_(0.5, 0.3, -0.5, 0.6)_0.9825718_System.String[];HandRight_(-0.4, -0.2, -0.2)_(0.0, 0.1, 0.2, -1.0)_1.012537_System.String[];HandRight_(0.3, -0.6, -0.2)_(0.4, -0.3, -0.1, 0.9)_0.9825718_System.String[];29.6743;-0.1953;-0.2681;13.1565;-16.3855;1.1901;1.0938;-45.1311;41.4986;2.9173;358.5850;281.3146;96.2652;359.5805;3.4609
0.7775;0.8358;False;False;13.1583;-16.6313;0.0230;0.0137;-44.7813;41.1573;359.8804;359.7794;272.9652;101.2498;359.7210;359.6346;1.6840;0.0015;0.0035;-0.0318;-0.1646;-1.5589;172293;71.68275;Infinity;2394.66;13.1193;-16.2197;1.1728;1.4937;-45.0229;41.7944;355.0362;352.3660;320.5081;107.6530;354.2047;358.7988;LeftFalse_RightTrue;LeftFalse_RightFalse;HandLeft_(-0.3, -0.4, -0.1)_(0.0, -0.7, 0.7, -0.3)_1.012537_System.String[];HandLeft_(0.2, -0.8, -0.1)_(0.5, 0.3, -0.5, 0.6)_0.9825718_System.String[];HandRight_(-0.4, -0.2, -0.2)_(0.0, 0.1, 0.2, -1.0)_1.012537_System.String[];HandRight_(0.3, -0.6, -0.2)_(0.4, -0.3, -0.1, 0.9)_0.9825718_System.String[];29.7163;-0.1953;-0.2681;13.0944;-16.3194;1.1901;1.0943;-45.1324;41.4933;2.8524;358.4985;281.1722;96.0187;359.5442;3.4380
0.7775;0.8293;False;False;13.0913;-16.5589;0.0231;0.0138;-44.7828;41.1505;359.8808;359.7744;272.7432;100.9187;359.7175;359.6255;1.7620;0.0011;0.0037;-0.0387;-0.1634;-1.6306;172296;71.76501;Infinity;2394.70;13.0543;-16.1523;1.1728;1.4940;-45.0245;41.7899;355.0387;352.3620;320.2899;107.3284;354.2032;358.7892;LeftFalse_RightTrue;LeftFalse_RightFalse;HandLeft_(-0.3, -0.4, -0.1)_(0.0, -0.7, 0.7, -0.3)_1.012537_System.String[];HandLeft_(0.2, -0.8, -0.1)_(0.5, 0.3, -0.5, 0.6)_0.9825718_System.String[];HandRight_(-0.4, -0.2, -0.2)_(0.0, 0.1, 0.2, -1.0)_1.012537_System.String[];HandRight_(0.3, -0.6, -0.2)_(0.4, -0.3, -0.1, 0.9)_0.9825718_System.String[];29.7581;-0.1953;-0.2681;13.0299;-16.2504;1.1903;1.0948;-45.1341;41.4882;2.7657;358.4474;280.9730;95.7339;359.5173;3.4003
0.7760;0.8219;False;False;13.0211;-16.4830;0.0231;0.0140;-44.7847;41.1438;359.8801;359.7688;272.5110;100.5727;359.7147;359.6175;1.8389;0.0003;0.0046;-0.0465;-0.1608;-1.7024;172299;71.82805;Infinity;2394.74;12.9860;-16.0814;1.1729;1.4943;-45.0264;41.7855;355.0409;352.3578;320.0607;106.9878;354.2009;358.7797;LeftFalse_RightTrue;LeftFalse_RightFalse;HandLeft_(-0.3, -0.4, -0.1)_(0.1, -0.7, 0.7, -0.3)_1.012537_System.String[];HandLeft_(0.2, -0.8, -0.1)_(0.6, 0.3, -0.4, 0.6)_0.9825718_System.String[];HandRight_(-0.4, -0.2, -0.2)_(0.0, 0.1, 0.2, -1.0)_1.012537_System.String[];HandRight_(0.3, -0.6, -0.2)_(0.4, -0.3, -0.1, 0.9)_0.9825718_System.String[];29.7998;-0.1953;-0.2681;12.9620;-16.1779;1.1908;1.0952;-45.1360;41.4832;2.6614;358.3980;280.7190;95.5140;359.5105;3.3787
0.7732;0.8151;False;False;12.9479;-16.4040;0.0231;0.0142;-44.7869;41.1373;359.8788;359.7615;272.2691;100.2131;359.7120;359.6128;1.9526;-0.0003;0.0053;-0.0596;-0.1539;-1.8093;172302;71.91685;Infinity;2394.78;12.9149;-16.0076;1.1729;1.4946;-45.0287;41.7814;355.0421;352.3516;319.8224;106.6337;354.1982;358.7734;LeftFalse_RightTrue;LeftFalse_RightFalse;HandLeft_(-0.3, -0.4, -0.1)_(0.1, -0.7, 0.7, -0.3)_1.012537_System.String[];HandLeft_(0.2, -0.8, -0.1)_(0.5, 0.3, -0.5, 0.6)_0.9825718_System.String[];HandRight_(-0.4, -0.2, -0.2)_(0.0, 0.1, 0.2, -1.0)_1.012537_System.String[];HandRight_(0.3, -0.6, -0.2)_(0.4, -0.3, -0.1, 0.9)_0.9825718_System.String[];29.8416;-0.1952;-0.2681;12.8914;-16.1028;1.1910;1.0955;-45.1384;41.4780;2.5041;358.3593;280.3664;95.4881;359.5180;3.3462
0.7683;0.8102;False;False;12.8716;-16.3216;0.0231;0.0145;-44.7895;41.1309;359.8771;359.7551;272.0170;99.8390;359.7093;359.6135;2.0277;-0.0005;0.0053;-0.0689;-0.1475;-1.8798;172305;71.93098;Infinity;2394.82;12.8407;-15.9307;1.1729;1.4949;-45.0314;41.7777;355.0430;352.3449;319.5740;106.2648;354.1952;358.7715;LeftFalse_RightTrue;LeftFalse_RightFalse;HandLeft_(-0.3, -0.4, -0.1)_(0.0, -0.7, 0.7, -0.3)_1.012537_System.String[];HandLeft_(0.2, -0.8, -0.1)_(0.5, 0.3, -0.4, 0.7)_0.9825718_System.String[];HandRight_(-0.4, -0.2, -0.2)_(0.0, 0.1, 0.2, -1.0)_1.012537_System.String[];HandRight_(0.3, -0.6, -0.2)_(0.4, -0.3, -0.1, 0.9)_0.9825718_System.String[];29.8833;-0.1935;-0.2681;12.8179;-16.0244;1.1912;1.0957;-45.1413;41.4727;2.3195;358.3459;279.8758;95.7166;359.4812;3.3345
0.7633;0.8066;False;False;12.7923;-16.2360;0.0230;0.0147;-44.7925;41.1249;359.8753;359.7493;271.7567;99.4511;359.7068;359.6159;2.1023;-0.0006;0.0043;-0.0782;-0.1401;-1.9498;172308;71.97351;Infinity;2394.86;12.7635;-15.8506;1.1729;1.4951;-45.0345;41.7745;355.0437;352.3386;319.3164;105.8812;354.1921;358.7731;LeftFalse_RightTrue;LeftFalse_RightFalse;HandLeft_(-0.3, -0.4, -0.1)_(0.0, -0.7, 0.7, -0.3)_1.012537_System.String[];HandLeft_(0.2, -0.8, -0.1)_(0.6, 0.3, -0.4, 0.7)_0.9825718_System.String[];HandRight_(-0.4, -0.2, -0.2)_(0.0, 0.1, 0.2, -1.0)_1.012537_System.String[];HandRight_(0.3, -0.6, -0.2)_(0.4, -0.3, -0.1, 0.9)_0.9825718_System.String[];29.9248;-0.1905;-0.2675;12.7414;-15.9429;1.1916;1.0960;-45.1449;41.4674;2.1847;358.3561;279.1981;96.1857;359.4693;3.3358
0.7579;0.8039;False;False;12.7099;-16.1472;0.0230;0.0149;-44.7959;41.1192;359.8735;359.7471;271.4896;99.0489;359.7048;359.6124;2.1760;-0.0007;0.0051;-0.0870;-0.1325;-2.0190;172311;71.97668;Infinity;2394.91;12.6833;-15.7675;1.1729;1.4953;-45.0380;41.7715;355.0442;352.3351;319.0516;105.4840;354.1893;358.7717;LeftFalse_RightTrue;LeftFalse_RightFalse;HandLeft_(-0.3, -0.4, -0.1)_(0.0, -0.7, 0.7, -0.3)_1.012537_System.String[];HandLeft_(0.2, -0.8, -0.1)_(0.6, 0.3, -0.4, 0.7)_0.9825718_System.String[];HandRight_(-0.4, -0.2, -0.2)_(0.0, 0.1, 0.2, -1.0)_1.012537_System.String[];HandRight_(0.3, -0.6, -0.2)_(0.4, -0.3, -0.1, 0.9)_0.9825718_System.String[];29.9666;-0.1853;-0.2657;12.6619;-15.8582;1.1920;1.0962;-45.1497;41.4621;1.9814;358.3760;278.1883;96.8603;359.4556;3.3635
0.7518;0.8020;False;False;12.6239;-16.0546;0.0230;0.0151;-44.7997;41.1138;359.8718;359.7482;271.2170;98.6313;359.7036;359.6043;2.2494;-0.0007;0.0057;-0.0948;-0.1245;-2.0876;172314;71.67087;Infinity;2394.95;12.6002;-15.6813;1.1729;1.4956;-45.0418;41.7688;355.0441;352.3360;318.7821;105.0744;354.1870;358.7648;LeftFalse_RightTrue;LeftFalse_RightFalse;HandLeft_(-0.3, -0.4, -0.1)_(0.0, -0.7, 0.7, -0.3)_1.012537_System.String[];HandLeft_(0.2, -0.8, -0.1)_(0.5, 0.3, -0.5, 0.6)_0.9825718_System.String[];HandRight_(-0.4, -0.2, -0.2)_(0.0, 0.1, 0.2, -1.0)_1.012537_System.String[];HandRight_(0.3, -0.6, -0.2)_(0.4, -0.3, -0.1, 0.9)_0.9825718_System.String[];30.0085;-0.1781;-0.2624;12.5795;-15.7703;1.1926;1.0964;-45.1547;41.4571;1.7543;358.4494;277.0172;97.5169;359.4170;3.3500
0.7449;0.8006;False;False;12.5349;-15.9587;0.0230;0.0153;-44.8039;41.1089;359.8697;359.7512;270.9432;98.2029;359.7018;359.5940;2.3225;-0.0001;0.0062;-0.1023;-0.1160;-2.1553;172317;71.56889;Infinity;2394.99;12.5130;-15.5910;1.1728;1.4960;-45.0461;41.7664;355.0439;352.3395;318.5074;104.6487;354.1846;358.7552;LeftFalse_RightTrue;LeftFalse_RightFalse;HandLeft_(-0.3, -0.4, -0.1)_(0.0, -0.7, 0.7, -0.3)_1.012537_System.String[];HandLeft_(0.2, -0.8, -0.1)_(0.5, 0.3, -0.5, 0.7)_0.9825718_System.String[];HandRight_(-0.4, -0.2, -0.2)_(0.0, 0.2, 0.2, -1.0)_1.012537_System.String[];HandRight_(0.3, -0.6, -0.2)_(0.4, -0.3, -0.2, 0.9)_0.9825718_System.String[];30.0505;-0.1707;-0.2577;12.4931;-15.6782;1.1930;1.0966;-45.1602;41.4522;1.5389;358.5511;275.9124;98.2144;359.4070;3.3169
0.7345;0.7996;False;False;12.4437;-15.8605;0.0230;0.0157;-44.8083;41.1043;359.8669;359.7581;270.6727;97.7700;359.6993;359.5885;2.3946;0.0002;0.0091;-0.1093;-0.1067;-2.2219;172320;71.77798;Infinity;2395.03;12.4237;-15.4984;1.1728;1.4963;-45.0506;41.7645;355.0438;352.3456;318.2357;104.2178;354.1811;358.7478;LeftFalse_RightTrue;LeftFalse_RightFalse;HandLeft_(-0.3, -0.4, -0.1)_(0.0, -0.7, 0.7, -0.3)_1.012537_System.String[];HandLeft_(0.2, -0.8, -0.1)_(0.4, 0.3, -0.5, 0.6)_0.9825718_System.String[];HandRight_(-0.3, -0.2, -0.2)_(0.0, 0.1, 0.2, -1.0)_1.012537_System.String[];HandRight_(0.3, -0.6, -0.2)_(0.4, -0.3, -0.2, 0.8)_0.9825718_System.String[];30.0920;-0.1638;-0.2522;12.4046;-15.5837;1.1932;1.0969;-45.1659;41.4478;1.3346;358.6953;274.8589;98.8940;359.4489;3.2488
0.7184;0.7989;False;False;12.3491;-15.7591;0.0252;0.0161;-44.8123;41.1001;359.7682;359.7672;270.4110;97.3318;359.8892;359.5844;2.4669;0.1670;0.0088;-0.1446;-0.0976;-2.2766;172323;71.88362;Infinity;2395.07;12.3318;-15.4028;1.1729;1.4967;-45.0555;41.7630;355.0438;352.3551;317.9671;103.7814;354.1772;358.7461;LeftFalse_RightTrue;LeftFalse_RightFalse;HandLeft_(-0.3, -0.4, -0.1)_(0.0, -0.6, 0.7, -0.2)_1.012537_System.String[];HandLeft_(0.2, -0.8, -0.1)_(0.5, 0.3, -0.5, 0.6)_0.9825718_System.String[];HandRight_(-0.4, -0.2, -0.3)_(0.0, 0.2, 0.3, -1.0)_1.012537_System.String[];HandRight_(0.3, -0.6, -0.2)_(0.4, -0.3, -0.2, 0.8)_0.9825718_System.String[];30.1338;-0.1587;-0.2461;12.3135;-15.4863;1.1935;1.0973;-45.1716;41.4437;1.1865;358.8389;273.9703;99.5719;359.5368;3.1760
0.6948;0.7983;False;False;12.2503;-15.6545;0.0352;0.0164;-44.8179;41.0963;359.3345;359.7746;270.1445;96.8891;359.9302;359.5748;2.5392;0.2237;0.0083;-0.1410;-0.0879;-2.3314;172326;71.92332;Infinity;2395.12;12.2430;-15.3042;1.1812;1.4971;-45.0652;41.7619;354.5913;352.3638;317.7230;103.3411;354.0543;358.7385;LeftFalse_RightTrue;LeftFalse_RightFalse;HandLeft_(-0.3, -0.4, -0.1)_(0.0, -0.6, 0.7, -0.2)_1.012537_System.String[];HandLeft_(0.2, -0.8, -0.1)_(0.5, 0.3, -0.5, 0.6)_0.9825718_System.String[];HandRight_(-0.3, -0.2, -0.3)_(0.0, 0.2, 0.3, -1.0)_1.012537_System.String[];HandRight_(0.3, -0.6, -0.2)_(0.4, -0.3, -0.2, 0.8)_0.9825718_System.String[];30.1755;-0.1562;-0.2397;12.2257;-15.3858;1.2019;1.0976;-45.1820;41.4401;0.6356;358.8765;273.2755;100.1059;359.8287;3.0942
0.6588;0.7979;False;False;12.1511;-15.5468;0.0344;0.0167;-44.8247;41.0930;359.3717;359.7775;269.8655;96.4439;359.6313;359.5704;2.6120;-0.1337;0.0053;-0.1229;-0.0777;-2.4135;172329;71.95674;Infinity;2395.16;12.1484;-15.2026;1.1869;1.4975;-45.0660;41.7612;354.7139;352.3692;317.4737;102.8973;353.6991;358.7320;LeftFalse_RightTrue;LeftFalse_RightFalse;HandLeft_(-0.3, -0.4, -0.1)_(0.0, -0.6, 0.8, -0.2)_1.012537_System.String[];HandLeft_(0.2, -0.8, -0.1)_(0.5, 0.4, -0.5, 0.6)_0.9825718_System.String[];HandRight_(-0.3, -0.2, -0.3)_(0.0, 0.2, 0.3, -0.9)_1.012537_System.String[];HandRight_(0.3, -0.6, -0.2)_(0.4, -0.3, -0.2, 0.8)_0.9825718_System.String[];30.2173;-0.1555;-0.2319;12.1321;-15.2820;1.2087;1.0979;-45.1829;41.4373;0.2810;358.8691;272.8213;100.4029;359.4542;3.0190
0.6132;0.7976;False;False;12.0498;-15.4355;0.0300;0.0169;-44.8303;41.0901;359.5613;359.7774;269.5904;95.9974;359.6530;359.5683;2.6845;-0.0915;0.0042;-0.1440;-0.0677;-2.4674;172332;71.8931;Infinity;2395.20;12.0449;-15.0976;1.1817;1.4977;-45.0720;41.7610;354.8382;352.3701;317.1812;102.4509;353.8775;358.7295;LeftFalse_RightTrue;LeftFalse_RightFalse;HandLeft_(-0.3, -0.4, -0.1)_(0.0, -0.6, 0.8, -0.2)_1.012537_System.String[];HandLeft_(0.2, -0.8, 0.0)_(0.4, 0.4, -0.5, 0.6)_0.9825718_System.String[];HandRight_(-0.3, -0.2, -0.3)_(0.1, 0.2, 0.3, -0.9)_1.012537_System.String[];HandRight_(0.3, -0.6, -0.2)_(0.4, -0.4, -0.2, 0.8)_0.9825718_System.String[];30.2590;-0.1555;-0.2231;12.0298;-15.1748;1.2040;1.0981;-45.1878;41.4353;0.2476;358.8240;272.8480;100.4302;359.3616;2.9084
0.5586;0.7974;False;False;11.9463;-15.3215;0.0271;0.0170;-44.8368;41.0875;359.6866;359.7755;269.3167;95.5553;359.6628;359.5675;2.7929;-0.0492;0.0033;-0.1674;-0.0529;-2.5383;172335;71.94513;Infinity;2395.24;11.9404;-14.9898;1.1782;1.4979;-45.0787;41.7612;354.9258;352.3689;316.8976;102.0076;353.9925;358.7282;LeftFalse_RightTrue;LeftFalse_RightFalse;HandLeft_(-0.3, -0.4, -0.1)_(0.0, -0.6, 0.8, -0.2)_1.012537_System.String[];HandLeft_(0.2, -0.8, 0.0)_(0.4, 0.4, -0.5, 0.6)_0.9825718_System.String[];HandRight_(-0.3, -0.2, -0.3)_(0.1, 0.2, 0.2, -0.9)_1.012537_System.String[];HandRight_(0.3, -0.6, -0.2)_(0.4, -0.4, -0.2, 0.8)_0.9825718_System.String[];30.3005;-0.1555;-0.2125;11.9264;-15.0646;1.2011;1.0982;-45.1924;41.4340;0.0613;358.7411;273.4220;100.1706;359.1908;2.7896
0.4919;0.7973;False;False;11.8405;-15.2043;0.0253;0.0172;-44.8439;41.0854;359.7671;359.7723;269.0406;95.1181;359.6670;359.5677;2.8649;-0.0310;0.0030;-0.1814;-0.0444;-2.5775;172338;71.96666;Infinity;2395.28;11.8347;-14.8789;1.1760;1.4981;-45.0859;41.7618;354.9850;352.3661;316.6160;101.5684;354.0658;358.7277;LeftFalse_RightTrue;LeftFalse_RightFalse;HandLeft_(-0.3, -0.4, -0.1)_(0.0, -0.6, 0.8, -0.2)_1.012537_System.String[];HandLeft_(0.2, -0.8, 0.0)_(0.4, 0.4, -0.5, 0.6)_0.9825718_System.String[];HandRight_(-0.3, -0.2, -0.3)_(0.0, 0.2, 0.3, -0.9)_1.012537_System.String[];HandRight_(0.3, -0.6, -0.2)_(0.3, -0.4, -0.2, 0.8)_0.9825718_System.String[];30.3423;-0.1553;-0.1998;11.8219;-14.9513;1.1993;1.0984;-45.1973;41.4334;359.8565;358.6484;274.2930;99.6670;359.0118;2.6884
0.4144;0.7972;False;False;11.7331;-15.0839;0.0242;0.0173;-44.8516;41.0837;359.8181;359.7684;268.7621;94.6911;359.6677;359.5692;2.9368;-0.0181;0.0029;-0.1942;-0.0379;-2.6081;172341;71.98325;Infinity;2395.32;11.7277;-14.7648;1.1746;1.4982;-45.0937;41.7627;355.0239;352.3623;316.3342;101.1374;354.1114;358.7283;LeftFalse_RightTrue;LeftFalse_RightFalse;HandLeft_(-0.4, -0.4, -0.1)_(0.0, -0.6, 0.8, -0.2)_1.012537_System.String[];HandLeft_(0.2, -0.8, 0.0)_(0.4, 0.4, -0.5, 0.6)_0.9825718_System.String[];HandRight_(-0.3, -0.2, -0.2)_(0.1, 0.2, 0.2, -0.9)_1.012537_System.String[];HandRight_(0.3, -0.6, -0.2)_(0.3, -0.4, -0.2, 0.8)_0.9825718_System.String[];30.3840;-0.1541;-0.1855;11.7163;-14.8347;1.1985;1.0985;-45.2018;41.4337;359.6095;358.5381;275.6867;99.1641;358.8185;2.6066
0.3220;0.7971;False;False;11.6235;-14.9596;0.0236;0.0174;-44.8600;41.0822;359.8519;359.7626;268.4808;94.2764;359.6638;359.5695;3.0081;-0.0100;0.0046;-0.2054;-0.0334;-2.6291;172344;71.73898;Infinity;2395.37;11.6193;-14.6470;1.1738;1.4983;-45.1020;41.7637;355.0521;352.3574;316.0515;100.7183;354.1382;358.7292;LeftFalse_RightTrue;LeftFalse_RightFalse;HandLeft_(-0.3, -0.4, -0.1)_(0.0, -0.6, 0.8, -0.2)_1.012537_System.String[];HandLeft_(0.2, -0.8, 0.0)_(0.4, 0.4, -0.5, 0.6)_0.9825718_System.String[];HandRight_(-0.3, -0.2, -0.2)_(0.1, 0.2, 0.2, -0.9)_1.012537_System.String[];HandRight_(0.4, -0.6, -0.2)_(0.3, -0.5, -0.3, 0.8)_0.9825718_System.String[];30.4260;-0.1512;-0.1717;11.6094;-14.7147;1.1983;1.0988;-45.2065;41.4343;359.3638;358.3851;277.2603;98.7422;358.6165;2.5691
0.2348;0.7959;False;False;11.5131;-14.8321;0.0233;0.0176;-44.8688;41.0809;359.8755;359.7542;268.2026;93.8799;359.6605;359.5663;3.0790;-0.0046;0.0056;-0.2148;-0.0288;-2.6392;172347;71.58126;Infinity;2395.41;11.5099;-14.5256;1.1734;1.4986;-45.1108;41.7648;355.0727;352.3500;315.7704;100.3160;354.1553;358.7260;LeftFalse_RightTrue;LeftFalse_RightFalse;HandLeft_(-0.3, -0.4, -0.1)_(0.0, -0.6, 0.8, -0.2)_1.012537_System.String[];HandLeft_(0.2, -0.8, -0.1)_(0.4, 0.5, -0.5, 0.6)_0.9825718_System.String[];HandRight_(-0.3, -0.2, -0.3)_(0.1, 0.2, 0.3, -0.9)_1.012537_System.String[];HandRight_(0.4, -0.6, -0.2)_(0.2, -0.5, -0.3, 0.8)_0.9825718_System.String[];30.4678;-0.1469;-0.1607;11.5015;-14.5912;1.1984;1.0994;-45.2113;41.4353;359.1443;358.2000;278.9897;98.4237;358.4297;2.6410
0.1712;0.7936;False;False;11.4023;-14.7013;0.0231;0.0179;-44.8780;41.0798;359.8931;359.7443;267.9300;93.4987;359.6579;359.5606;3.1493;-0.0011;0.0063;-0.2229;-0.0216;-2.6417;172350;71.4753;Infinity;2395.45;11.3999;-14.4008;1.1732;1.4989;-45.1200;41.7659;355.0879;352.3410;315.4944;99.9308;354.1676;358.7201;LeftFalse_RightTrue;LeftFalse_RightFalse;HandLeft_(-0.4, -0.4, -0.1)_(0.0, -0.6, 0.8, -0.2)_1.012537_System.String[];HandLeft_(0.2, -0.8, -0.1)_(0.4, 0.5, -0.5, 0.5)_0.9825718_System.String[];HandRight_(-0.3, -0.2, -0.3)_(0.1, 0.2, 0.3, -0.9)_1.012537_System.String[];HandRight_(0.4, -0.6, -0.2)_(0.1, -0.5, -0.3, 0.8)_0.9825718_System.String[];30.5100;-0.1407;-0.1549;11.3933;-14.4643;1.1991;1.1000;-45.2158;41.4365;358.8358;357.9956;281.0659;98.1344;358.1519;2.8335
0.1248;0.7906;False;False;11.2914;-14.5674;0.0231;0.0182;-44.8875;41.0792;359.9072;359.7336;267.6671;93.1286;359.6569;359.5525;3.2188;0.0017;0.0069;-0.2285;-0.0110;-2.6373;172353;71.44374;Infinity;2395.49;11.2894;-14.2722;1.1732;1.4994;-45.1296;41.7671;355.0995;352.3314;315.2258;99.5574;354.1773;358.7117;LeftFalse_RightTrue;LeftFalse_RightFalse;HandLeft_(-0.4, -0.4, -0.1)_(0.0, -0.6, 0.8, -0.2)_1.012537_System.String[];HandLeft_(0.2, -0.8, -0.1)_(0.4, 0.5, -0.5, 0.5)_0.9825718_System.String[];HandRight_(-0.3, -0.2, -0.3)_(0.1, 0.2, 0.3, -0.9)_1.012537_System.String[];HandRight_(0.4, -0.6, -0.2)_(0.0, -0.5, -0.4, 0.8)_0.9825718_System.String[];30.5520;-0.1330;-0.1539;11.2849;-14.3337;1.1998;1.1008;-45.2203;41.4380;358.4461;357.8577;283.5212;97.8279;357.8449;3.0302
0.0910;0.7869;False;False;11.1812;-14.4308;0.0233;0.0185;-44.8972;41.0791;359.9203;359.7225;267.4182;92.7631;359.6594;359.5416;3.2874;0.0034;0.0073;-0.2324;0.0035;-2.6279;172356;71.5266;Infinity;2395.53;11.1799;-14.1413;1.1732;1.4998;-45.1395;41.7688;355.1073;352.3216;314.9711;99.1931;354.1884;358.7005;LeftFalse_RightTrue;LeftFalse_RightFalse;HandLeft_(-0.4, -0.4, -0.1)_(0.0, -0.6, 0.8, -0.2)_1.012537_System.String[];HandLeft_(0.2, -0.8, -0.1)_(0.4, 0.6, -0.5, 0.5)_0.9825718_System.String[];HandRight_(-0.3, -0.2, -0.3)_(0.1, 0.2, 0.3, -0.9)_1.012537_System.String[];HandRight_(0.5, -0.6, -0.2)_(-0.1, -0.4, -0.4, 0.8)_0.9825718_System.String[];30.5938;-0.1249;-0.1539;11.1776;-14.2011;1.2004;1.1015;-45.2251;41.4399;358.1225;357.7690;285.9312;97.5027;357.6526;3.1651
0.0663;0.7811;False;False;11.0712;-14.2910;0.0234;0.0188;-44.9070;41.0798;359.9327;359.7101;267.1837;92.3957;359.6634;359.5309;3.3550;0.0044;0.0096;-0.2357;0.0208;-2.6154;172359;71.49263;Infinity;2395.58;11.0708;-14.0076;1.1734;1.5003;-45.1495;41.7710;355.1131;352.3117;314.7316;98.8293;354.2001;358.6868;LeftFalse_RightTrue;LeftFalse_RightFalse;HandLeft_(-0.4, -0.4, -0.1)_(0.0, -0.6, 0.8, -0.1)_1.012537_System.String[];HandLeft_(0.2, -0.8, -0.1)_(0.5, 0.6, -0.5, 0.5)_0.9825718_System.String[];HandRight_(-0.3, -0.2, -0.3)_(0.1, 0.2, 0.3, -0.9)_1.012537_System.String[];HandRight_(0.5, -0.6, -0.2)_(-0.1, -0.4, -0.4, 0.8)_0.9825718_System.String[];30.6357;-0.1155;-0.1539;11.0709;-14.0654;1.2009;1.1021;-45.2299;41.4425;357.8946;357.6526;288.2779;97.1092;357.3904;3.2950
0.0483;0.7736;False;False;10.9627;-14.1494;0.0236;0.0193;-44.9168;41.0812;359.9443;359.6969;266.9670;92.0266;359.6684;359.5195;3.4207;0.0049;0.0133;-0.2364;0.0399;-2.6004;172362;71.73745;Infinity;2395.62;10.9625;-13.8713;1.1735;1.5010;-45.1595;41.7741;355.1176;352.2991;314.5077;98.4623;354.2121;358.6757;LeftFalse_RightTrue;LeftFalse_RightFalse;HandLeft_(-0.4, -0.4, -0.1)_(0.0, -0.6, 0.8, -0.1)_1.012537_System.String[];HandLeft_(0.2, -0.8, -0.1)_(0.4, 0.6, -0.5, 0.5)_0.9825718_System.String[];HandRight_(-0.3, -0.2, -0.3)_(0.1, 0.2, 0.3, -0.9)_1.012537_System.String[];HandRight_(0.5, -0.6, -0.2)_(0.0, -0.5, -0.4, 0.8)_0.9825718_System.String[];30.6775;-0.1036;-0.1539;10.9646;-13.9269;1.2015;1.1028;-45.2354;41.4458;357.7336;357.5107;290.2428;96.6450;357.0527;3.4377
0.0352;0.7650;False;False;10.8542;-14.0040;0.0238;0.0199;-44.9266;41.0836;359.9541;359.6859;266.7685;91.6495;359.6719;359.5098;3.4853;0.0040;0.0133;-0.2344;0.0607;-2.5840;172365;71.6267;Infinity;2395.66;10.8547;-13.7319;1.1737;1.5018;-45.1696;41.7780;355.1216;352.2881;314.3022;98.0895;354.2227;358.6623;LeftFalse_RightTrue;LeftFalse_RightFalse;HandLeft_(-0.4, -0.4, -0.1)_(0.0, -0.6, 0.8, -0.1)_1.012537_System.String[];HandLeft_(0.2, -0.8, -0.1)_(0.4, 0.6, -0.5, 0.5)_0.9825718_System.String[];HandRight_(-0.3, -0.2, -0.3)_(0.2, 0.3, 0.3, -0.9)_1.012537_System.String[];HandRight_(0.5, -0.6, -0.2)_(0.0, -0.5, -0.4, 0.8)_0.9825718_System.String[];30.7195;-0.0907;-0.1539;10.8584;-13.7854;1.2018;1.1036;-45.2414;41.4500;357.6009;357.3315;291.8583;96.0836;356.7177;3.6103
0.0257;0.7567;False;False;10.7464;-13.8557;0.0240;0.0204;-44.9363;41.0869;359.9620;359.6835;266.5926;91.2662;359.6761;359.4970;3.5803;0.0027;0.0119;-0.2288;0.0940;-2.5575;172368;71.57256;Infinity;2395.70;10.7472;-13.5894;1.1738;1.5024;-45.1795;41.7828;355.1248;352.2842;314.1181;97.7098;354.2315;358.6515;LeftFalse_RightTrue;LeftFalse_RightFalse;HandLeft_(-0.4, -0.4, -0.1)_(0.0, -0.6, 0.8, -0.1)_1.012537_System.String[];HandLeft_(0.2, -0.8, -0.1)_(0.5, 0.5, -0.5, 0.5)_0.9825718_System.String[];HandRight_(-0.3, -0.3, -0.3)_(0.2, 0.3, 0.3, -0.9)_1.012537_System.String[];HandRight_(0.5, -0.6, -0.2)_(0.0, -0.4, -0.4, 0.8)_0.9825718_System.String[];30.7615;-0.0781;-0.1537;10.7525;-13.6407;1.2022;1.1043;-45.2472;41.4549;357.4051;357.2459;293.2198;95.5562;356.3700;3.6780
0.0187;0.7507;False;False;10.6401;-13.7058;0.0241;0.0209;-44.9457;41.0912;359.9678;359.6890;266.4395;90.8794;359.6819;359.4902;3.6418;0.0019;0.0126;-0.2240;0.1178;-2.5389;172371;71.77842;Infinity;2395.74;10.6410;-13.4446;1.1739;1.5030;-45.1893;41.7886;355.1251;352.2881;313.9565;97.3252;354.2400;358.6426;LeftFalse_RightTrue;LeftFalse_RightFalse;HandLeft_(-0.4, -0.4, -0.1)_(0.0, -0.6, 0.8, -0.1)_1.012537_System.String[];HandLeft_(0.2, -0.8, -0.1)_(0.5, 0.5, -0.5, 0.5)_0.9825718_System.String[];HandRight_(-0.3, -0.3, -0.3)_(0.2, 0.3, 0.3, -0.9)_1.012537_System.String[];HandRight_(0.5, -0.6, -0.2)_(-0.2, -0.4, -0.4, 0.8)_0.9825718_System.String[];30.8030;-0.0657;-0.1537;10.6474;-13.4938;1.2026;1.1049;-45.2530;41.4602;357.2612;357.2091;294.3759;95.1729;356.1283;3.6005
0.0137;0.7462;False;False;10.5346;-13.5533;0.0241;0.0214;-44.9549;41.0965;359.9716;359.6990;266.3083;90.4865;359.6874;359.4849;3.7024;0.0019;0.0121;-0.2179;0.1426;-2.5197;172374;71.88624;Infinity;2395.78;10.5357;-13.2975;1.1740;1.5036;-45.1988;41.7955;355.1238;352.2975;313.8173;96.9349;354.2474;358.6381;LeftFalse_RightTrue;LeftFalse_RightFalse;HandLeft_(-0.4, -0.4, -0.1)_(0.0, -0.6, 0.8, -0.1)_1.012537_System.String[];HandLeft_(0.2, -0.8, -0.1)_(0.4, 0.5, -0.5, 0.5)_0.9825718_System.String[];HandRight_(-0.3, -0.3, -0.3)_(0.3, 0.3, 0.3, -0.9)_1.012537_System.String[];HandRight_(0.5, -0.6, -0.2)_(-0.3, -0.5, -0.3, 0.8)_0.9825718_System.String[];30.8447;-0.0542;-0.1527;10.5431;-13.3448;1.2031;1.1058;-45.2589;41.4664;357.2050;357.1596;295.3775;94.9279;355.9368;3.4766
0.0100;0.7430;False;False;10.4299;-13.3981;0.0242;0.0219;-44.9639;41.1029;359.9736;359.7088;266.1987;90.0883;359.6916;359.4758;3.7628;0.0016;0.0099;-0.2112;0.1663;-2.5001;172377;71.94352;Infinity;2395.83;10.4313;-13.1479;1.1740;1.5041;-45.2079;41.8035;355.1222;352.3087;313.7001;96.5391;354.2522;358.6311;LeftFalse_RightTrue;LeftFalse_RightFalse;HandLeft_(-0.4, -0.4, -0.1)_(0.0, -0.6, 0.8, -0.1)_1.012537_System.String[];HandLeft_(0.2, -0.8, -0.1)_(0.4, 0.5, -0.5, 0.5)_0.9825718_System.String[];HandRight_(-0.3, -0.3, -0.3)_(0.3, 0.3, 0.3, -0.8)_1.012537_System.String[];HandRight_(0.5, -0.6, -0.2)_(-0.4, -0.5, -0.3, 0.7)_0.9825718_System.String[];30.8865;-0.0431;-0.1471;10.4397;-13.1935;1.2035;1.1065;-45.2648;41.4737;357.2093;357.0888;296.2908;94.7555;355.7949;3.3515
0.0073;0.7407;False;False;10.3259;-13.2401;0.0243;0.0223;-44.9725;41.1102;359.9743;359.7154;266.1097;89.6901;359.6952;359.4714;3.8230;0.0014;0.0081;-0.2038;0.1876;-2.4802;172380;71.91085;Infinity;2395.87;10.3275;-12.9957;1.1741;1.5046;-45.2168;41.8124;355.1202;352.3170;313.6039;96.1411;354.2556;358.6257;LeftFalse_RightTrue;LeftFalse_RightFalse;HandLeft_(-0.4, -0.4, -0.1)_(0.0, -0.6, 0.8, -0.1)_1.012537_System.String[];HandLeft_(0.2, -0.8, -0.1)_(0.4, 0.6, -0.5, 0.5)_0.9825718_System.String[];HandRight_(-0.3, -0.3, -0.3)_(0.3, 0.4, 0.3, -0.8)_1.012537_System.String[];HandRight_(0.5, -0.6, -0.2)_(-0.4, -0.4, -0.3, 0.7)_0.9825718_System.String[];30.9282;-0.0319;-0.1389;10.3368;-13.0397;1.2037;1.1071;-45.2704;41.4821;357.1676;356.9940;297.1172;94.5754;355.6944;3.3124
0.0053;0.7371;False;False;10.2230;-13.0797;0.0243;0.0226;-44.9809;41.1185;359.9743;359.7195;266.0399;89.2987;359.6980;359.4698;3.8828;0.0012;0.0070;-0.1965;0.2077;-2.4603;172383;71.95409;Infinity;2395.91;10.2245;-12.8407;1.1741;1.5049;-45.2254;41.8223;355.1181;352.3221;313.5275;95.7468;354.2578;358.6238;LeftFalse_RightTrue;LeftFalse_RightFalse;HandLeft_(-0.4, -0.4, -0.1)_(0.0, -0.6, 0.8, -0.1)_1.012537_System.String[];HandLeft_(0.2, -0.8, -0.1)_(0.5, 0.6, -0.4, 0.5)_0.9825718_System.String[];HandRight_(-0.3, -0.3, -0.3)_(0.4, 0.4, 0.3, -0.8)_1.012537_System.String[];HandRight_(0.5, -0.6, -0.2)_(-0.4, -0.4, -0.3, 0.7)_0.9825718_System.String[];30.9697;-0.0197;-0.1298;10.2346;-12.8829;1.2038;1.1079;-45.2760;41.4917;357.1139;356.7958;297.8931;94.3064;355.5409;3.4006
0.0039;0.7292;False;False;10.1205;-12.9156;0.0244;0.0261;-44.9889;41.1273;359.9730;359.5825;265.9894;88.9193;359.7021;359.5083;3.9190;0.0017;0.2959;-0.1876;0.2274;-2.4401;172386;71.83474;Infinity;2395.95;10.1223;-12.6831;1.1742;1.5052;-45.2336;41.8331;355.1151;352.3249;313.4701;95.3621;354.2595;358.6242;LeftFalse_RightFalse;LeftFalse_RightFalse;HandLeft_(-0.4, -0.4, -0.1)_(0.0, -0.6, 0.8, -0.1)_1.012537_System.String[];HandLeft_(0.2, -0.8, -0.1)_(0.5, 0.6, -0.4, 0.4)_0.9825718_System.String[];HandRight_(-0.3, -0.3, -0.3)_(0.4, 0.4, 0.3, -0.8)_1.012537_System.String[];HandRight_(0.5, -0.6, -0.2)_(-0.4, -0.5, -0.4, 0.7)_0.9825718_System.String[];31.0117;-0.0068;-0.1193;10.1335;-12.7236;1.2038;1.1085;-45.2814;41.5024;357.1067;356.6154;298.6114;93.9516;355.4266;3.5142
0.0028;0.7122;False;False;10.0186;-12.7480;0.0245;0.0323;-44.9965;41.1370;359.9706;359.3271;265.9600;88.5594;359.7076;359.5682;4.0034;0.0018;-0.0914;-0.1775;0.2447;-2.4201;172389;71.66943;Infinity;2395.99;10.0203;-12.5316;1.1742;1.5165;-45.2415;41.8467;355.1098;351.8737;313.4332;94.9887;354.2615;358.6936;LeftFalse_RightFalse;LeftFalse_RightFalse;HandLeft_(-0.4, -0.4, -0.1)_(0.0, -0.6, 0.8, -0.1)_1.012537_System.String[];HandLeft_(0.2, -0.8, -0.1)_(0.5, 0.6, -0.4, 0.4)_0.9825718_System.String[];HandRight_(-0.3, -0.3, -0.3)_(0.4, 0.4, 0.3, -0.8)_1.012537_System.String[];HandRight_(0.5, -0.6, -0.2)_(-0.4, -0.5, -0.4, 0.7)_0.9825718_System.String[];31.0537;0.0056;-0.1038;10.0325;-12.5674;1.2038;1.1204;-45.2866;41.5154;357.0704;356.0309;299.2985;93.5526;355.3107;3.6602
0.0020;0.6806;False;False;9.9182;-12.5807;0.0245;0.0293;-45.0036;41.1476;359.9677;359.4704;265.9512;88.2227;359.7132;359.5166;4.0589;0.0018;-0.0606;-0.1678;0.2489;-2.4000;172392;71.83412;Infinity;2396.04;9.9195;-12.3651;1.1743;1.5133;-45.2489;41.8576;355.1037;352.0288;313.4180;94.6465;354.2633;358.6521;LeftFalse_RightFalse;LeftFalse_RightFalse;HandLeft_(-0.4, -0.3, -0.1)_(-0.1, -0.5, 0.8, 0.0)_1.012537_System.String[];HandLeft_(0.2, -0.8, -0.1)_(0.5, 0.7, -0.4, 0.3)_0.9825718_System.String[];HandRight_(-0.3, -0.3, -0.2)_(0.4, 0.4, 0.3, -0.7)_1.012537_System.String[];HandRight_(0.5, -0.6, -0.2)_(-0.4, -0.5, -0.4, 0.6)_0.9825718_System.String[];31.0952;0.0172;-0.0855;9.9328;-12.4000;1.2038;1.1175;-45.2914;41.5266;356.9878;356.0126;299.9562;93.1712;355.2115;3.6667
0.0015;0.6335;False;False;9.8188;-12.4109;0.0246;0.0274;-45.0103;41.1582;359.9646;359.5647;265.9613;87.9221;359.7186;359.4887;4.1102;0.0018;-0.0381;-0.1569;0.2507;-2.3800;172395;71.93024;Infinity;2396.08;9.8197;-12.1971;1.1743;1.5110;-45.2558;41.8689;355.0976;352.1400;313.4218;94.3356;354.2647;358.6299;LeftFalse_RightFalse;LeftFalse_RightFalse;HandLeft_(-0.4, -0.3, -0.1)_(-0.2, -0.5, 0.8, 0.1)_1.012537_System.String[];HandLeft_(0.2, -0.8, -0.1)_(0.5, 0.7, -0.4, 0.4)_0.9825718_System.String[];HandRight_(-0.3, -0.4, -0.3)_(0.5, 0.4, 0.4, -0.7)_1.012537_System.String[];HandRight_(0.5, -0.6, -0.2)_(-0.5, -0.5, -0.5, 0.6)_0.9825718_System.String[];31.1370;0.0295;-0.0652;9.8341;-12.2305;1.2041;1.1154;-45.2958;41.5383;356.9000;356.0051;300.6163;92.8769;355.0332;3.6649
0.0011;0.5734;False;False;9.7191;-12.2369;0.0247;0.0263;-45.0165;41.1687;359.9612;359.6242;265.9913;87.6647;359.7242;359.4780;4.1553;0.0017;-0.0203;-0.1451;0.2487;-2.3601;172398;71.52002;Infinity;2396.12;9.7208;-12.0273;1.1744;1.5095;-45.2622;41.8803;355.0914;352.2109;313.4451;94.0664;354.2661;358.6208;LeftFalse_RightFalse;LeftFalse_RightFalse;HandLeft_(-0.4, -0.3, -0.1)_(-0.2, -0.5, 0.9, 0.1)_1.012537_System.String[];HandLeft_(0.2, -0.8, -0.1)_(0.5, 0.7, -0.5, 0.3)_0.9825718_System.String[];HandRight_(-0.3, -0.4, -0.3)_(0.5, 0.4, 0.4, -0.7)_1.012537_System.String[];HandRight_(0.5, -0.6, -0.2)_(-0.4, -0.5, -0.5, 0.6)_0.9825718_System.String[];31.1790;0.0415;-0.0472;9.7361;-12.0589;1.2042;1.1141;-45.3000;41.5502;356.7767;356.0794;301.2250;92.7103;354.9125;3.7083
0.0008;0.5082;False;False;9.6205;-12.0612;0.0248;0.0259;-45.0222;41.1791;359.9636;359.6581;266.0407;87.4578;359.7339;359.4794;4.2078;0.1720;-0.0006;-0.1547;0.2440;-2.3300;172401;71.40781;Infinity;2396.16;9.6211;-11.8527;1.1744;1.5086;-45.2682;41.8918;355.0876;352.2513;313.4886;93.8413;354.2665;358.6252;LeftFalse_RightFalse;LeftFalse_RightFalse;HandLeft_(-0.4, -0.3, -0.1)_(-0.2, -0.4, 0.9, 0.1)_1.012537_System.String[];HandLeft_(0.2, -0.7, -0.1)_(0.5, 0.7, -0.5, 0.3)_0.9825718_System.String[];HandRight_(-0.3, -0.4, -0.2)_(0.5, 0.4, 0.4, -0.7)_1.012537_System.String[];HandRight_(0.5, -0.6, -0.2)_(-0.4, -0.5, -0.5, 0.6)_0.9825718_System.String[];31.2209;0.0536;-0.0358;9.6369;-11.8828;1.2044;1.1135;-45.3038;41.5623;356.7010;356.1529;301.7247;92.5678;354.8160;3.8793
0.0006;0.4443;False;False;9.5246;-11.8851;0.0313;0.0259;-45.0256;41.1892;0.2130;359.6818;266.0997;87.2936;0.2399;359.4805;4.2333;0.1179;0.0028;-0.1612;0.2438;-2.3092;172404;71.58696;Infinity;2396.20;9.5209;-11.6780;1.1773;1.5084;-45.2798;41.9030;354.9320;352.2766;313.5103;93.6630;354.6534;358.6288;LeftFalse_RightFalse;LeftFalse_RightFalse;HandLeft_(-0.5, -0.3, -0.1)_(-0.3, -0.4, 0.9, 0.1)_1.012537_System.String[];HandLeft_(0.2, -0.7, -0.1)_(0.5, 0.7, -0.5, 0.2)_0.9825718_System.String[];HandRight_(-0.3, -0.4, -0.2)_(0.5, 0.4, 0.4, -0.7)_1.012537_System.String[];HandRight_(0.5, -0.6, -0.1)_(-0.4, -0.5, -0.5, 0.6)_0.9825718_System.String[];31.2629;0.0643;-0.0299;9.5371;-11.7068;1.2071;1.1135;-45.3134;41.5740;356.6238;356.3460;302.1208;92.4524;355.0898;4.0447
0.0004;0.3807;False;False;9.4292;-11.7078;0.0356;0.0260;-45.0309;41.1994;0.3761;359.7046;266.1801;87.1603;0.3957;359.4799;4.2507;0.0521;0.0062;-0.0786;0.2437;-2.2921;172407;71.65017;Infinity;2396.24;9.4216;-11.5022;1.1806;1.5084;-45.2913;41.9138;354.8167;352.2998;313.5483;93.5195;355.0226;358.6318;LeftFalse_RightFalse;LeftFalse_RightFalse;HandLeft_(-0.5, -0.3, -0.1)_(-0.3, -0.4, 0.9, 0.1)_1.012537_System.String[];HandLeft_(0.2, -0.7, -0.1)_(0.5, 0.6, -0.5, 0.2)_0.9825718_System.String[];HandRight_(-0.3, -0.4, -0.2)_(0.5, 0.4, 0.4, -0.7)_1.012537_System.String[];HandRight_(0.5, -0.6, -0.1)_(-0.3, -0.5, -0.5, 0.6)_0.9825718_System.String[];31.3047;0.0745;-0.0236;9.4382;-11.5305;1.2103;1.1135;-45.3230;41.5854;356.6252;356.4271;302.4998;92.3182;355.3776;4.1088
0.0003;0.2953;False;False;9.3343;-11.5300;0.0374;0.0264;-45.0375;41.2096;0.4482;359.7284;266.2861;87.0532;359.6480;359.4816;4.2583;0.0312;0.0113;-0.0218;0.2431;-2.2742;172410;71.65031;Infinity;2396.29;9.3237;-11.3260;1.1856;1.5085;-45.2867;41.9245;355.3115;352.3225;313.6783;93.4039;354.6970;358.6341;LeftFalse_RightFalse;LeftFalse_RightFalse;HandLeft_(-0.4, -0.3, -0.1)_(-0.3, -0.4, 0.9, 0.1)_1.012537_System.String[];HandLeft_(0.2, -0.7, -0.1)_(0.5, 0.6, -0.6, 0.3)_0.9825718_System.String[];HandRight_(-0.3, -0.4, -0.2)_(0.5, 0.4, 0.4, -0.6)_1.012537_System.String[];HandRight_(0.5, -0.7, -0.1)_(-0.3, -0.5, -0.5, 0.6)_0.9825718_System.String[];31.3464;0.0835;-0.0186;9.3405;-11.3540;1.2156;1.1137;-45.3163;41.5964;357.1015;356.3778;302.9333;92.1913;354.8732;4.0516
0.0002;0.2152;False;False;9.2391;-11.3523;0.0346;0.0269;-45.0398;41.2197;0.3433;359.7554;266.4089;86.9677;359.5599;359.4873;4.2564;-0.1016;0.0140;-0.0597;0.2431;-2.2522;172413;71.7524;Infinity;2396.33;9.2281;-11.1482;1.1863;1.5088;-45.2834;41.9353;355.5347;352.3480;313.8171;93.3104;354.4563;358.6422;LeftFalse_RightFalse;LeftFalse_RightFalse;HandLeft_(-0.4, -0.3, -0.1)_(-0.4, -0.4, 0.8, 0.1)_1.012537_System.String[];HandLeft_(0.2, -0.7, -0.1)_(0.5, 0.6, -0.6, 0.2)_0.9825718_System.String[];HandRight_(-0.3, -0.4, -0.2)_(0.6, 0.4, 0.4, -0.6)_1.012537_System.String[];HandRight_(0.5, -0.7, -0.1)_(-0.3, -0.5, -0.5, 0.5)_0.9825718_System.String[];31.3884;0.0899;-0.0155;9.2449;-11.1765;1.2164;1.1144;-45.3111;41.6073;357.2417;356.3515;303.3938;92.2254;354.4780;3.8807
0.0002;0.1569;False;False;9.1427;-11.1714;0.0309;0.0275;-45.0421;41.2300;0.2019;359.7835;266.5445;86.8975;359.6313;359.4928;4.2452;-0.0719;0.0117;-0.0644;0.2430;-2.2326;172416;71.05838;Infinity;2396.37;9.1350;-10.9694;1.1819;1.5092;-45.2869;41.9460;355.3623;352.3759;313.9531;93.2346;354.3992;358.6517;LeftFalse_RightFalse;LeftFalse_RightFalse;HandLeft_(-0.4, -0.3, -0.1)_(-0.4, -0.4, 0.8, 0.1)_1.012537_System.String[];HandLeft_(0.2, -0.7, -0.1)_(0.5, 0.6, -0.6, 0.2)_0.9825718_System.String[];HandRight_(-0.3, -0.4, -0.2)_(0.6, 0.4, 0.4, -0.6)_1.012537_System.String[];HandRight_(0.5, -0.7, -0.1)_(-0.4, -0.5, -0.6, 0.5)_0.9825718_System.String[];31.4309;0.0936;-0.0147;9.1521;-10.9984;1.2120;1.1154;-45.3127;41.6177;357.0229;356.3062;303.8232;92.4373;354.3629;3.7266
0.0001;0.1144;False;False;9.0495;-10.9950;0.0284;0.0279;-45.0445;41.2401;0.1082;359.8044;266.6810;86.8402;359.6692;359.4955;4.2274;-0.0495;0.0094;-0.0594;0.2437;-2.2135;172419;71.49779;Infinity;2396.41;9.0419;-10.7908;1.1790;1.5095;-45.2901;41.9566;355.2543;352.3985;314.0941;93.1726;354.3506;358.6572;LeftFalse_RightFalse;LeftFalse_RightFalse;HandLeft_(-0.4, -0.3, -0.1)_(-0.4, -0.4, 0.8, 0.1)_1.012537_System.String[];HandLeft_(0.2, -0.7, -0.1)_(0.5, 0.6, -0.5, 0.2)_0.9825718_System.String[];HandRight_(-0.3, -0.4, -0.2)_(0.6, 0.4, 0.4, -0.6)_1.012537_System.String[];HandRight_(0.5, -0.7, -0.1)_(-0.4, -0.6, -0.5, 0.5)_0.9825718_System.String[];31.4727;0.0953;-0.0147;9.0589;-10.8202;1.2090;1.1163;-45.3144;41.6277;356.8573;356.1341;304.1783;92.6980;354.2170;3.6970
0.0001;0.0834;False;False;8.9573;-10.8194;0.0268;0.0283;-45.0467;41.2503;0.0471;359.8204;266.8194;86.7898;359.6910;359.4966;4.2043;-0.0329;0.0092;-0.0522;0.2448;-2.1945;172422;71.73796;Infinity;2396.45;8.9503;-10.6152;1.1770;1.5097;-45.2927;41.9671;355.1872;352.4162;314.2348;93.1196;354.3159;358.6623;LeftFalse_RightFalse;LeftFalse_RightTrue;HandLeft_(-0.4, -0.3, -0.1)_(-0.4, -0.4, 0.8, 0.1)_1.012537_System.String[];HandLeft_(0.2, -0.7, -0.1)_(0.5, 0.6, -0.5, 0.2)_0.9825718_System.String[];HandRight_(-0.3, -0.4, -0.2)_(0.6, 0.4, 0.4, -0.6)_1.012537_System.String[];HandRight_(0.5, -0.7, -0.1)_(-0.4, -0.6, -0.5, 0.5)_0.9825718_System.String[];31.5142;0.0963;-0.0147;8.9664;-10.6453;1.2071;1.1171;-45.3154;41.6378;356.6183;355.8698;304.4908;92.9549;354.0119;3.7282
0.0001;0.0608;False;False;8.8659;-10.6446;0.0257;0.0287;-45.0487;41.2606;0.0088;359.8307;266.9587;86.7435;359.7025;359.4921;4.1779;-0.0214;0.0089;-0.0448;0.2457;-2.1759;172425;71.7748;Infinity;2396.50;8.8591;-10.4407;1.1758;1.5101;-45.2949;41.9775;355.1465;352.4282;314.3757;93.0726;354.2927;358.6599;LeftFalse_RightFalse;LeftFalse_RightTrue;HandLeft_(-0.4, -0.3, -0.1)_(-0.4, -0.4, 0.8, 0.1)_1.012537_System.String[];HandLeft_(0.2, -0.7, -0.1)_(0.5, 0.6, -0.5, 0.2)_0.9825718_System.String[];HandRight_(-0.3, -0.4, -0.2)_(0.6, 0.4, 0.4, -0.6)_1.012537_System.String[];HandRight_(0.5, -0.7, -0.1)_(-0.3, -0.6, -0.5, 0.6)_0.9825718_System.String[];31.5559;0.0979;-0.0145;8.8752;-10.4715;1.2058;1.1179;-45.3165;41.6477;356.6683;355.6786;304.7750;93.1528;353.8979;3.6892
0.0000;0.0443;False;False;8.7747;-10.4697;0.0250;0.0290;-45.0503;41.2710;359.9863;359.8376;267.0997;86.6999;359.7076;359.4857;4.1490;-0.0130;0.0086;-0.0374;0.2463;-2.1574;172428;71.5469;Infinity;2396.54;8.7677;-10.2659;1.1750;1.5105;-45.2967;41.9879;355.1234;352.4367;314.5175;93.0288;354.2774;358.6548;LeftFalse_RightFalse;LeftFalse_RightTrue;HandLeft_(-0.4, -0.3, -0.1)_(-0.4, -0.3, 0.8, 0.1)_1.012537_System.String[];HandLeft_(0.2, -0.7, -0.1)_(0.5, 0.6, -0.5, 0.2)_0.9825718_System.String[];HandRight_(-0.3, -0.4, -0.2)_(0.6, 0.4, 0.4, -0.6)_1.012537_System.String[];HandRight_(0.5, -0.7, -0.1)_(-0.2, -0.6, -0.5, 0.6)_0.9825718_System.String[];31.5981;0.0997;-0.0115;8.7836;-10.2974;1.2050;1.1183;-45.3171;41.6575;356.8086;355.6250;305.0866;93.3147;353.7712;3.5260
0.0000;0.0323;False;False;8.6853;-10.2978;0.0247;0.0294;-45.0516;41.2812;359.9743;359.8420;267.2404;86.6616;359.7111;359.4791;4.1183;-0.0079;0.0083;-0.0302;0.2449;-2.1392;172431;71.78296;Infinity;2396.58;8.6774;-10.0933;1.1745;1.5109;-45.2981;41.9983;355.1106;352.4425;314.6591;92.9892;354.2690;358.6487;LeftFalse_RightFalse;LeftFalse_RightTrue;HandLeft_(-0.4, -0.3, -0.1)_(-0.4, -0.3, 0.8, 0.1)_1.012537_System.String[];HandLeft_(0.2, -0.7, -0.1)_(0.5, 0.6, -0.6, 0.1)_0.9825718_System.String[];HandRight_(-0.3, -0.4, -0.2)_(0.6, 0.4, 0.4, -0.6)_1.012537_System.String[];HandRight_(0.5, -0.7, -0.1)_(-0.2, -0.5, -0.5, 0.6)_0.9825718_System.String[];31.6396;0.1013;-0.0062;8.6932;-10.1254;1.2045;1.1184;-45.3176;41.6671;356.9011;355.6200;305.4138;93.5333;353.6608;3.2942
0.0000;-0.1431;False;False;8.5967;-10.1274;0.0245;0.0300;-45.0527;41.2913;359.9683;359.8545;267.3822;86.6326;359.7117;359.4792;4.0533;-0.0023;0.3067;-0.0200;0.2405;-2.1120;172434;71.88448;Infinity;2396.62;8.5881;-9.9227;1.1743;1.5113;-45.2991;42.0084;355.1042;352.4459;314.8009;92.9573;354.2643;358.6438;LeftFalse_RightFalse;LeftFalse_RightTrue;HandLeft_(-0.4, -0.3, -0.1)_(-0.3, -0.3, 0.9, 0.2)_1.012537_System.String[];HandLeft_(0.2, -0.7, -0.1)_(0.5, 0.6, -0.5, 0.1)_0.9825718_System.String[];HandRight_(-0.3, -0.4, -0.2)_(0.6, 0.4, 0.4, -0.6)_1.012537_System.String[];HandRight_(0.5, -0.7, -0.1)_(-0.1, -0.4, -0.6, 0.7)_0.9825718_System.String[];31.6814;0.1023;0.0021;8.6036;-9.9552;1.2042;1.1187;-45.3177;41.6765;357.0307;355.5562;305.7653;93.8603;353.6208;3.0893
0.0000;-0.2050;False;False;8.5081;-9.9605;0.0244;0.0408;-45.0534;41.3005;359.9662;0.2581;267.5259;86.6142;359.7109;359.5895;3.9570;-0.0004;-0.0810;-0.0138;0.2294;-2.0941;172437;71.58055;Infinity;2396.66;8.4990;-9.7470;1.1742;1.5170;-45.2999;42.0207;355.1024;352.7521;314.9442;92.9185;354.2617;358.7694;LeftFalse_RightFalse;LeftFalse_RightTrue;HandLeft_(-0.4, -0.3, -0.1)_(-0.3, -0.3, 0.9, 0.1)_1.012537_System.String[];HandLeft_(0.2, -0.7, -0.1)_(0.6, 0.6, -0.5, 0.1)_0.9825718_System.String[];HandRight_(-0.3, -0.4, -0.2)_(0.6, 0.4, 0.4, -0.6)_1.012537_System.String[];HandRight_(0.5, -0.7, -0.1)_(0.0, -0.4, -0.6, 0.7)_0.9825718_System.String[];31.7234;0.1027;0.0109;8.5144;-9.7820;1.2038;1.1255;-45.3177;41.6871;357.1416;355.6612;306.1501;94.2248;353.6032;3.1192
0.0000;-0.2018;False;False;8.4211;-9.7964;0.0244;0.0377;-45.0539;41.3101;359.9666;0.1341;267.6680;86.6180;359.7092;359.5358;3.8546;0.0008;-0.0585;-0.0081;0.2100;-2.0763;172440;71.78671;Infinity;2396.71;8.4108;-9.5813;1.1741;1.5177;-45.3003;42.0300;355.1032;352.7623;315.0871;92.9167;354.2604;358.7545;LeftFalse_RightFalse;LeftFalse_RightTrue;HandLeft_(-0.4, -0.3, -0.1)_(-0.3, -0.3, 0.9, 0.2)_1.012537_System.String[];HandLeft_(0.2, -0.7, -0.1)_(0.6, 0.6, -0.5, 0.1)_0.9825718_System.String[];HandRight_(-0.3, -0.4, -0.2)_(0.6, 0.4, 0.4, -0.6)_1.012537_System.String[];HandRight_(0.5, -0.7, -0.1)_(0.1, -0.4, -0.6, 0.7)_0.9825718_System.String[];31.7651;0.1027;0.0203;8.4260;-9.6170;1.2035;1.1262;-45.3174;41.6955;357.2453;355.4461;306.5072;94.6278;353.6093;3.0583
0.0000;-0.2210;False;False;8.3343;-9.6358;0.0244;0.0356;-45.0542;41.3189;359.9682;0.0561;267.8105;86.6419;359.7068;359.5041;3.7535;0.0014;-0.0406;-0.0028;0.1923;-2.0586;172443;71.62901;Infinity;2396.75;8.3231;-9.4214;1.1742;1.5162;-45.3005;42.0379;355.1057;352.6747;315.2297;92.9397;354.2599;358.7065;LeftFalse_RightFalse;LeftFalse_RightTrue;HandLeft_(-0.4, -0.3, -0.1)_(-0.3, -0.3, 0.9, 0.2)_1.012537_System.String[];HandLeft_(0.2, -0.7, -0.1)_(0.6, 0.6, -0.5, 0.1)_0.9825718_System.String[];HandRight_(-0.3, -0.4, -0.2)_(0.6, 0.4, 0.4, -0.6)_1.012537_System.String[];HandRight_(0.5, -0.7, -0.2)_(0.1, -0.4, -0.6, 0.7)_0.9825718_System.String[];31.8071;0.1027;0.0289;8.3381;-9.4575;1.2034;1.1244;-45.3170;41.7024;357.3447;355.2674;306.8656;94.9924;353.6201;2.9474
0.0000;-0.3068;False;False;8.2485;-9.4806;0.0245;0.0342;-45.0542;41.3267;359.9704;0.0117;267.9513;86.6850;359.7042;359.4868;3.6416;0.0019;-0.0254;0.0022;0.1756;-2.0411;172446;71.71714;Infinity;2396.79;8.2364;-9.2653;1.1743;1.5151;-45.3005;42.0452;355.1092;352.6225;315.3711;92.9802;354.2597;358.6784;LeftFalse_RightFalse;LeftFalse_RightTrue;HandLeft_(-0.4, -0.3, -0.1)_(-0.3, -0.3, 0.9, 0.2)_1.012537_System.String[];HandLeft_(0.2, -0.7, -0.2)_(0.6, 0.6, -0.5, 0.1)_0.9825718_System.String[];HandRight_(-0.3, -0.4, -0.2)_(0.5, 0.4, 0.4, -0.6)_1.012537_System.String[];HandRight_(0.5, -0.7, -0.2)_(0.1, -0.4, -0.6, 0.7)_0.9825718_System.String[];31.8489;0.1027;0.0371;8.2513;-9.3022;1.2034;1.1228;-45.3167;41.7087;357.4564;355.2632;307.2211;95.3814;353.6181;2.7798
0.0000;-0.4793;False;False;8.1639;-9.3316;0.0246;0.0333;-45.0541;41.3337;359.9722;-0.0041;268.0907;86.7462;359.7025;359.4823;3.4930;0.0021;-0.0142;0.0071;0.1565;-2.0236;172449;71.85892;Infinity;2396.83;8.1508;-9.1141;1.1743;1.5144;-45.3003;42.0520;355.1119;352.5987;315.5108;93.0366;354.2598;358.6678;LeftFalse_RightFalse;LeftFalse_RightTrue;HandLeft_(-0.4, -0.3, -0.1)_(-0.3, -0.3, 0.9, 0.2)_1.012537_System.String[];HandLeft_(0.2, -0.7, -0.2)_(0.6, 0.6, -0.4, 0.1)_0.9825718_System.String[];HandRight_(-0.3, -0.4, -0.2)_(0.5, 0.4, 0.4, -0.6)_1.012537_System.String[];HandRight_(0.5, -0.7, -0.2)_(0.1, -0.4, -0.6, 0.7)_0.9825718_System.String[];31.8906;0.1028;0.0473;8.1656;-9.1519;1.2035;1.1216;-45.3162;41.7144;357.5444;355.2920;307.5379;95.7565;353.6391;2.6240
0.0000;-0.5433;False;False;8.0799;-9.1903;0.0247;0.0329;-45.0537;41.3398;359.9735;0.0040;268.2290;86.8249;359.7014;359.4833;3.2961;0.0021;-0.0061;0.0118;0.1344;-2.0062;172452;71.92356;Infinity;2396.87;8.0660;-8.9690;1.1744;1.5138;-45.2998;42.0580;355.1138;352.5992;315.6495;93.1095;354.2600;358.6674;LeftFalse_RightFalse;LeftFalse_RightTrue;HandLeft_(-0.4, -0.3, -0.1)_(-0.3, -0.3, 0.9, 0.2)_1.012537_System.String[];HandLeft_(0.2, -0.7, -0.2)_(0.6, 0.6, -0.4, 0.1)_0.9825718_System.String[];HandRight_(-0.3, -0.4, -0.2)_(0.5, 0.4, 0.4, -0.6)_1.012537_System.String[];HandRight_(0.5, -0.7, -0.1)_(0.1, -0.5, -0.6, 0.7)_0.9825718_System.String[];31.9324;0.1028;0.0581;8.0807;-9.0079;1.2035;1.1208;-45.3156;41.7193;357.5772;355.2689;307.8458;96.1055;353.6935;2.4796
0.0000;-0.5169;False;False;7.9962;-9.0571;0.0248;0.0327;-45.0531;41.3448;359.9743;0.0261;268.3671;86.9213;359.7005;359.4898;3.0896;0.0019;-0.0041;0.0163;0.1114;-1.9890;172455;71.77502;Infinity;2396.91;7.9814;-8.8311;1.1745;1.5134;-45.2992;42.0632;355.1152;352.6181;315.7880;93.1991;354.2601;358.6752;LeftFalse_RightFalse;LeftFalse_RightTrue;HandLeft_(-0.4, -0.3, -0.1)_(-0.3, -0.3, 0.9, 0.2)_1.012537_System.String[];HandLeft_(0.2, -0.7, -0.2)_(0.7, 0.6, -0.4, 0.0)_0.9825718_System.String[];HandRight_(-0.3, -0.4, -0.2)_(0.5, 0.4, 0.4, -0.6)_1.012537_System.String[];HandRight_(0.5, -0.7, -0.1)_(0.1, -0.5, -0.6, 0.7)_0.9825718_System.String[];31.9741;0.1028;0.0687;7.9960;-8.8719;1.2036;1.1202;-45.3149;41.7232;357.5919;355.3390;308.1818;96.5613;353.7341;2.2519
0.0000;-0.5254;False;False;7.9126;-8.9318;0.0248;0.0326;-45.0523;41.3489;359.9747;0.0522;268.5050;87.0337;359.6997;359.4951;2.8912;0.0017;-0.0018;0.0208;0.0899;-1.9720;172458;71.43974;Infinity;2396.96;7.8970;-8.7013;1.1746;1.5131;-45.2983;42.0672;355.1162;352.6425;315.9261;93.3061;354.2599;358.6833;LeftFalse_RightFalse;LeftFalse_RightTrue;HandLeft_(-0.4, -0.3, -0.1)_(-0.3, -0.3, 0.9, 0.2)_1.012537_System.String[];HandLeft_(0.2, -0.6, -0.2)_(0.7, 0.6, -0.4, 0.1)_0.9825718_System.String[];HandRight_(-0.3, -0.4, -0.2)_(0.5, 0.4, 0.4, -0.6)_1.012537_System.String[];HandRight_(0.5, -0.7, -0.1)_(0.1, -0.5, -0.5, 0.7)_0.9825718_System.String[];32.0164;0.1028;0.0787;7.9116;-8.7445;1.2037;1.1196;-45.3140;41.7258;357.5933;355.3600;308.5373;97.1500;353.7740;2.0335
0.0000;-0.5260;False;False;7.8309;-8.8171;0.0249;0.0326;-45.0513;41.3520;359.9747;0.0791;268.6398;87.1563;359.6990;359.4999;2.6919;0.0015;-0.0003;0.0251;0.0690;-1.9550;172461;71.724;Infinity;2397.00;7.8144;-8.5813;1.1747;1.5128;-45.2973;42.0702;355.1167;352.6686;316.0615;93.4244;354.2595;358.6913;LeftFalse_RightFalse;LeftFalse_RightTrue;HandLeft_(-0.4, -0.3, -0.1)_(-0.3, -0.3, 0.9, 0.2)_1.012537_System.String[];HandLeft_(0.2, -0.6, -0.2)_(0.7, 0.6, -0.4, 0.1)_0.9825718_System.String[];HandRight_(-0.3, -0.4, -0.2)_(0.5, 0.4, 0.4, -0.6)_1.012537_System.String[];HandRight_(0.5, -0.7, -0.1)_(0.1, -0.5, -0.5, 0.7)_0.9825718_System.String[];32.0581;0.1031;0.0880;7.8291;-8.6272;1.2037;1.1194;-45.3128;41.7273;357.6068;355.1401;308.9072;97.8696;353.7637;1.8211
0.0000;-0.5263;False;False;7.7495;-8.7107;0.0259;0.0326;-45.0498;41.3543;359.9330;0.1050;268.7747;87.2877;359.7803;359.5040;2.4939;0.0511;0.0006;0.0201;0.0496;-1.9379;172464;71.78844;Infinity;2397.04;7.7328;-8.4701;1.1749;1.5126;-45.2964;42.0723;355.0924;352.6943;316.1953;93.5522;354.2659;358.6986;LeftFalse_RightFalse;LeftFalse_RightTrue;HandLeft_(-0.4, -0.3, -0.1)_(-0.3, -0.3, 0.9, 0.2)_1.012537_System.String[];HandLeft_(0.2, -0.6, -0.2)_(0.7, 0.6, -0.4, 0.0)_0.9825718_System.String[];HandRight_(-0.3, -0.4, -0.2)_(0.5, 0.4, 0.4, -0.6)_1.012537_System.String[];HandRight_(0.5, -0.7, -0.1)_(0.1, -0.5, -0.5, 0.7)_0.9825718_System.String[];32.0999;0.1031;0.0961;7.7477;-8.5188;1.2039;1.1192;-45.3118;41.7278;357.6043;354.8466;309.2805;98.7259;353.7868;1.6140
0.0000;-0.5266;False;False;7.6684;-8.6129;0.0285;0.0327;-45.0487;41.3558;359.8231;0.1285;268.9085;87.4243;359.8018;359.5066;2.1998;0.0670;0.0013;0.0364;0.0249;-1.9127;172467;71.8213;Infinity;2397.08;7.6527;-8.3669;1.1767;1.5125;-45.2969;42.0735;354.9508;352.7182;316.3300;93.6870;354.2715;358.7044;LeftFalse_RightFalse;LeftFalse_RightTrue;HandLeft_(-0.4, -0.3, -0.1)_(-0.3, -0.3, 0.9, 0.2)_1.012537_System.String[];HandLeft_(0.2, -0.6, -0.2)_(0.7, 0.6, -0.4, 0.0)_0.9825718_System.String[];HandRight_(-0.3, -0.4, -0.2)_(0.5, 0.4, 0.4, -0.6)_1.012537_System.String[];HandRight_(0.5, -0.7, -0.1)_(0.0, -0.6, -0.5, 0.7)_0.9825718_System.String[];32.1416;0.1031;0.1043;7.6678;-8.4186;1.2056;1.1194;-45.3122;41.7274;357.4644;354.6157;309.6731;99.6185;353.8637;1.5123
0.0000;-0.5268;False;False;7.5883;-8.5238;0.0310;0.0327;-45.0474;41.3567;359.7202;0.1485;269.0394;87.5612;359.7480;359.5064;2.0055;0.0424;0.0020;0.0441;0.0110;-1.8964;172470;71.89336;Infinity;2397.12;7.5741;-8.2728;1.1800;1.5124;-45.2944;42.0739;354.9177;352.7393;316.4731;93.8234;354.1365;358.7078;LeftFalse_RightFalse;LeftFalse_RightTrue;HandLeft_(-0.4, -0.3, -0.1)_(-0.3, -0.3, 0.9, 0.2)_1.012537_System.String[];HandLeft_(0.2, -0.6, -0.2)_(0.8, 0.5, -0.4, 0.0)_0.9825718_System.String[];HandRight_(-0.3, -0.4, -0.2)_(0.5, 0.4, 0.4, -0.6)_1.012537_System.String[];HandRight_(0.5, -0.7, -0.1)_(0.0, -0.6, -0.5, 0.7)_0.9825718_System.String[];32.1833;0.1039;0.1129;7.5895;-8.3272;1.2088;1.1195;-45.3094;41.7265;357.3914;354.4334;310.1117;100.5229;353.7949;1.4430
0.0000;-0.5308;False;False;7.5078;-8.4418;0.0325;0.0328;-45.0457;41.3569;359.6578;0.1652;269.1721;87.6986;359.7168;359.5037;1.8128;0.0256;0.0021;0.0484;-0.0010;-1.8802;172473;71.30328;Infinity;2397.17;7.4947;-8.1862;1.1820;1.5124;-45.2919;42.0737;354.8949;352.7572;316.6121;93.9608;354.0558;358.7076;LeftFalse_RightFalse;LeftFalse_RightTrue;HandLeft_(-0.4, -0.3, -0.1)_(-0.3, -0.3, 0.9, 0.2)_1.012537_System.String[];HandLeft_(0.2, -0.6, -0.2)_(0.8, 0.5, -0.3, -0.1)_0.9825718_System.String[];HandRight_(-0.3, -0.4, -0.2)_(0.5, 0.4, 0.4, -0.6)_1.012537_System.String[];HandRight_(0.5, -0.7, -0.1)_(0.0, -0.6, -0.5, 0.7)_0.9825718_System.String[];32.2256;0.1055;0.1216;7.5104;-8.2434;1.2108;1.1198;-45.3066;41.7251;357.3217;354.2184;310.6574;101.4276;353.7809;1.3846
0.0000;-0.5349;False;False;7.4289;-8.3691;0.0334;0.0329;-45.0437;41.3567;359.6238;0.1787;269.3042;87.8313;359.6985;359.4996;1.6191;0.0142;0.0020;0.0522;-0.0111;-1.8640;172476;71.36042;Infinity;2397.21;7.4155;-8.1082;1.1832;1.5125;-45.2895;42.0729;354.8824;352.7720;316.7484;94.0957;354.0095;358.7055;LeftFalse_RightFalse;LeftFalse_RightTrue;HandLeft_(-0.4, -0.3, -0.1)_(-0.3, -0.3, 0.9, 0.2)_1.012537_System.String[];HandLeft_(0.2, -0.6, -0.2)_(0.8, 0.5, -0.3, -0.1)_0.9825718_System.String[];HandRight_(-0.3, -0.4, -0.2)_(0.5, 0.4, 0.4, -0.6)_1.012537_System.String[];HandRight_(0.5, -0.7, -0.1)_(0.0, -0.6, -0.5, 0.7)_0.9825718_System.String[];32.2676;0.1083;0.1311;7.4318;-8.1679;1.2119;1.1201;-45.3035;41.7235;357.2254;353.9657;311.4604;102.2328;353.7954;1.3908
0.0000;-0.5388;False;False;7.3505;-8.3047;0.0338;0.0330;-45.0415;41.3562;359.6076;0.1898;269.4379;87.9583;359.6873;359.4942;1.4264;0.0068;0.0018;0.0565;-0.0188;-1.8479;172479;71.29279;Infinity;2397.25;7.3367;-8.0390;1.1838;1.5126;-45.2870;42.0717;354.8777;352.7844;316.8836;94.2256;353.9847;358.7018;LeftFalse_RightFalse;LeftFalse_RightTrue;HandLeft_(-0.4, -0.3, -0.1)_(-0.4, -0.3, 0.9, 0.2)_1.012537_System.String[];HandLeft_(0.2, -0.6, -0.2)_(0.8, 0.5, -0.4, -0.1)_0.9825718_System.String[];HandRight_(-0.3, -0.4, -0.2)_(0.5, 0.4, 0.4, -0.6)_1.012537_System.String[];HandRight_(0.5, -0.7, -0.1)_(0.0, -0.6, -0.5, 0.7)_0.9825718_System.String[];32.3098;0.1125;0.1416;7.3540;-8.1007;1.2124;1.1203;-45.2999;41.7217;357.1587;353.7526;312.5667;102.9155;353.7846;1.4201
0.0000;-0.5428;False;False;7.2732;-8.2488;0.0340;0.0331;-45.0390;41.3553;359.6028;0.1989;269.5741;88.0775;359.6811;359.4880;1.2340;0.0025;0.0016;0.0619;-0.0247;-1.8318;172482;71.39367;Infinity;2397.29;7.2584;-7.9783;1.1841;1.5127;-45.2843;42.0702;354.8781;352.7947;317.0200;94.3485;353.9733;358.6970;LeftFalse_RightFalse;LeftFalse_RightTrue;HandLeft_(-0.4, -0.3, -0.1)_(-0.4, -0.3, 0.9, 0.2)_1.012537_System.String[];HandLeft_(0.2, -0.6, -0.2)_(0.7, 0.4, -0.5, -0.2)_0.9825718_System.String[];HandRight_(-0.3, -0.4, -0.2)_(0.5, 0.4, 0.4, -0.6)_1.012537_System.String[];HandRight_(0.5, -0.7, -0.1)_(0.0, -0.6, -0.5, 0.7)_0.9825718_System.String[];32.3518;0.1181;0.1523;7.2771;-8.0416;1.2125;1.1205;-45.2953;41.7196;357.0468;353.6271;314.3896;103.5338;353.7500;1.4695
0.0000;-0.5428;False;False;7.1966;-8.2015;0.0341;0.0331;-45.0363;41.3542;359.6053;0.2063;269.7149;88.1869;359.6792;359.4812;1.0426;-0.0001;0.0013;0.0684;-0.0280;-1.8156;172485;71.44537;Infinity;2397.33;7.1810;-7.9265;1.1842;1.5128;-45.2815;42.0684;354.8806;352.8033;317.1591;94.4622;353.9717;358.6912;LeftFalse_RightFalse;LeftFalse_RightTrue;HandLeft_(-0.4, -0.3, -0.1)_(-0.4, -0.3, 0.8, 0.2)_1.012537_System.String[];HandLeft_(0.2, -0.6, -0.2)_(0.7, 0.4, -0.5, -0.2)_0.9825718_System.String[];HandRight_(-0.3, -0.5, -0.2)_(0.5, 0.4, 0.5, -0.6)_1.012537_System.String[];HandRight_(0.5, -0.7, -0.1)_(-0.1, -0.6, -0.5, 0.7)_0.9825718_System.String[];32.3938;0.1247;0.1623;7.2017;-7.9911;1.2123;1.1206;-45.2899;41.7173;356.9637;353.6465;316.8086;104.1821;353.8882;1.5678
0.0000;-0.5429;False;False;7.1213;-8.1628;0.0340;0.0332;-45.0332;41.3531;359.6117;0.2121;269.8604;88.2827;359.6794;359.4736;0.8530;-0.0015;0.0011;0.0752;-0.0283;-1.7995;172488;71.68311;Infinity;2397.38;7.1048;-7.8838;1.1842;1.5129;-45.2785;42.0666;354.8845;352.8104;317.3023;94.5636;353.9755;358.6846;LeftFalse_RightFalse;LeftFalse_RightTrue;HandLeft_(-0.4, -0.3, -0.1)_(-0.4, -0.2, 0.8, 0.3)_1.012537_System.String[];HandLeft_(0.2, -0.6, -0.2)_(0.7, 0.3, -0.6, -0.2)_0.9825718_System.String[];HandRight_(-0.4, -0.6, -0.3)_(0.4, 0.5, 0.4, -0.6)_1.012537_System.String[];HandRight_(0.5, -0.7, -0.1)_(-0.1, -0.6, -0.5, 0.7)_0.9825718_System.String[];32.4355;0.1323;0.1717;7.1277;-7.9493;1.2119;1.1207;-45.2842;41.7150;357.0424;353.7830;319.4412;104.8484;354.1576;1.6961
0.0054;-0.5351;False;False;7.0460;-8.1321;0.0339;0.0332;-45.0298;41.3520;359.6201;0.2167;270.0138;88.3636;359.6810;359.4653;0.6651;-0.0022;0.0009;0.0832;-0.0265;-1.7833;172491;71.49654;Infinity;2397.42;7.0287;-7.8492;1.1841;1.5130;-45.2751;42.0648;354.8890;352.8162;317.4526;94.6505;353.9822;358.6770;LeftFalse_RightFalse;LeftFalse_RightTrue;HandLeft_(-0.4, -0.3, -0.1)_(-0.4, -0.2, 0.8, 0.3)_1.012537_System.String[];HandLeft_(0.2, -0.6, -0.2)_(0.7, 0.4, -0.5, -0.2)_0.9825718_System.String[];HandRight_(-0.4, -0.6, -0.3)_(0.4, 0.5, 0.4, -0.6)_1.012537_System.String[];HandRight_(0.5, -0.7, -0.1)_(-0.1, -0.6, -0.4, 0.7)_0.9825718_System.String[];32.4778;0.1405;0.1815;7.0532;-7.9156;1.2116;1.1208;-45.2779;41.7126;357.2672;353.8540;321.8514;105.5115;354.4891;1.7612
0.0221;-0.5351;False;False;6.9705;-8.1092;0.0338;0.0332;-45.0260;41.3510;359.6291;0.2201;270.1776;88.4269;359.6834;359.4563;0.4812;-0.0024;0.0008;0.0919;-0.0229;-1.7680;172494;70.86901;Infinity;2397.46;6.9525;-7.8230;1.1840;1.5131;-45.2714;42.0632;354.8934;352.8209;317.6119;94.7206;353.9903;358.6687;LeftFalse_RightFalse;LeftFalse_RightTrue;HandLeft_(-0.4, -0.3, -0.1)_(-0.4, -0.3, 0.8, 0.3)_1.012537_System.String[];HandLeft_(0.2, -0.6, -0.2)_(0.8, 0.4, -0.5, -0.3)_0.9825718_System.String[];HandRight_(-0.4, -0.6, -0.3)_(0.4, 0.5, 0.4, -0.6)_1.012537_System.String[];HandRight_(0.5, -0.7, -0.1)_(-0.1, -0.6, -0.4, 0.7)_0.9825718_System.String[];32.5203;0.1489;0.1924;6.9782;-7.8899;1.2111;1.1208;-45.2716;41.7107;357.4557;353.8682;323.8008;106.2700;354.7031;1.8345
0.0454;-0.5273;False;False;6.8967;-8.0949;0.0337;0.0333;-45.0218;41.3503;359.6377;0.2222;270.3482;88.4685;359.6863;359.4474;0.2096;-0.0022;0.0006;0.1058;-0.0137;-1.7486;172497;71.12403;Infinity;2397.50;6.8772;-7.8052;1.1839;1.5132;-45.2672;42.0619;354.8972;352.8245;317.7797;94.7707;353.9987;358.6599;LeftFalse_RightFalse;LeftFalse_RightTrue;HandLeft_(-0.4, -0.3, -0.1)_(-0.4, -0.3, 0.8, 0.3)_1.012537_System.String[];HandLeft_(0.2, -0.6, -0.2)_(0.8, 0.4, -0.4, -0.3)_0.9825718_System.String[];HandRight_(-0.4, -0.6, -0.3)_(0.4, 0.5, 0.4, -0.6)_1.012537_System.String[];HandRight_(0.5, -0.8, -0.1)_(-0.1, -0.6, -0.4, 0.7)_0.9825718_System.String[];32.5623;0.1575;0.2047;6.9035;-7.8726;1.2105;1.1209;-45.2653;41.7089;357.7048;353.8407;325.2093;107.1383;354.8244;1.9552
0.0706;-0.5195;False;False;6.8240;-8.0873;0.0336;0.0333;-45.0172;41.3498;359.6453;0.2193;270.5256;88.4881;359.6891;359.4391;0.0037;-0.0023;0.0003;0.1155;0.0060;-1.7390;172500;71.56804;Infinity;2397.54;6.8033;-7.7952;1.1838;1.5134;-45.2627;42.0610;354.9005;352.8243;317.9539;94.7992;354.0065;358.6518;LeftFalse_RightFalse;LeftFalse_RightTrue;HandLeft_(-0.4, -0.3, -0.1)_(-0.4, -0.3, 0.8, 0.3)_1.012537_System.String[];HandLeft_(0.3, -0.6, -0.2)_(0.8, 0.4, -0.4, -0.3)_0.9825718_System.String[];HandRight_(-0.4, -0.6, -0.3)_(0.4, 0.5, 0.4, -0.6)_1.012537_System.String[];HandRight_(0.4, -0.7, -0.1)_(-0.3, -0.5, -0.5, 0.6)_0.9825718_System.String[];32.6040;0.1653;0.2177;6.8297;-7.8628;1.2100;1.1210;-45.2589;41.7075;357.9427;353.8600;326.1356;108.0653;354.9287;2.0994
0.0983;-0.5078;False;False;6.7515;-8.0873;0.0335;0.0333;-45.0122;41.3500;359.6507;0.2186;270.7123;88.4873;359.6914;359.4288;-0.0011;-0.0028;0.0002;0.1257;-0.0019;-1.7325;172503;71.70285;Infinity;2397.59;6.7298;-7.7931;1.1837;1.5135;-45.2578;42.0607;354.9031;352.8278;318.1372;94.8040;354.0127;358.6393;LeftFalse_RightFalse;LeftFalse_RightTrue;HandLeft_(-0.4, -0.3, -0.1)_(-0.4, -0.3, 0.8, 0.3)_1.012537_System.String[];HandLeft_(0.3, -0.6, -0.2)_(0.8, 0.4, -0.4, -0.3)_0.9825718_System.String[];HandRight_(-0.4, -0.6, -0.3)_(0.4, 0.5, 0.4, -0.6)_1.012537_System.String[];HandRight_(0.5, -0.7, -0.1)_(-0.3, -0.5, -0.5, 0.6)_0.9825718_System.String[];32.6458;0.1737;0.2305;6.7560;-7.8608;1.2094;1.1211;-45.2525;41.7068;358.1590;353.9396;326.7084;109.0226;355.0233;2.3094
0.1267;-0.5000;False;False;6.6794;-8.0872;0.0334;0.0333;-45.0068;41.3500;359.6540;0.1950;270.9086;88.4875;359.6943;359.4278;-0.0018;-0.0029;-0.0002;0.1366;-0.0001;-1.7291;172506;71.82866;Infinity;2397.63;6.6567;-7.7935;1.1835;1.5137;-45.2524;42.0606;354.9037;352.8096;318.3295;94.8047;354.0175;358.6356;LeftFalse_RightFalse;LeftFalse_RightTrue;HandLeft_(-0.4, -0.3, -0.1)_(-0.4, -0.3, 0.8, 0.3)_1.012537_System.String[];HandLeft_(0.3, -0.6, -0.2)_(0.8, 0.4, -0.4, -0.3)_0.9825718_System.String[];HandRight_(-0.4, -0.6, -0.3)_(0.4, 0.5, 0.4, -0.6)_1.012537_System.String[];HandRight_(0.5, -0.8, -0.1)_(-0.4, -0.5, -0.4, 0.6)_0.9825718_System.String[];32.6875;0.1825;0.2416;6.6827;-7.8612;1.2088;1.1211;-45.2458;41.7062;358.3405;353.9940;327.2738;110.0324;354.9820;2.5600
0.1501;-0.4841;False;False;6.6070;-8.0871;0.0333;0.0333;-45.0008;41.3500;359.6556;0.1626;271.1158;88.4878;359.6973;359.4287;-0.0020;-0.0029;-0.0006;0.1478;0.0000;-1.7281;172509;71.7594;Infinity;2397.67;6.5833;-7.7942;1.1834;1.5138;-45.2465;42.0606;354.9030;352.7794;318.5331;94.8053;354.0211;358.6324;LeftFalse_RightFalse;LeftFalse_RightTrue;HandLeft_(-0.4, -0.3, -0.1)_(-0.4, -0.3, 0.8, 0.3)_1.012537_System.String[];HandLeft_(0.3, -0.6, -0.2)_(0.8, 0.4, -0.3, -0.3)_0.9825718_System.String[];HandRight_(-0.4, -0.6, -0.3)_(0.4, 0.5, 0.4, -0.6)_1.012537_System.String[];HandRight_(0.4, -0.8, -0.1)_(-0.4, -0.5, -0.4, 0.6)_0.9825718_System.String[];32.7292;0.1915;0.2498;6.6092;-7.8617;1.2083;1.1212;-45.2386;41.7057;358.5212;354.0606;327.9127;111.1175;355.0808;2.8122
0.1675;-0.4325;False;False;6.5349;-8.0869;0.0332;0.0333;-44.9944;41.3499;359.6560;0.1278;271.3329;88.4881;359.7003;359.4307;-0.0021;-0.0028;-0.0008;0.1599;0.0001;-1.7294;172512;71.83604;Infinity;2397.71;6.5104;-7.7949;1.1833;1.5139;-45.2401;42.0606;354.9013;352.7450;318.7459;94.8058;354.0238;358.6304;LeftFalse_RightFalse;LeftFalse_RightTrue;HandLeft_(-0.4, -0.3, -0.1)_(-0.4, -0.3, 0.8, 0.3)_1.012537_System.String[];HandLeft_(0.3, -0.6, -0.2)_(0.8, 0.3, -0.3, -0.3)_0.9825718_System.String[];HandRight_(-0.4, -0.6, -0.3)_(0.4, 0.5, 0.4, -0.6)_1.012537_System.String[];HandRight_(0.4, -0.8, -0.1)_(-0.5, -0.5, -0.4, 0.6)_0.9825718_System.String[];32.7710;0.2007;0.2526;6.5360;-7.8621;1.2080;1.1214;-45.2312;41.7050;358.6491;354.0973;328.5304;112.1057;355.1948;2.9604
0.1813;-0.3055;False;False;6.4628;-8.0868;0.0331;0.0332;-44.9874;41.3499;359.6555;0.0941;271.5614;88.4884;359.7035;359.4329;-0.0019;-0.0027;-0.0010;0.1727;0.0001;-1.7324;172515;71.92133;Infinity;2397.75;6.4373;-7.7957;1.1831;1.5141;-45.2332;42.0607;354.8988;352.7105;318.9705;94.8063;354.0257;358.6288;LeftFalse_RightFalse;LeftFalse_RightTrue;HandLeft_(-0.4, -0.3, -0.1)_(-0.4, -0.3, 0.8, 0.3)_1.012537_System.String[];HandLeft_(0.3, -0.6, -0.2)_(0.8, 0.3, -0.3, -0.4)_0.9825718_System.String[];HandRight_(-0.4, -0.6, -0.3)_(0.4, 0.5, 0.4, -0.6)_1.012537_System.String[];HandRight_(0.4, -0.8, -0.1)_(-0.5, -0.4, -0.4, 0.6)_0.9825718_System.String[];32.8127;0.2097;0.2526;6.4625;-7.8621;1.2075;1.1215;-45.2235;41.7043;358.6954;354.1217;329.0812;112.9979;355.3152;3.0255
0.1920;-0.1389;False;False;6.3904;-8.0867;0.0329;0.0332;-44.9799;41.3499;359.6545;0.0634;271.8019;88.4886;359.7066;359.4351;-0.0017;-0.0026;-0.0010;0.1852;0.0001;-1.7365;172518;71.89852;Infinity;2397.79;6.3639;-7.7964;1.1830;1.5142;-45.2257;42.0607;354.8958;352.6786;319.2072;94.8068;354.0273;358.6275;LeftFalse_RightFalse;LeftFalse_RightTrue;HandLeft_(-0.4, -0.3, -0.1)_(-0.4, -0.3, 0.8, 0.3)_1.012537_System.String[];HandLeft_(0.3, -0.6, -0.2)_(0.8, 0.3, -0.3, -0.4)_0.9825718_System.String[];HandRight_(-0.4, -0.6, -0.3)_(0.4, 0.5, 0.4, -0.6)_1.012537_System.String[];HandRight_(0.4, -0.8, -0.1)_(-0.5, -0.5, -0.4, 0.6)_0.9825718_System.String[];32.8545;0.2187;0.2525;6.3885;-7.8619;1.2071;1.1217;-45.2153;41.7037;358.7407;354.1396;329.4592;113.8906;355.4641;3.0813
0.2013;0.0000;False;False;6.3178;-8.0866;0.0328;0.0331;-44.9718;41.3499;359.6532;0.0368;272.0535;88.4889;359.7096;359.4371;-0.0015;-0.0026;-0.0010;0.1987;0.0001;-1.7416;172521;71.9403;Infinity;2397.84;6.2905;-7.7970;1.1829;1.5143;-45.2176;42.0607;354.8928;352.6506;319.4549;94.8071;354.0284;358.6264;LeftFalse_RightFalse;LeftFalse_RightTrue;HandLeft_(-0.4, -0.3, -0.1)_(-0.4, -0.3, 0.8, 0.3)_1.012537_System.String[];HandLeft_(0.3, -0.6, -0.2)_(0.8, 0.3, -0.3, -0.4)_0.9825718_System.String[];HandRight_(-0.4, -0.6, -0.3)_(0.4, 0.5, 0.4, -0.6)_1.012537_System.String[];HandRight_(0.5, -0.8, -0.1)_(-0.4, -0.4, -0.4, 0.7)_0.9825718_System.String[];32.8962;0.2283;0.2525;6.3142;-7.8612;1.2068;1.1219;-45.2067;41.7029;358.7325;354.1769;329.7186;114.9508;355.4892;3.1404
0.2080;0.0000;False;False;6.2451;-8.0866;0.0327;0.0331;-44.9631;41.3498;359.6518;0.0146;272.3174;88.4889;359.7128;359.4397;-0.0029;-0.0025;-0.0009;0.2131;-0.0021;-1.7473;172524;71.96725;Infinity;2397.88;6.2167;-7.7976;1.1828;1.5143;-45.2089;42.0607;354.8895;352.6268;319.7146;94.8068;354.0294;358.6262;LeftFalse_RightFalse;LeftFalse_RightTrue;HandLeft_(-0.4, -0.3, -0.1)_(-0.4, -0.3, 0.8, 0.3)_1.012537_System.String[];HandLeft_(0.3, -0.6, -0.2)_(0.8, 0.3, -0.3, -0.3)_0.9825718_System.String[];HandRight_(-0.4, -0.6, -0.3)_(0.4, 0.5, 0.4, -0.6)_1.012537_System.String[];HandRight_(0.5, -0.8, -0.1)_(-0.4, -0.4, -0.4, 0.7)_0.9825718_System.String[];32.9377;0.2381;0.2530;6.2398;-7.8604;1.2065;1.1220;-45.1976;41.7022;358.7739;354.3713;329.9193;116.0675;355.5469;3.2820
0.2122;0.0000;False;False;6.1720;-8.0866;0.0326;0.0331;-44.9537;41.3497;359.6505;-0.0038;272.5951;88.4904;359.7162;359.4418;-0.0012;-0.0025;-0.0008;0.2285;-0.0026;-1.7535;172527;71.95084;Infinity;2397.92;6.1426;-7.7980;1.1827;1.5144;-45.1996;42.0606;354.8862;352.6071;319.9878;94.8081;354.0307;358.6264;LeftFalse_RightFalse;LeftFalse_RightTrue;HandLeft_(-0.4, -0.2, -0.2)_(-0.5, -0.1, 0.8, 0.2)_1.012537_System.String[];HandLeft_(0.3, -0.6, -0.2)_(0.8, 0.3, -0.3, -0.3)_0.9825718_System.String[];HandRight_(-0.4, -0.6, -0.3)_(0.4, 0.5, 0.4, -0.6)_1.012537_System.String[];HandRight_(0.5, -0.8, -0.1)_(-0.4, -0.4, -0.3, 0.7)_0.9825718_System.String[];32.9795;0.2491;0.2539;6.1653;-7.8596;1.2060;1.1222;-45.1881;41.7017;358.8458;354.6506;330.1180;117.1357;355.6474;3.5092
0.2138;0.0000;False;False;6.0982;-8.0866;0.0325;0.0330;-44.9436;41.3496;359.6494;359.9815;272.8894;88.4907;359.7199;359.4431;-0.0033;-0.0025;-0.0006;0.2527;-0.0024;-1.7628;172530;71.713;Infinity;2397.96;6.0678;-7.7984;1.1825;1.5144;-45.1895;42.0606;354.8828;352.5911;320.2766;94.8090;354.0323;358.6262;LeftFalse_RightFalse;LeftFalse_RightTrue;HandLeft_(-0.4, -0.2, -0.2)_(-0.6, -0.1, 0.8, 0.2)_1.012537_System.String[];HandLeft_(0.3, -0.6, -0.2)_(0.8, 0.3, -0.3, -0.3)_0.9825718_System.String[];HandRight_(-0.4, -0.6, -0.3)_(0.4, 0.5, 0.4, -0.6)_1.012537_System.String[];HandRight_(0.5, -0.7, -0.1)_(-0.4, -0.4, -0.4, 0.7)_0.9825718_System.String[];33.0215;0.2617;0.2559;6.0900;-7.8590;1.2057;1.1224;-45.1782;41.7013;358.8595;354.8559;330.3077;118.0103;355.7611;3.7992
0.2150;0.0000;False;False;6.0247;-8.0866;0.0324;0.0330;-44.9328;41.3495;359.6487;359.9699;273.1958;88.4908;359.7236;359.4441;-0.0028;-0.0025;-0.0005;0.2702;-0.0025;-1.7687;172533;71.85447;Infinity;2398.00;5.9930;-7.7988;1.1824;1.5144;-45.1787;42.0605;354.8795;352.5786;320.5784;94.8091;354.0341;358.6258;LeftFalse_RightFalse;LeftFalse_RightTrue;HandLeft_(-0.4, -0.2, -0.2)_(-0.6, -0.1, 0.8, 0.3)_1.012537_System.String[];HandLeft_(0.3, -0.6, -0.2)_(0.8, 0.3, -0.3, -0.4)_0.9825718_System.String[];HandRight_(-0.4, -0.6, -0.3)_(0.4, 0.5, 0.4, -0.6)_1.012537_System.String[];HandRight_(0.5, -0.7, -0.1)_(-0.2, -0.5, -0.4, 0.8)_0.9825718_System.String[];33.0632;0.2737;0.2600;6.0150;-7.8584;1.2055;1.1225;-45.1677;41.7009;358.8499;354.9879;330.4630;118.8167;355.8258;4.0801
0.2171;0.0000;False;False;5.9497;-8.0867;0.0323;0.0330;-44.9211;41.3494;359.6483;359.9609;273.5238;88.4910;359.7278;359.4447;-0.0025;-0.0026;-0.0004;0.2892;-0.0026;-1.7741;172536;71.40492;Infinity;2398.05;5.9171;-7.7991;1.1823;1.5144;-45.1671;42.0604;354.8762;352.5687;320.8988;94.8095;354.0365;358.6255;LeftFalse_RightFalse;LeftFalse_RightTrue;HandLeft_(-0.4, -0.2, -0.2)_(-0.5, 0.0, 0.7, 0.4)_1.012537_System.String[];HandLeft_(0.3, -0.6, -0.2)_(0.8, 0.3, -0.3, -0.4)_0.9825718_System.String[];HandRight_(-0.4, -0.6, -0.3)_(0.4, 0.5, 0.4, -0.6)_1.012537_System.String[];HandRight_(0.5, -0.7, -0.1)_(-0.1, -0.5, -0.4, 0.8)_0.9825718_System.String[];33.1055;0.2879;0.2679;5.9390;-7.8576;1.2054;1.1224;-45.1566;41.7007;358.7413;355.0709;330.5474;119.5772;355.7050;4.3335
0.2221;0.0000;False;False;5.8750;-8.0868;0.0322;0.0330;-44.9085;41.3493;359.6487;359.9540;273.8683;88.4924;359.7318;359.4451;-0.0027;-0.0022;-0.0003;0.3099;-0.0026;-1.7790;172539;71.36985;Infinity;2398.09;5.8409;-7.7994;1.1822;1.5145;-45.1546;42.0603;354.8731;352.5611;321.2370;94.8105;354.0394;358.6251;LeftFalse_RightFalse;LeftFalse_RightTrue;HandLeft_(-0.3, -0.2, -0.2)_(-0.5, 0.1, 0.7, 0.4)_1.012537_System.String[];HandLeft_(0.3, -0.6, -0.2)_(0.8, 0.3, -0.3, -0.4)_0.9825718_System.String[];HandRight_(-0.4, -0.6, -0.3)_(0.4, 0.5, 0.4, -0.6)_1.012537_System.String[];HandRight_(0.5, -0.7, -0.1)_(-0.1, -0.5, -0.4, 0.7)_0.9825718_System.String[];33.1475;0.3035;0.2804;5.8629;-7.8570;1.2056;1.1222;-45.1449;41.7004;358.5411;355.1732;330.6196;120.2285;355.4893;4.6061
0.2312;0.0000;False;False;5.8006;-8.0869;0.0321;0.0330;-44.8951;41.3492;359.6500;359.9490;274.2296;88.4921;359.7352;359.4454;-0.0040;-0.0021;-0.0002;0.3312;-0.0023;-1.7841;172542;71.58418;Infinity;2398.13;5.7648;-7.7996;1.1821;1.5145;-45.1411;42.0602;354.8712;352.5555;321.5927;94.8108;354.0425;358.6248;LeftFalse_RightFalse;LeftFalse_RightTrue;HandLeft_(-0.3, -0.2, -0.2)_(-0.6, 0.1, 0.7, 0.4)_1.012537_System.String[];HandLeft_(0.3, -0.6, -0.2)_(0.8, 0.3, -0.2, -0.4)_0.9825718_System.String[];HandRight_(-0.4, -0.6, -0.3)_(0.4, 0.5, 0.4, -0.6)_1.012537_System.String[];HandRight_(0.5, -0.6, -0.1)_(-0.1, -0.5, -0.5, 0.7)_0.9825718_System.String[];33.1892;0.3188;0.2947;5.7865;-7.8565;1.2057;1.1221;-45.1325;41.7002;358.3289;355.2995;330.7378;120.7783;355.2845;4.8743
0.2436;0.0000;False;False;5.7261;-8.0870;0.0320;0.0330;-44.8808;41.3491;359.6518;359.9451;274.6104;88.4918;359.7387;359.4458;-0.0021;-0.0021;-0.0001;0.3546;-0.0028;-1.7895;172545;71.76495;Infinity;2398.17;5.6888;-7.7999;1.1820;1.5145;-45.1268;42.0601;354.8698;352.5513;321.9657;94.8104;354.0461;358.6247;LeftFalse_RightFalse;LeftFalse_RightTrue;HandLeft_(-0.3, -0.3, -0.2)_(-0.6, 0.1, 0.7, 0.4)_1.012537_System.String[];HandLeft_(0.3, -0.6, -0.2)_(0.9, 0.2, -0.2, -0.4)_0.9825718_System.String[];HandRight_(-0.4, -0.6, -0.3)_(0.4, 0.5, 0.4, -0.6)_1.012537_System.String[];HandRight_(0.5, -0.6, -0.1)_(-0.1, -0.5, -0.5, 0.7)_0.9825718_System.String[];33.2310;0.3370;0.3117;5.7100;-7.8558;1.2058;1.1221;-45.1191;41.6999;358.1258;355.4419;330.9027;121.2736;355.1994;5.1127
0.2562;0.0000;False;False;5.6514;-8.0871;0.0320;0.0329;-44.8655;41.3490;359.6540;359.9424;275.0142;88.4925;359.7429;359.4459;-0.0047;-0.0021;-0.0001;0.3798;-0.0022;-1.7953;172548;71.89275;Infinity;2398.21;5.6125;-7.8000;1.1819;1.5145;-45.1115;42.0600;354.8683;352.5481;322.3613;94.8109;354.0503;358.6246;LeftFalse_RightFalse;LeftFalse_RightTrue;HandLeft_(-0.3, -0.3, -0.2)_(-0.6, 0.2, 0.7, 0.4)_1.012537_System.String[];HandLeft_(0.3, -0.6, -0.2)_(0.9, 0.2, -0.2, -0.4)_0.9825718_System.String[];HandRight_(-0.4, -0.6, -0.3)_(0.4, 0.5, 0.4, -0.6)_1.012537_System.String[];HandRight_(0.5, -0.6, -0.1)_(-0.1, -0.5, -0.5, 0.7)_0.9825718_System.String[];33.2727;0.3544;0.3275;5.6333;-7.8550;1.2058;1.1221;-45.1045;41.6994;357.9731;355.5778;331.1632;121.6961;355.2064;5.2888
0.2693;0.0024;False;False;5.5765;-8.0873;0.0319;0.0329;-44.8489;41.3489;359.6564;359.9406;275.4437;88.4930;359.7477;359.4459;-0.0029;-0.0022;-0.0001;0.4076;-0.0026;-1.8012;172551;71.93967;Infinity;2398.25;5.5358;-7.8003;1.1817;1.5145;-45.0950;42.0599;354.8667;352.5462;322.7810;94.8113;354.0550;358.6243;LeftFalse_RightFalse;LeftFalse_RightTrue;HandLeft_(-0.3, -0.3, -0.2)_(-0.6, 0.2, 0.6, 0.4)_1.012537_System.String[];HandLeft_(0.3, -0.6, -0.2)_(0.9, 0.1, -0.2, -0.4)_0.9825718_System.String[];HandRight_(-0.4, -0.6, -0.3)_(0.4, 0.5, 0.4, -0.6)_1.012537_System.String[];HandRight_(0.5, -0.6, -0.1)_(0.0, -0.5, -0.6, 0.7)_0.9825718_System.String[];33.3145;0.3748;0.3433;5.5561;-7.8545;1.2058;1.1220;-45.0888;41.6988;357.8314;355.6968;331.4258;122.0970;355.2335;5.3546
0.2813;0.0394;False;False;5.5004;-8.0874;0.0318;0.0329;-44.8310;41.3488;359.6591;359.9390;275.9061;88.4924;359.7531;359.4461;-0.0029;-0.0024;0.0000;0.4359;-0.0025;-1.8079;172554;71.56284;Infinity;2398.30;5.4581;-7.8004;1.1816;1.5145;-45.0770;42.0598;354.8644;352.5445;323.2334;94.8113;354.0607;358.6244;LeftFalse_RightFalse;LeftFalse_RightTrue;HandLeft_(-0.3, -0.3, -0.2)_(-0.6, 0.3, 0.6, 0.4)_1.012537_System.String[];HandLeft_(0.3, -0.6, -0.2)_(0.9, 0.1, -0.2, -0.4)_0.9825718_System.String[];HandRight_(-0.4, -0.6, -0.3)_(0.4, 0.5, 0.4, -0.6)_1.012537_System.String[];HandRight_(0.5, -0.6, -0.1)_(0.1, -0.5, -0.6, 0.7)_0.9825718_System.String[];33.3564;0.3964;0.3587;5.4777;-7.8533;1.2058;1.1216;-45.0716;41.6980;357.7583;355.8339;331.5633;122.5690;355.3149;5.3855
0.2911;0.1106;False;False;5.4248;-8.0874;0.0317;0.0329;-44.8118;41.3487;359.6619;359.9377;276.3939;88.4943;359.7590;359.4464;0.0002;-0.0025;0.0000;0.4674;-0.0029;-1.8141;172557;71.70978;Infinity;2398.34;5.3802;-7.8005;1.1815;1.5145;-45.0578;42.0597;354.8621;352.5432;323.7121;94.8122;354.0666;358.6245;LeftFalse_RightFalse;LeftFalse_RightTrue;HandLeft_(-0.3, -0.3, -0.2)_(-0.6, 0.3, 0.6, 0.4)_1.012537_System.String[];HandLeft_(0.3, -0.6, -0.2)_(0.9, 0.1, -0.2, -0.4)_0.9825718_System.String[];HandRight_(-0.4, -0.6, -0.3)_(0.4, 0.5, 0.4, -0.6)_1.012537_System.String[];HandRight_(0.5, -0.6, -0.1)_(0.1, -0.4, -0.6, 0.7)_0.9825718_System.String[];33.3982;0.4175;0.3729;5.3992;-7.8517;1.2058;1.1214;-45.0531;41.6969;357.6104;355.9885;331.5380;123.0267;355.4381;5.4758
0.2982;0.1927;False;False;5.3479;-8.0870;0.0315;0.0329;-44.7910;41.3485;359.6650;359.9358;276.9203;88.4972;359.7658;359.4472;0.0214;-0.0028;0.0000;0.5169;-0.0062;-1.8232;172560;71.36347;Infinity;2398.38;5.3011;-7.8003;1.1814;1.5145;-45.0369;42.0595;354.8593;352.5414;324.2278;94.8141;354.0733;358.6249;LeftFalse_RightFalse;LeftFalse_RightTrue;HandLeft_(-0.2, -0.3, -0.2)_(-0.6, 0.3, 0.6, 0.4)_1.012537_System.String[];HandLeft_(0.3, -0.6, -0.2)_(0.9, 0.1, -0.2, -0.4)_0.9825718_System.String[];HandRight_(-0.4, -0.6, -0.3)_(0.4, 0.5, 0.4, -0.6)_1.012537_System.String[];HandRight_(0.5, -0.6, -0.2)_(0.1, -0.4, -0.5, 0.7)_0.9825718_System.String[];33.4404;0.4389;0.3848;5.3190;-7.8499;1.2062;1.1210;-45.0330;41.6960;357.4727;356.1443;331.3491;123.3854;355.5895;5.6101
0.3034;0.2760;False;False;5.2715;-8.0859;0.0314;0.0329;-44.7689;41.3482;359.6683;359.9326;277.4723;88.5059;359.7723;359.4487;0.0436;-0.0030;-0.0001;0.5517;-0.0096;-1.8286;172563;71.47499;Infinity;2398.42;5.2228;-7.7994;1.1812;1.5145;-45.0148;42.0592;354.8567;352.5386;324.7664;94.8206;354.0800;358.6259;LeftFalse_RightFalse;LeftFalse_RightTrue;HandLeft_(-0.3, -0.3, -0.2)_(-0.7, 0.3, 0.6, 0.3)_1.012537_System.String[];HandLeft_(0.3, -0.6, -0.2)_(0.9, 0.1, -0.2, -0.4)_0.9825718_System.String[];HandRight_(-0.4, -0.6, -0.3)_(0.4, 0.5, 0.4, -0.6)_1.012537_System.String[];HandRight_(0.5, -0.6, -0.2)_(0.0, -0.4, -0.5, 0.8)_0.9825718_System.String[];33.4824;0.4580;0.3941;5.2395;-7.8473;1.2065;1.1207;-45.0113;41.6952;357.2419;356.3063;331.0477;123.5463;355.5693;5.7462
0.3113;0.3577;False;False;5.1947;-8.0837;0.0313;0.0329;-44.7452;41.3477;359.6721;359.9283;278.0569;88.5241;359.7794;359.4509;0.0741;-0.0029;-0.0001;0.5872;-0.0144;-1.8336;172566;71.4798;Infinity;2398.46;5.1436;-7.7975;1.1811;1.5145;-44.9910;42.0588;354.8541;352.5345;325.3401;94.8355;354.0873;358.6273;LeftFalse_RightFalse;LeftFalse_RightTrue;HandLeft_(-0.3, -0.3, -0.2)_(-0.7, 0.3, 0.5, 0.3)_1.012537_System.String[];HandLeft_(0.3, -0.6, -0.2)_(0.9, 0.1, -0.2, -0.4)_0.9825718_System.String[];HandRight_(-0.4, -0.6, -0.3)_(0.4, 0.5, 0.4, -0.6)_1.012537_System.String[];HandRight_(0.5, -0.6, -0.2)_(0.0, -0.4, -0.4, 0.8)_0.9825718_System.String[];33.5244;0.4756;0.4005;5.1587;-7.8437;1.2068;1.1201;-44.9875;41.6944;356.9878;356.5532;330.7945;123.4970;355.4838;5.8019
0.3250;0.4395;False;False;5.1175;-8.0799;0.0312;0.0329;-44.7198;41.3470;359.6766;359.9225;278.6743;88.5535;359.7872;359.4539;0.1114;-0.0030;-0.0002;0.6234;-0.0201;-1.8389;172569;71.35965;Infinity;2398.51;5.0638;-7.7942;1.1809;1.5145;-44.9655;42.0581;354.8513;352.5289;325.9467;94.8603;354.0958;358.6295;LeftFalse_RightFalse;LeftFalse_RightTrue;HandLeft_(-0.3, -0.3, -0.2)_(-0.7, 0.3, 0.5, 0.3)_1.012537_System.String[];HandLeft_(0.3, -0.6, -0.2)_(0.9, 0.1, -0.2, -0.4)_0.9825718_System.String[];HandRight_(-0.4, -0.6, -0.3)_(0.4, 0.5, 0.4, -0.6)_1.012537_System.String[];HandRight_(0.5, -0.6, -0.2)_(-0.1, -0.3, -0.3, 0.9)_0.9825718_System.String[];33.5664;0.4910;0.4036;5.0773;-7.8389;1.2069;1.1194;-44.9617;41.6939;356.9171;356.8175;330.4350;123.2633;355.5455;5.7986
0.3421;0.5166;False;False;5.0405;-8.0745;0.0314;0.0329;-44.6932;41.3460;359.6970;359.9159;279.3147;88.5952;359.7609;359.4569;0.1552;0.0479;-0.0003;0.6668;-0.0265;-1.8439;172572;71.5653;Infinity;2398.55;4.9839;-7.7890;1.1807;1.5145;-44.9384;42.0571;354.8489;352.5223;326.5798;94.8975;354.1043;358.6318;LeftFalse_RightFalse;LeftFalse_RightTrue;HandLeft_(-0.3, -0.3, -0.2)_(-0.7, 0.3, 0.5, 0.3)_1.012537_System.String[];HandLeft_(0.3, -0.6, -0.2)_(0.9, 0.1, -0.2, -0.4)_0.9825718_System.String[];HandRight_(-0.4, -0.6, -0.3)_(0.4, 0.5, 0.4, -0.6)_1.012537_System.String[];HandRight_(0.4, -0.6, -0.2)_(0.0, -0.3, -0.3, 0.9)_0.9825718_System.String[];33.6084;0.5039;0.4044;4.9958;-7.8328;1.2067;1.1190;-44.9342;41.6935;356.8560;356.9913;330.1741;122.9914;355.5776;5.7836
0.3603;0.5858;False;False;4.9639;-8.0670;0.0331;0.0329;-44.6654;41.3448;359.7727;359.9084;279.9741;88.6516;359.6305;359.4602;0.2069;0.0315;-0.0003;0.7066;-0.0343;-1.8509;172575;71.76706;Infinity;2398.59;4.9037;-7.7819;1.1828;1.5145;-44.9076;42.0558;354.9912;352.5148;327.2341;94.9481;354.0699;358.6342;LeftFalse_RightFalse;LeftFalse_RightTrue;HandLeft_(-0.3, -0.3, -0.2)_(-0.7, 0.3, 0.5, 0.3)_1.012537_System.String[];HandLeft_(0.3, -0.6, -0.2)_(0.9, 0.1, -0.2, -0.4)_0.9825718_System.String[];HandRight_(-0.4, -0.6, -0.3)_(0.4, 0.5, 0.4, -0.6)_1.012537_System.String[];HandRight_(0.4, -0.6, -0.2)_(0.0, -0.3, -0.3, 0.9)_0.9825718_System.String[];33.6499;0.5162;0.4044;4.9141;-7.8247;1.2080;1.1188;-44.9033;41.6930;357.2144;357.0964;329.8733;122.6554;355.6839;5.7689
0.3789;0.6471;False;False;4.8866;-8.0571;0.0342;0.0329;-44.6356;41.3431;359.8247;359.9002;280.6597;88.7254;359.5653;359.4637;0.2642;0.0193;-0.0004;0.7422;-0.0429;-1.8606;172578;71.82433;Infinity;2398.63;4.8230;-7.7722;1.1843;1.5144;-44.8755;42.0540;355.0923;352.5064;327.9115;95.0155;354.0577;358.6368;LeftFalse_RightFalse;LeftFalse_RightTrue;HandLeft_(-0.3, -0.4, -0.2)_(-0.8, 0.0, 0.5, 0.3)_1.012537_System.String[];HandLeft_(0.3, -0.6, -0.2)_(0.9, 0.1, -0.2, -0.4)_0.9825718_System.String[];HandRight_(-0.4, -0.6, -0.3)_(0.4, 0.5, 0.4, -0.6)_1.012537_System.String[];HandRight_(0.4, -0.6, -0.2)_(0.0, -0.4, -0.4, 0.9)_0.9825718_System.String[];33.6917;0.5286;0.4052;4.8321;-7.8146;1.2091;1.1187;-44.8714;41.6921;357.5031;357.1234;329.6389;122.3755;355.8103;5.8203
0.3956;0.7013;False;False;4.8083;-8.0445;0.0348;0.0329;-44.6038;41.3411;359.8592;359.8917;281.3786;88.8187;359.5358;359.4672;0.3273;0.0104;-0.0004;0.7792;-0.0527;-1.8710;172581;71.621;Infinity;2398.67;4.7414;-7.7596;1.1852;1.5144;-44.8422;42.0518;355.1480;352.4976;328.6202;95.1018;354.0605;358.6394;LeftFalse_RightFalse;LeftFalse_RightTrue;HandLeft_(-0.3, -0.4, -0.2)_(-0.8, 0.0, 0.5, 0.4)_1.012537_System.String[];HandLeft_(0.3, -0.6, -0.2)_(0.9, 0.1, -0.2, -0.4)_0.9825718_System.String[];HandRight_(-0.4, -0.6, -0.3)_(0.4, 0.5, 0.4, -0.6)_1.012537_System.String[];HandRight_(0.4, -0.6, -0.2)_(0.0, -0.4, -0.4, 0.9)_0.9825718_System.String[];33.7336;0.5410;0.4066;4.7496;-7.8019;1.2096;1.1186;-44.8383;41.6909;357.5783;357.1074;329.5399;122.1305;355.8940;5.8606
0.4133;0.7518;False;False;4.7301;-8.0291;0.0358;0.0329;-44.5701;41.3386;359.9105;359.8833;282.1238;88.9321;359.5909;359.4706;0.3945;0.0551;-0.0004;0.8100;-0.0633;-1.8855;172584;71.64767;Infinity;2398.72;4.6599;-7.7441;1.1856;1.5144;-44.8079;42.0490;355.1737;352.4888;329.3528;95.2079;354.0741;358.6419;LeftFalse_RightFalse;LeftFalse_RightTrue;HandLeft_(-0.4, -0.5, -0.2)_(-0.8, 0.0, 0.5, 0.4)_1.012537_System.String[];HandLeft_(0.3, -0.6, -0.2)_(0.9, 0.1, -0.2, -0.4)_0.9825718_System.String[];HandRight_(-0.4, -0.6, -0.3)_(0.4, 0.5, 0.4, -0.6)_1.012537_System.String[];HandRight_(0.4, -0.6, -0.2)_(0.0, -0.4, -0.4, 0.9)_0.9825718_System.String[];33.7756;0.5520;0.4088;4.6674;-7.7867;1.2099;1.1186;-44.8042;41.6891;357.5953;357.0330;329.6196;121.8958;355.8867;5.8467
0.4326;0.7984;False;False;4.6513;-8.0105;0.0375;0.0328;-44.5345;41.3356;359.9873;359.8751;282.9019;89.0682;359.7161;359.4739;0.4665;0.0345;-0.0005;0.8469;-0.0754;-1.8982;172587;71.62071;Infinity;2398.76;4.5758;-7.7252;1.1869;1.5144;-44.7738;42.0456;355.1230;352.4802;330.1089;95.3366;354.2415;358.6443;LeftFalse_RightFalse;LeftFalse_RightTrue;HandLeft_(-0.4, -0.5, -0.2)_(-0.8, 0.0, 0.4, 0.5)_1.012537_System.String[];HandLeft_(0.3, -0.6, -0.2)_(0.9, 0.1, -0.2, -0.4)_0.9825718_System.String[];HandRight_(-0.4, -0.6, -0.3)_(0.4, 0.5, 0.4, -0.6)_1.012537_System.String[];HandRight_(0.5, -0.6, -0.2)_(0.0, -0.3, -0.4, 0.9)_0.9825718_System.String[];33.8174;0.5633;0.4119;4.5826;-7.7686;1.2115;1.1185;-44.7705;41.6867;357.5085;356.9010;329.8161;121.7152;355.9743;5.7658
0.4505;0.8372;False;False;4.5717;-7.9887;0.0385;0.0328;-44.4972;41.3320;0.0355;359.8675;283.7108;89.2288;359.7892;359.4773;0.5427;0.0194;-0.0005;0.8938;-0.0889;-1.9079;172590;71.55585;Infinity;2398.80;4.4920;-7.7028;1.1877;1.5144;-44.7372;42.0415;355.0975;352.4721;330.8978;95.4885;354.3413;358.6468;LeftFalse_RightFalse;LeftFalse_RightTrue;HandLeft_(-0.4, -0.5, -0.2)_(-0.8, 0.0, 0.4, 0.4)_1.012537_System.String[];HandLeft_(0.3, -0.6, -0.2)_(0.9, 0.1, -0.2, -0.4)_0.9825718_System.String[];HandRight_(-0.4, -0.6, -0.3)_(0.4, 0.5, 0.4, -0.6)_1.012537_System.String[];HandRight_(0.5, -0.6, -0.2)_(0.0, -0.4, -0.4, 0.9)_0.9825718_System.String[];33.8594;0.5744;0.4154;4.4981;-7.7475;1.2125;1.1184;-44.7347;41.6834;357.4886;356.7323;330.1185;121.5934;355.9706;5.6737
0.4643;0.8694;False;False;4.4922;-7.9636;0.0390;0.0328;-44.4582;41.3278;0.0641;359.8605;284.5436;89.4144;359.8337;359.4805;0.6630;0.0046;-0.0006;0.9701;-0.1117;-1.9216;172593;71.7747;Infinity;2398.84;4.4082;-7.6767;1.1881;1.5144;-44.6981;42.0367;355.0822;352.4646;331.7177;95.6656;354.4020;358.6493;LeftFalse_RightFalse;LeftFalse_RightTrue;HandLeft_(-0.4, -0.5, -0.1)_(-0.8, 0.1, 0.5, 0.4)_1.012537_System.String[];HandLeft_(0.3, -0.6, -0.2)_(0.9, 0.1, -0.2, -0.4)_0.9825718_System.String[];HandRight_(-0.4, -0.6, -0.3)_(0.4, 0.5, 0.4, -0.6)_1.012537_System.String[];HandRight_(0.5, -0.6, -0.2)_(0.0, -0.4, -0.4, 0.9)_0.9825718_System.String[];33.9011;0.5857;0.4186;4.4135;-7.7228;1.2128;1.1183;-44.6966;41.6791;357.5265;356.5445;330.3778;121.5271;356.0021;5.5765
0.4765;0.8975;False;False;4.4116;-7.9347;0.0391;0.0328;-44.4167;41.3229;0.0802;359.8544;285.4108;89.6284;359.8627;359.4836;0.7465;-0.0016;-0.0006;1.0228;-0.1284;-1.9302;172596;71.63673;Infinity;2398.88;4.3244;-7.6469;1.1881;1.5143;-44.6565;42.0311;355.0710;352.4579;332.5666;95.8688;354.4391;358.6517;LeftFalse_RightFalse;LeftFalse_RightTrue;HandLeft_(-0.4, -0.5, -0.1)_(-0.8, 0.1, 0.5, 0.4)_1.012537_System.String[];HandLeft_(0.3, -0.6, -0.2)_(0.9, 0.1, -0.2, -0.4)_0.9825718_System.String[];HandRight_(-0.4, -0.6, -0.3)_(0.4, 0.5, 0.4, -0.6)_1.012537_System.String[];HandRight_(0.5, -0.6, -0.2)_(0.0, -0.4, -0.4, 0.8)_0.9825718_System.String[];33.9431;0.5970;0.4211;4.3287;-7.6944;1.2130;1.1183;-44.6563;41.6739;357.5080;356.4163;330.5687;121.5563;356.1062;5.5321
0.4882;0.9237;False;False;4.3312;-7.9024;0.0390;0.0327;-44.3733;41.3173;0.0883;359.8493;286.3034;89.8691;359.8828;359.4864;0.8325;-0.0057;-0.0006;1.0771;-0.1464;-1.9380;172599;71.81925;Infinity;2398.92;4.2398;-7.6129;1.1880;1.5143;-44.6121;42.0246;355.0613;352.4521;333.4516;96.1008;354.4623;358.6540;LeftFalse_RightFalse;LeftFalse_RightTrue;HandLeft_(-0.4, -0.5, -0.1)_(-0.8, 0.0, 0.5, 0.4)_1.012537_System.String[];HandLeft_(0.3, -0.6, -0.2)_(0.9, 0.1, -0.2, -0.4)_0.9825718_System.String[];HandRight_(-0.4, -0.6, -0.3)_(0.4, 0.5, 0.4, -0.6)_1.012537_System.String[];HandRight_(0.5, -0.6, -0.2)_(0.0, -0.4, -0.4, 0.8)_0.9825718_System.String[];33.9846;0.6078;0.4226;4.2434;-7.6619;1.2131;1.1182;-44.6133;41.6677;357.4316;356.3556;330.6751;121.6698;356.2722;5.4730
0.4978;0.9443;False;False;4.2501;-7.8661;0.0387;0.0327;-44.3273;41.3109;0.0918;359.8450;287.2306;90.1391;359.8983;359.4890;0.9207;-0.0083;-0.0007;1.1326;-0.1659;-1.9454;172602;71.7874;Infinity;2398.97;4.1552;-7.5749;1.1877;1.5143;-44.5654;42.0171;355.0522;352.4473;334.3652;96.3603;354.4773;358.6562;LeftFalse_RightFalse;LeftFalse_RightTrue;HandLeft_(-0.4, -0.5, -0.1)_(-0.8, 0.0, 0.5, 0.3)_1.012537_System.String[];HandLeft_(0.3, -0.6, -0.2)_(0.9, 0.1, -0.2, -0.4)_0.9825718_System.String[];HandRight_(-0.4, -0.6, -0.3)_(0.4, 0.5, 0.4, -0.6)_1.012537_System.String[];HandRight_(0.5, -0.6, -0.2)_(0.0, -0.4, -0.4, 0.8)_0.9825718_System.String[];34.0264;0.6170;0.4242;4.1579;-7.6256;1.2130;1.1182;-44.5682;41.6606;357.4221;356.3249;330.8462;121.8179;356.2701;5.4166
0.5058;0.9594;False;False;4.1672;-7.8252;0.0383;0.0327;-44.2780;41.3034;0.0928;359.8418;288.2063;90.4444;359.9109;359.4914;1.0103;-0.0099;-0.0008;1.1883;-0.1867;-1.9527;172605;71.13117;Infinity;2399.01;4.0689;-7.5320;1.1872;1.5142;-44.5153;42.0085;355.0434;352.4434;335.3261;96.6540;354.4877;358.6583;LeftFalse_RightFalse;LeftFalse_RightTrue;HandLeft_(-0.4, -0.5, -0.1)_(-0.8, 0.0, 0.5, 0.3)_1.012537_System.String[];HandLeft_(0.3, -0.6, -0.2)_(0.9, 0.1, -0.2, -0.4)_0.9825718_System.String[];HandRight_(-0.4, -0.6, -0.3)_(0.4, 0.5, 0.4, -0.6)_1.012537_System.String[];HandRight_(0.5, -0.6, -0.2)_(0.0, -0.4, -0.4, 0.8)_0.9825718_System.String[];34.0691;0.6248;0.4254;4.0707;-7.5846;1.2124;1.1182;-44.5199;41.6522;357.4626;356.3210;330.9713;121.9760;356.3026;5.2798
0.5116;0.9704;False;False;4.0849;-7.7808;0.0379;0.0327;-44.2268;41.2951;0.0926;359.8396;289.2003;90.7765;359.9216;359.4935;1.1009;-0.0109;-0.0008;1.2447;-0.2091;-1.9595;172608;71.20486;Infinity;2399.05;3.9828;-7.4851;1.1868;1.5142;-44.4629;41.9988;355.0352;352.4406;336.3106;96.9758;354.4954;358.6602;LeftFalse_RightFalse;LeftFalse_RightTrue;HandLeft_(-0.4, -0.4, -0.1)_(-0.8, 0.1, 0.5, 0.3)_1.012537_System.String[];HandLeft_(0.3, -0.6, -0.2)_(0.9, 0.1, -0.2, -0.4)_0.9825718_System.String[];HandRight_(-0.4, -0.6, -0.3)_(0.4, 0.5, 0.4, -0.6)_1.012537_System.String[];HandRight_(0.5, -0.6, -0.2)_(0.0, -0.4, -0.4, 0.8)_0.9825718_System.String[];34.1111;0.6299;0.4263;3.9833;-7.5396;1.2119;1.1181;-44.4694;41.6424;357.3924;356.3379;331.1549;122.1436;356.2900;5.1124
0.5163;0.9784;False;False;4.0031;-7.7329;0.0374;0.0326;-44.1736;41.2858;0.0921;359.8385;290.2111;91.1352;359.9310;359.4955;1.1923;-0.0113;-0.0009;1.3012;-0.2330;-1.9663;172611;71.60648;Infinity;2399.09;3.8969;-7.4341;1.1863;1.5141;-44.4082;41.9880;355.0277;352.4390;337.3161;97.3254;354.5017;358.6620;LeftFalse_RightFalse;LeftFalse_RightTrue;HandLeft_(-0.4, -0.4, -0.1)_(-0.8, 0.1, 0.5, 0.3)_1.012537_System.String[];HandLeft_(0.3, -0.7, -0.1)_(0.9, 0.3, -0.2, -0.2)_0.9825718_System.String[];HandRight_(-0.4, -0.6, -0.3)_(0.4, 0.5, 0.4, -0.6)_1.012537_System.String[];HandRight_(0.5, -0.6, -0.2)_(0.0, -0.4, -0.4, 0.8)_0.9825718_System.String[];34.1528;0.6322;0.4274;3.8961;-7.4905;1.2117;1.1181;-44.4165;41.6316;357.2826;356.3912;331.4033;122.3753;356.2491;4.9458
0.5214;0.9843;False;False;3.9201;-7.6804;0.0369;0.0326;-44.1174;41.2753;0.0919;359.8385;291.2580;91.5292;359.9394;359.4973;1.2839;-0.0116;-0.0010;1.3577;-0.2588;-1.9732;172614;71.46603;Infinity;2399.13;3.8100;-7.3783;1.1858;1.5141;-44.3505;41.9758;355.0210;352.4384;338.3554;97.7089;354.5074;358.6639;LeftFalse_RightFalse;LeftFalse_RightTrue;HandLeft_(-0.4, -0.4, -0.1)_(-0.8, 0.1, 0.4, 0.3)_1.012537_System.String[];HandLeft_(0.3, -0.7, -0.1)_(0.9, 0.4, -0.2, -0.2)_0.9825718_System.String[];HandRight_(-0.4, -0.6, -0.3)_(0.4, 0.5, 0.4, -0.6)_1.012537_System.String[];HandRight_(0.5, -0.6, -0.2)_(0.0, -0.4, -0.4, 0.8)_0.9825718_System.String[];34.1948;0.6328;0.4294;3.8079;-7.4368;1.2113;1.1180;-44.3607;41.6196;357.1991;356.5159;331.7143;122.6163;356.2401;4.8558
0.5262;0.9885;False;False;3.8377;-7.6245;0.0364;0.0325;-44.0593;41.2638;0.0922;359.8396;292.3139;91.9501;359.9469;359.4992;1.3755;-0.0116;-0.0011;1.4145;-0.2867;-1.9798;172617;71.71647;Infinity;2399.18;3.7238;-7.3186;1.1852;1.5140;-44.2908;41.9624;355.0154;352.4389;339.4040;98.1192;354.5127;358.6658;LeftFalse_RightFalse;LeftFalse_RightTrue;HandLeft_(-0.4, -0.4, -0.1)_(-0.8, 0.2, 0.5, 0.3)_1.012537_System.String[];HandLeft_(0.3, -0.7, -0.1)_(0.8, 0.5, -0.1, -0.2)_0.9825718_System.String[];HandRight_(-0.4, -0.6, -0.3)_(0.4, 0.5, 0.4, -0.6)_1.012537_System.String[];HandRight_(0.5, -0.6, -0.2)_(0.0, -0.4, -0.5, 0.8)_0.9825718_System.String[];34.2366;0.6328;0.4316;3.7203;-7.3796;1.2109;1.1176;-44.3028;41.6061;357.1012;356.6817;332.1313;122.9421;356.2091;4.8092
0.5297;0.9916;False;False;3.7549;-7.5645;0.0360;0.0325;-43.9985;41.2510;0.0931;359.8417;293.3915;92.4041;359.9541;359.5012;1.4669;-0.0116;-0.0013;1.4722;-0.3170;-1.9856;172620;71.7403;Infinity;2399.22;3.6372;-7.2546;1.1847;1.5139;-44.2285;41.9476;355.0105;352.4405;340.4725;98.5615;354.5181;358.6680;LeftFalse_RightFalse;LeftFalse_RightTrue;HandLeft_(-0.4, -0.4, -0.1)_(-0.8, 0.2, 0.5, 0.3)_1.012537_System.String[];HandLeft_(0.3, -0.7, -0.1)_(0.8, 0.5, -0.1, -0.2)_0.9825718_System.String[];HandRight_(-0.4, -0.6, -0.3)_(0.4, 0.5, 0.4, -0.6)_1.012537_System.String[];HandRight_(0.5, -0.6, -0.2)_(0.0, -0.4, -0.5, 0.8)_0.9825718_System.String[];34.2783;0.6328;0.4335;3.6320;-7.3182;1.2108;1.1173;-44.2422;41.5914;356.9729;356.8218;332.6021;123.3285;356.2239;4.7034
0.5322;0.9939;False;False;3.6712;-7.5001;0.0355;0.0324;-43.9349;41.2367;0.0948;359.8448;294.4946;92.8938;359.9615;359.5034;1.5582;-0.0116;-0.0014;1.5308;-0.3492;-1.9900;172623;71.56296;Infinity;2399.26;3.5495;-7.1855;1.1842;1.5138;-44.1628;41.9309;355.0061;352.4431;341.5703;99.0410;354.5241;358.6705;LeftFalse_RightFalse;LeftFalse_RightTrue;HandLeft_(-0.4, -0.4, -0.1)_(-0.8, 0.2, 0.5, 0.3)_1.012537_System.String[];HandLeft_(0.3, -0.7, -0.1)_(0.8, 0.5, -0.2, -0.2)_0.9825718_System.String[];HandRight_(-0.4, -0.6, -0.3)_(0.4, 0.5, 0.4, -0.6)_1.012537_System.String[];HandRight_(0.5, -0.6, -0.2)_(0.0, -0.4, -0.5, 0.8)_0.9825718_System.String[];34.3203;0.6330;0.4343;3.5425;-7.2521;1.2108;1.1171;-44.1784;41.5751;356.7720;356.9089;333.0930;123.7229;356.2782;4.5517
0.5341;0.9955;False;False;3.5883;-7.4322;0.0350;0.0323;-43.8691;41.2210;0.0972;359.8492;295.6061;93.4115;359.9693;359.5060;1.6947;-0.0116;-0.0022;1.6210;-0.4007;-1.9930;172626;71.77876;Infinity;2399.30;3.4623;-7.1127;1.1837;1.5137;-44.0951;41.9128;355.0020;352.4467;342.6768;99.5485;354.5309;358.6732;LeftFalse_RightFalse;LeftFalse_RightTrue;HandLeft_(-0.4, -0.4, -0.1)_(-0.8, 0.2, 0.5, 0.3)_1.012537_System.String[];HandLeft_(0.3, -0.7, -0.1)_(0.8, 0.5, -0.2, -0.2)_0.9825718_System.String[];HandRight_(-0.4, -0.6, -0.3)_(0.4, 0.5, 0.4, -0.6)_1.012537_System.String[];HandRight_(0.5, -0.6, -0.2)_(0.0, -0.4, -0.5, 0.8)_0.9825718_System.String[];34.3621;0.6342;0.4343;3.4533;-7.1824;1.2107;1.1169;-44.1123;41.5574;356.5826;357.0170;333.6380;124.0901;356.3175;4.4472
0.5354;0.9967;False;False;3.5053;-7.3604;0.0345;0.0323;-43.8007;41.2038;0.1004;359.8546;296.7367;93.9603;359.9779;359.5103;1.7852;-0.0117;-0.0022;1.6830;-0.4376;-1.9916;172629;71.88165;Infinity;2399.34;3.3752;-7.0357;1.1832;1.5135;-44.0247;41.8930;354.9978;352.4514;343.8001;100.0861;354.5388;358.6775;LeftFalse_RightFalse;LeftFalse_RightTrue;HandLeft_(-0.4, -0.4, -0.1)_(-0.8, 0.2, 0.5, 0.3)_1.012537_System.String[];HandLeft_(0.3, -0.8, -0.1)_(0.8, 0.6, -0.2, -0.1)_0.9825718_System.String[];HandRight_(-0.4, -0.6, -0.3)_(0.4, 0.5, 0.4, -0.6)_1.012537_System.String[];HandRight_(0.5, -0.6, -0.2)_(0.0, -0.4, -0.5, 0.8)_0.9825718_System.String[];34.4038;0.6366;0.4343;3.3641;-7.1087;1.2105;1.1166;-44.0433;41.5381;356.4204;357.1093;334.2164;124.5565;356.4457;4.3250
0.5364;0.9976;False;False;3.4224;-7.2847;0.0340;0.0322;-43.7296;41.1849;0.1044;359.8608;297.8875;94.5400;359.9878;359.5163;1.8749;-0.0118;-0.0022;1.7466;-0.4769;-1.9872;172632;71.94259;Infinity;2399.39;3.2881;-6.9543;1.1826;1.5133;-43.9514;41.8713;354.9934;352.4566;344.9432;100.6546;354.5479;358.6836;LeftFalse_RightFalse;LeftFalse_RightTrue;HandLeft_(-0.4, -0.4, -0.1)_(-0.8, 0.2, 0.5, 0.3)_1.012537_System.String[];HandLeft_(0.3, -0.8, -0.1)_(0.8, 0.6, -0.3, -0.1)_0.9825718_System.String[];HandRight_(-0.4, -0.6, -0.3)_(0.4, 0.5, 0.4, -0.6)_1.012537_System.String[];HandRight_(0.5, -0.6, -0.2)_(0.0, -0.4, -0.5, 0.8)_0.9825718_System.String[];34.4453;0.6400;0.4343;3.2750;-7.0309;1.2102;1.1161;-43.9714;41.5171;356.3071;357.2002;334.8551;125.1571;356.6094;4.2717
0.5371;0.9983;False;False;3.3391;-7.2045;0.0335;0.0321;-43.6552;41.1642;0.1092;359.8683;299.0695;95.1553;-0.0010;359.5255;1.9640;-0.0120;-0.0030;1.8116;-0.5184;-1.9793;172635;71.67529;Infinity;2399.43;3.2010;-6.8685;1.1821;1.5131;-43.8751;41.8476;354.9886;352.4630;346.1110;101.2553;354.5585;358.6920;LeftFalse_RightFalse;LeftFalse_RightTrue;HandLeft_(-0.4, -0.4, -0.1)_(-0.8, 0.1, 0.5, 0.3)_1.012537_System.String[];HandLeft_(0.3, -0.8, -0.1)_(0.7, 0.6, -0.3, -0.1)_0.9825718_System.String[];HandRight_(-0.4, -0.6, -0.3)_(0.4, 0.5, 0.4, -0.6)_1.012537_System.String[];HandRight_(0.5, -0.6, -0.2)_(0.0, -0.4, -0.5, 0.8)_0.9825718_System.String[];34.4873;0.6437;0.4343;3.1859;-6.9488;1.2098;1.1157;-43.8964;41.4940;356.3044;357.1780;335.4850;125.9518;356.8302;4.2546
0.5366;0.9987;False;False;3.2561;-7.1202;0.0330;0.0319;-43.5776;41.1414;0.1146;359.8754;300.2775;95.8037;0.0113;359.5400;2.0525;-0.0122;-0.0036;1.8776;-0.5625;-1.9687;172638;71.4819;Infinity;2399.47;3.1136;-6.7779;1.1815;1.5128;-43.7952;41.8218;354.9832;352.4686;347.3094;101.8908;354.5705;358.7060;LeftFalse_RightFalse;LeftFalse_RightTrue;HandLeft_(-0.4, -0.4, -0.1)_(-0.8, 0.2, 0.5, 0.3)_1.012537_System.String[];HandLeft_(0.2, -0.8, -0.1)_(0.8, 0.5, -0.3, -0.2)_0.9825718_System.String[];HandRight_(-0.4, -0.6, -0.3)_(0.4, 0.5, 0.4, -0.6)_1.012537_System.String[];HandRight_(0.5, -0.6, -0.2)_(0.0, -0.4, -0.5, 0.8)_0.9825718_System.String[];34.5295;0.6466;0.4335;3.0968;-6.8623;1.2093;1.1153;-43.8174;41.4687;356.2271;357.1368;336.1660;126.9260;356.9616;4.3296
0.5362;0.9991;False;False;3.1739;-7.0324;0.0325;0.0318;-43.4976;41.1168;0.1205;359.8828;301.5031;96.4798;0.0244;359.5563;2.1403;-0.0124;-0.0045;1.9441;-0.6090;-1.9556;172641;71.55289;Infinity;2399.51;3.0267;-6.6830;1.1809;1.5124;-43.7123;41.7938;354.9776;352.4740;348.5304;102.5568;354.5835;358.7229;LeftFalse_RightFalse;LeftFalse_RightTrue;HandLeft_(-0.4, -0.4, -0.1)_(-0.8, 0.2, 0.5, 0.3)_1.012537_System.String[];HandLeft_(0.2, -0.8, -0.1)_(0.8, 0.5, -0.4, -0.2)_0.9825718_System.String[];HandRight_(-0.4, -0.6, -0.3)_(0.4, 0.5, 0.4, -0.6)_1.012537_System.String[];HandRight_(0.5, -0.6, -0.2)_(0.0, -0.3, -0.5, 0.8)_0.9825718_System.String[];34.5713;0.6482;0.4318;3.0084;-6.7721;1.2088;1.1150;-43.7353;41.4412;356.2068;357.0813;336.8990;127.9783;357.0356;4.4490
0.5359;0.9957;False;False;3.0922;-6.9404;0.0320;0.0316;-43.4143;41.0900;0.1268;359.8914;302.7545;97.1876;0.0378;359.5724;2.2274;-0.0127;-0.0052;2.0107;-0.6577;-1.9406;172644;71.4701;Infinity;2399.55;2.9403;-6.5839;1.1804;1.5120;-43.6263;41.7634;354.9720;352.4805;349.7754;103.2537;354.5971;358.7400;LeftFalse_RightFalse;LeftFalse_RightTrue;HandLeft_(-0.4, -0.4, -0.1)_(-0.8, 0.2, 0.5, 0.3)_1.012537_System.String[];HandLeft_(0.2, -0.8, -0.1)_(0.7, 0.5, -0.4, -0.2)_0.9825718_System.String[];HandRight_(-0.4, -0.6, -0.3)_(0.4, 0.5, 0.4, -0.6)_1.012537_System.String[];HandRight_(0.5, -0.6, -0.2)_(0.0, -0.3, -0.5, 0.8)_0.9825718_System.String[];34.6133;0.6486;0.4291;2.9209;-6.6777;1.2082;1.1149;-43.6497;41.4113;356.1866;356.9760;337.6909;129.0717;357.0213;4.5236
0.5346;0.9890;False;False;3.0118;-6.8456;0.0314;0.0313;-43.3288;41.0612;0.1332;359.9007;304.0146;97.9166;0.0510;359.5886;2.3131;-0.0130;-0.0059;2.0776;-0.7088;-1.9237;172647;71.72775;Infinity;2399.59;2.8554;-6.4816;1.1798;1.5115;-43.5380;41.7308;354.9665;352.4877;351.0278;103.9715;354.6109;358.7571;LeftFalse_RightFalse;LeftFalse_RightTrue;HandLeft_(-0.4, -0.4, -0.1)_(-0.8, 0.2, 0.4, 0.3)_1.012537_System.String[];HandLeft_(0.2, -0.8, -0.1)_(0.7, 0.5, -0.4, -0.2)_0.9825718_System.String[];HandRight_(-0.4, -0.6, -0.3)_(0.4, 0.5, 0.4, -0.6)_1.012537_System.String[];HandRight_(0.5, -0.6, -0.2)_(0.0, -0.3, -0.5, 0.8)_0.9825718_System.String[];34.6550;0.6492;0.4262;2.8351;-6.5802;1.2077;1.1146;-43.5615;41.3793;356.0702;356.8844;338.6120;130.1726;356.9284;4.5244
0.5330;0.9791;False;False;2.9322;-6.7470;0.0309;0.0310;-43.2405;41.0302;0.1398;359.9091;305.2932;98.6716;0.0643;359.6018;2.3974;-0.0134;-0.0077;2.1447;-0.7621;-1.9040;172650;71.86256;Infinity;2399.64;2.7713;-6.3754;1.1791;1.5110;-43.4465;41.6957;354.9612;352.4949;352.2997;104.7167;354.6247;358.7726;LeftFalse_RightFalse;LeftFalse_RightTrue;HandLeft_(-0.4, -0.4, -0.1)_(-0.8, 0.2, 0.4, 0.3)_1.012537_System.String[];HandLeft_(0.2, -0.8, -0.1)_(0.7, 0.5, -0.5, -0.2)_0.9825718_System.String[];HandRight_(-0.4, -0.6, -0.3)_(0.4, 0.5, 0.4, -0.6)_1.012537_System.String[];HandRight_(0.5, -0.6, -0.2)_(0.0, -0.4, -0.5, 0.8)_0.9825718_System.String[];34.6968;0.6498;0.4231;2.7502;-6.4789;1.2070;1.1143;-43.4699;41.3447;356.0006;356.8502;339.6444;131.3269;356.7966;4.4633
0.5307;0.9663;False;False;2.8533;-6.6445;0.0303;0.0307;-43.1489;40.9967;0.1466;359.9172;306.5946;99.4538;0.0777;359.6137;2.4795;-0.0137;-0.0088;2.2120;-0.8175;-1.8816;172653;71.76621;Infinity;2399.68;2.6882;-6.2653;1.1785;1.5105;-43.3521;41.6578;354.9560;352.5016;353.5888;105.4863;354.6388;358.7857;LeftFalse_RightFalse;LeftFalse_RightTrue;HandLeft_(-0.4, -0.4, -0.1)_(-0.8, 0.2, 0.4, 0.3)_1.012537_System.String[];HandLeft_(0.2, -0.8, -0.1)_(0.7, 0.5, -0.4, -0.2)_0.9825718_System.String[];HandRight_(-0.4, -0.6, -0.3)_(0.4, 0.5, 0.4, -0.6)_1.012537_System.String[];HandRight_(0.5, -0.6, -0.2)_(0.0, -0.3, -0.5, 0.8)_0.9825718_System.String[];34.7385;0.6502;0.4201;2.6664;-6.3739;1.2064;1.1139;-43.3752;41.3075;355.9279;356.8883;340.7802;132.5791;356.6956;4.3816
0.5287;0.9527;False;False;2.7752;-6.5381;0.0297;0.0303;-43.0540;40.9606;0.1536;359.9255;307.9178;100.2619;0.0914;359.6253;2.5975;-0.0143;-0.0100;2.3130;-0.9049;-1.8427;172656;71.65534;Infinity;2399.72;2.6052;-6.1503;1.1779;1.5099;-43.2535;41.6168;354.9506;352.5085;354.9103;106.2886;354.6532;358.7983;LeftFalse_RightFalse;LeftFalse_RightTrue;HandLeft_(-0.4, -0.4, -0.1)_(-0.8, 0.2, 0.4, 0.3)_1.012537_System.String[];HandLeft_(0.2, -0.8, -0.1)_(0.7, 0.5, -0.5, -0.2)_0.9825718_System.String[];HandRight_(-0.4, -0.6, -0.3)_(0.4, 0.5, 0.4, -0.6)_1.012537_System.String[];HandRight_(0.5, -0.6, -0.2)_(0.0, -0.3, -0.5, 0.8)_0.9825718_System.String[];34.7805;0.6507;0.4171;2.5828;-6.2640;1.2057;1.1135;-43.2765;41.2674;355.8677;356.9221;341.8859;133.8855;356.6429;4.3000
0.5273;0.9372;False;False;2.6979;-6.4277;0.0291;0.0298;-42.9557;40.9217;0.1606;359.9341;309.2651;101.0973;0.1054;359.6370;2.6727;-0.0147;-0.0108;2.3803;-0.9657;-1.8131;172659;71.50514;Infinity;2399.76;2.5234;-6.0315;1.1772;1.5093;-43.1517;41.5728;354.9451;352.5157;356.2503;107.1147;354.6678;358.8109;LeftFalse_RightFalse;LeftFalse_RightTrue;HandLeft_(-0.4, -0.4, -0.1)_(-0.8, 0.2, 0.4, 0.3)_1.012537_System.String[];HandLeft_(0.2, -0.8, -0.1)_(0.6, 0.6, -0.5, -0.2)_0.9825718_System.String[];HandRight_(-0.4, -0.6, -0.3)_(0.4, 0.5, 0.4, -0.6)_1.012537_System.String[];HandRight_(0.5, -0.6, -0.2)_(0.1, -0.3, -0.5, 0.8)_0.9825718_System.String[];34.8228;0.6508;0.4131;2.5000;-6.1505;1.2051;1.1130;-43.1746;41.2247;355.7732;356.9719;342.9536;135.2373;356.5961;4.2827
0.5262;0.9205;False;False;2.6229;-6.3157;0.0285;0.0280;-42.8556;40.8810;0.1677;0.0021;310.6136;101.9442;0.1194;359.5316;2.7095;-0.0151;-0.3639;2.4474;-1.0978;-1.7808;172662;71.73937;Infinity;2399.80;2.4439;-5.9107;1.1765;1.5086;-43.0480;41.5264;354.9395;352.5231;357.5919;107.9526;354.6825;358.8234;LeftFalse_RightFalse;LeftFalse_RightTrue;HandLeft_(-0.4, -0.4, -0.1)_(-0.8, 0.2, 0.4, 0.3)_1.012537_System.String[];HandLeft_(0.2, -0.8, -0.1)_(0.6, 0.6, -0.5, -0.2)_0.9825718_System.String[];HandRight_(-0.4, -0.6, -0.3)_(0.4, 0.5, 0.4, -0.6)_1.012537_System.String[];HandRight_(0.5, -0.6, -0.2)_(0.1, -0.3, -0.4, 0.8)_0.9825718_System.String[];34.8643;0.6508;0.4082;2.4195;-6.0349;1.2044;1.1124;-43.0709;41.1798;355.6981;357.0177;344.0052;136.5622;356.5410;4.2760
0.5255;0.9002;False;False;2.5484;-6.2025;0.0278;0.0146;-42.7512;40.8399;0.1748;0.5876;311.9951;102.8127;0.1339;358.4868;2.7728;-0.0155;-0.2584;2.5144;-1.1938;-1.7457;172665;71.47052;Infinity;2399.85;2.3650;-5.7813;1.1758;1.5057;-42.9401;41.4548;354.9338;353.0918;358.9634;108.9246;354.6975;358.0028;LeftFalse_RightFalse;LeftFalse_RightTrue;HandLeft_(-0.4, -0.4, -0.1)_(-0.8, 0.2, 0.4, 0.3)_1.012537_System.String[];HandLeft_(0.2, -0.8, -0.1)_(0.6, 0.6, -0.5, -0.2)_0.9825718_System.String[];HandRight_(-0.4, -0.6, -0.3)_(0.4, 0.5, 0.4, -0.6)_1.012537_System.String[];HandRight_(0.5, -0.6, -0.2)_(0.1, -0.3, -0.4, 0.8)_0.9825718_System.String[];34.9065;0.6507;0.4013;2.3395;-5.9127;1.2041;1.1044;-42.9630;41.1167;355.5724;357.9128;345.0674;137.9300;356.5094;3.8407
0.5249;0.8766;False;False;2.4762;-6.0866;0.0272;0.0054;-42.6450;40.7932;0.1818;0.9877;313.3792;103.6695;0.1484;357.8941;2.8492;-0.0159;-0.1795;2.5810;-1.2417;-1.7077;172668;71.6475;Infinity;2399.89;2.2881;-5.6502;1.1751;1.5011;-42.8296;41.3817;354.9279;353.6265;0.3438;109.8675;354.7125;357.3372;LeftFalse_RightFalse;LeftFalse_RightTrue;HandLeft_(-0.4, -0.4, -0.1)_(-0.8, 0.2, 0.4, 0.3)_1.012537_System.String[];HandLeft_(0.2, -0.8, -0.1)_(0.6, 0.6, -0.5, -0.2)_0.9825718_System.String[];HandRight_(-0.4, -0.6, -0.3)_(0.4, 0.5, 0.4, -0.6)_1.012537_System.String[];HandRight_(0.5, -0.6, -0.2)_(0.1, -0.3, -0.4, 0.8)_0.9825718_System.String[];34.9482;0.6506;0.3929;2.2617;-5.7888;1.2036;1.0958;-42.8523;41.0512;355.5075;358.6944;346.1501;139.2609;356.4375;3.5463
0.5241;0.8520;False;False;2.4057;-5.9669;0.0265;-0.0009;-42.5358;40.7430;0.1888;1.2509;314.7791;104.5361;0.1632;357.5553;2.9221;-0.0163;-0.1246;2.6474;-1.2841;-1.6669;172671;71.72659;Infinity;2399.93;2.2132;-5.5181;1.1744;1.4969;-42.7163;41.3130;354.9218;353.9750;1.7373;110.7775;354.7277;356.9638;LeftFalse_RightFalse;LeftFalse_RightTrue;HandLeft_(-0.4, -0.4, -0.1)_(-0.8, 0.2, 0.4, 0.3)_1.012537_System.String[];HandLeft_(0.2, -0.8, -0.1)_(0.6, 0.6, -0.5, -0.1)_0.9825718_System.String[];HandRight_(-0.4, -0.6, -0.3)_(0.4, 0.5, 0.4, -0.6)_1.012537_System.String[];HandRight_(0.4, -0.6, -0.2)_(0.1, -0.3, -0.4, 0.8)_0.9825718_System.String[];34.9900;0.6505;0.3849;2.1859;-5.6631;1.2031;1.0894;-42.7389;40.9876;355.5269;359.1567;347.3024;140.5877;356.3112;3.4490
0.5229;0.8278;False;False;2.3373;-5.8441;0.0258;-0.0052;-42.4241;40.6899;0.1957;1.4214;316.1900;105.4150;0.1782;357.3549;2.9889;-0.0167;-0.0878;2.7133;-1.3315;-1.6230;172674;71.8531;Infinity;2399.97;2.1403;-5.3846;1.1736;1.4935;-42.6004;41.2460;354.9155;354.1979;3.1415;111.6786;354.7429;356.7492;LeftFalse_RightFalse;LeftFalse_RightTrue;HandLeft_(-0.4, -0.4, -0.1)_(-0.8, 0.2, 0.4, 0.3)_1.012537_System.String[];HandLeft_(0.2, -0.8, -0.1)_(0.6, 0.6, -0.5, -0.2)_0.9825718_System.String[];HandRight_(-0.4, -0.6, -0.3)_(0.4, 0.5, 0.4, -0.6)_1.012537_System.String[];HandRight_(0.4, -0.6, -0.2)_(0.2, -0.4, -0.4, 0.8)_0.9825718_System.String[];35.0317;0.6505;0.3769;2.1123;-5.5357;1.2024;1.0848;-42.6227;40.9246;355.5810;359.4738;348.4384;141.8655;356.2896;3.4334
0.5212;0.8088;False;False;2.2708;-5.7183;0.0251;-0.0082;-42.3095;40.6342;0.2024;1.5326;317.6154;106.3070;0.1934;357.2288;3.0494;-0.0171;-0.0630;2.7785;-1.3849;-1.5761;172677;71.92587;Infinity;2400.01;2.0695;-5.2493;1.1728;1.4910;-42.4814;41.1788;354.9090;354.3416;4.5607;112.5834;354.7582;356.6187;LeftFalse_RightFalse;LeftFalse_RightTrue;HandLeft_(-0.4, -0.4, -0.1)_(-0.8, 0.2, 0.4, 0.3)_1.012537_System.String[];HandLeft_(0.2, -0.8, -0.1)_(0.6, 0.6, -0.5, -0.2)_0.9825718_System.String[];HandRight_(-0.4, -0.6, -0.3)_(0.4, 0.5, 0.4, -0.6)_1.012537_System.String[];HandRight_(0.4, -0.6, -0.2)_(0.2, -0.4, -0.4, 0.8)_0.9825718_System.String[];35.0735;0.6505;0.3685;2.0405;-5.4060;1.2017;1.0815;-42.5036;40.8609;355.5975;359.7158;349.5949;143.1410;356.2666;3.4304
0.5197;0.7950;False;False;2.2052;-5.5874;0.0244;-0.0108;-42.1899;40.5748;0.2093;1.6256;319.0836;107.2270;0.2093;357.1069;3.1038;-0.0175;-0.0611;2.8430;-1.4466;-1.5261;172680;71.35265;Infinity;2400.06;1.9998;-5.1100;1.1720;1.4891;-42.3575;41.1086;354.9020;354.4489;6.0166;113.5097;354.7740;356.5133;LeftFalse_RightFalse;LeftFalse_RightTrue;HandLeft_(-0.4, -0.4, -0.1)_(-0.8, 0.2, 0.4, 0.3)_1.012537_System.String[];HandLeft_(0.2, -0.8, -0.1)_(0.6, 0.6, -0.5, -0.2)_0.9825718_System.String[];HandRight_(-0.4, -0.6, -0.3)_(0.4, 0.5, 0.4, -0.6)_1.012537_System.String[];HandRight_(0.4, -0.6, -0.2)_(0.2, -0.4, -0.4, 0.8)_0.9825718_System.String[];35.1160;0.6497;0.3602;1.9698;-5.2722;1.2009;1.0790;-42.3794;40.7941;355.5098;359.9049;350.7765;144.3870;356.2299;3.4328
0.5186;0.7856;False;False;2.1417;-5.4558;0.0209;-0.0132;-42.0690;40.5133;0.1100;1.7089;320.5306;108.1413;0.0005;356.9869;3.1558;-0.0846;-0.0577;2.9170;-1.5116;-1.4591;172683;71.48343;Infinity;2400.10;1.9353;-4.9692;1.1701;1.4875;-42.2305;41.0356;354.9608;354.5482;7.4857;114.4409;354.6318;356.4023;LeftFalse_RightFalse;LeftFalse_RightTrue;HandLeft_(-0.4, -0.4, -0.1)_(-0.8, 0.2, 0.4, 0.3)_1.012537_System.String[];HandLeft_(0.2, -0.8, -0.1)_(0.6, 0.6, -0.5, -0.1)_0.9825718_System.String[];HandRight_(-0.4, -0.6, -0.3)_(0.4, 0.5, 0.4, -0.6)_1.012537_System.String[];HandRight_(0.4, -0.6, -0.2)_(0.2, -0.4, -0.5, 0.8)_0.9825718_System.String[];35.1580;0.6472;0.3510;1.9043;-5.1367;1.1992;1.0767;-42.2517;40.7250;355.4285;0.0511;351.9777;145.6071;356.0152;3.3829
0.5178;0.7810;False;False;2.0816;-5.3226;0.0180;-0.0155;-41.9456;40.4492;0.0399;1.7876;321.9771;109.0518;359.8788;356.8673;3.2052;-0.0618;-0.0566;2.9795;-1.5782;-1.4061;172686;71.68425;Infinity;2400.14;1.8748;-4.8279;1.1677;1.4860;-42.1018;40.9604;355.0184;354.6408;8.9416;115.3644;354.4658;356.2927;LeftFalse_RightFalse;LeftFalse_RightTrue;HandLeft_(-0.4, -0.4, -0.1)_(-0.8, 0.2, 0.4, 0.3)_1.012537_System.String[];HandLeft_(0.2, -0.8, -0.1)_(0.6, 0.6, -0.5, -0.1)_0.9825718_System.String[];HandRight_(-0.4, -0.6, -0.3)_(0.4, 0.5, 0.4, -0.6)_1.012537_System.String[];HandRight_(0.4, -0.6, -0.2)_(0.2, -0.3, -0.5, 0.8)_0.9825718_System.String[];35.1995;0.6434;0.3430;1.8425;-5.0009;1.1969;1.0746;-42.1225;40.6539;355.2912;0.1002;353.1285;146.7373;355.8106;3.2940
0.5172;0.7794;False;False;2.0236;-5.1870;0.0131;-0.0179;-41.8204;40.3820;0.1272;1.8661;323.4344;109.9627;359.5786;356.7454;3.2753;-0.1504;-0.0550;3.0845;-1.6821;-1.2976;172689;71.74921;Infinity;2400.18;1.8159;-4.6842;1.1651;1.4845;-41.9689;40.8817;355.1292;354.7328;10.4095;116.2912;354.3558;356.1808;LeftFalse_RightFalse;LeftFalse_RightTrue;HandLeft_(-0.4, -0.4, -0.1)_(-0.8, 0.2, 0.4, 0.3)_1.012537_System.String[];HandLeft_(0.2, -0.8, -0.1)_(0.6, 0.6, -0.5, -0.1)_0.9825718_System.String[];HandRight_(-0.4, -0.6, -0.3)_(0.4, 0.5, 0.4, -0.6)_1.012537_System.String[];HandRight_(0.4, -0.6, -0.2)_(0.2, -0.3, -0.5, 0.8)_0.9825718_System.String[];35.2415;0.6369;0.3348;1.7824;-4.8624;1.1945;1.0726;-41.9891;40.5796;355.2616;0.0766;354.3131;147.7683;355.6281;3.2225
0.5160;0.7788;False;False;1.9687;-5.0485;0.0075;-0.0201;-41.6920;40.3113;0.2939;1.9406;324.8986;110.8760;359.2585;356.6313;3.3172;-0.0988;-0.0610;3.1395;-1.7521;-1.2461;172692;71.53985;Infinity;2400.22;1.7617;-4.5386;1.1602;1.4831;-41.8285;40.7999;355.5608;354.8212;11.8801;117.2158;354.2180;356.0740;LeftFalse_RightFalse;LeftFalse_RightTrue;HandLeft_(-0.4, -0.4, -0.1)_(-0.8, 0.2, 0.5, 0.2)_1.012537_System.String[];HandLeft_(0.2, -0.8, -0.1)_(0.6, 0.6, -0.5, -0.1)_0.9825718_System.String[];HandRight_(-0.4, -0.6, -0.3)_(0.4, 0.5, 0.4, -0.6)_1.012537_System.String[];HandRight_(0.4, -0.6, -0.2)_(0.2, -0.3, -0.5, 0.8)_0.9825718_System.String[];35.2834;0.6290;0.3271;1.7272;-4.7223;1.1899;1.0709;-41.8480;40.5023;355.6220;0.0659;355.4646;148.7427;355.4054;3.1595
0.5138;0.7784;False;False;1.9168;-4.9092;0.0040;-0.0227;-41.5611;40.2381;0.4008;2.0279;326.3607;111.7814;359.1114;356.4921;3.3608;-0.0633;-0.0567;3.1904;-1.8270;-1.2021;172695;71.70244;Infinity;2400.27;1.7084;-4.3913;1.1567;1.4816;-41.6882;40.7145;355.7899;354.9198;13.3482;118.1404;354.1783;355.9509;LeftFalse_RightFalse;LeftFalse_RightTrue;HandLeft_(-0.4, -0.4, -0.1)_(-0.8, 0.2, 0.5, 0.2)_1.012537_System.String[];HandLeft_(0.2, -0.8, -0.1)_(0.6, 0.6, -0.6, -0.1)_0.9825718_System.String[];HandRight_(-0.4, -0.6, -0.3)_(0.4, 0.5, 0.4, -0.6)_1.012537_System.String[];HandRight_(0.4, -0.6, -0.2)_(0.2, -0.4, -0.5, 0.8)_0.9825718_System.String[];35.3252;0.6190;0.3195;1.6727;-4.5802;1.1865;1.0689;-41.7071;40.4214;355.7217;0.1509;356.6111;149.7316;355.2553;3.0431
0.5122;0.7781;False;False;1.8670;-4.7676;0.0017;-0.0250;-41.4271;40.1612;0.4653;2.0996;327.8312;112.6873;359.0559;356.3893;3.4011;-0.0395;-0.0556;3.2409;-1.8999;-1.1585;172698;71.70785;Infinity;2400.31;1.6563;-4.2425;1.1543;1.4799;-41.5471;40.6263;355.9020;355.0096;14.8183;119.0600;354.1807;355.8461;LeftFalse_RightFalse;LeftFalse_RightTrue;HandLeft_(-0.4, -0.4, -0.1)_(-0.8, 0.2, 0.5, 0.2)_1.012537_System.String[];HandLeft_(0.2, -0.8, -0.1)_(0.6, 0.6, -0.6, 0.0)_0.9825718_System.String[];HandRight_(-0.4, -0.6, -0.3)_(0.4, 0.5, 0.4, -0.6)_1.012537_System.String[];HandRight_(0.4, -0.6, -0.2)_(0.1, -0.4, -0.5, 0.8)_0.9825718_System.String[];35.3669;0.6075;0.3130;1.6194;-4.4366;1.1842;1.0668;-41.5654;40.3375;355.7617;0.2224;357.7084;150.7403;355.1447;2.8874
0.5110;0.7779;False;False;1.8195;-4.6249;0.0004;-0.0272;-41.2912;40.0814;0.5001;2.1677;329.2950;113.5886;359.0506;356.2921;3.4392;-0.0241;-0.0560;3.2918;-1.9746;-1.1122;172701;71.83844;Infinity;2400.35;1.6061;-4.0929;1.1528;1.4783;-41.4053;40.5354;355.9454;355.0894;16.2815;119.9730;354.2000;355.7562;LeftFalse_RightFalse;LeftFalse_RightTrue;HandLeft_(-0.4, -0.4, -0.1)_(-0.8, 0.2, 0.5, 0.3)_1.012537_System.String[];HandLeft_(0.2, -0.8, -0.1)_(0.6, 0.6, -0.6, 0.0)_0.9825718_System.String[];HandRight_(-0.4, -0.6, -0.3)_(0.4, 0.5, 0.4, -0.6)_1.012537_System.String[];HandRight_(0.4, -0.6, -0.2)_(0.1, -0.3, -0.5, 0.8)_0.9825718_System.String[];35.4087;0.5939;0.3052;1.5679;-4.2920;1.1828;1.0648;-41.4230;40.2509;355.6698;0.2009;358.7270;151.7009;355.0743;2.7625
0.5101;0.7777;False;False;1.7741;-4.4806;-0.0006;-0.0295;-41.1530;39.9984;0.5097;2.2350;330.7497;114.4865;359.0584;356.1951;3.4762;-0.0210;-0.0572;3.3443;-2.0498;-1.0650;172704;71.92297;Infinity;2400.39;1.5580;-3.9419;1.1517;1.4766;-41.2618;40.4413;355.9521;355.1675;17.7387;120.8834;354.2188;355.6678;LeftFalse_RightFalse;LeftFalse_RightTrue;HandLeft_(-0.4, -0.4, -0.1)_(-0.8, 0.2, 0.5, 0.3)_1.012537_System.String[];HandLeft_(0.2, -0.8, -0.1)_(0.6, 0.6, -0.6, 0.0)_0.9825718_System.String[];HandRight_(-0.4, -0.6, -0.3)_(0.4, 0.5, 0.4, -0.6)_1.012537_System.String[];HandRight_(0.5, -0.6, -0.2)_(0.1, -0.3, -0.5, 0.8)_0.9825718_System.String[];35.4504;0.5802;0.2961;1.5182;-4.1460;1.1822;1.0630;-41.2786;40.1610;355.4501;0.1650;359.7191;152.5664;355.0073;2.6770
0.5095;0.7780;False;False;1.7313;-4.3347;-0.0030;-0.0320;-41.0124;39.9122;0.5681;2.3091;332.1916;115.3783;359.2054;356.0833;3.5094;-0.1563;-0.0705;3.3922;-2.1239;-1.0364;172707;71.95787;Infinity;2400.43;1.5122;-3.7895;1.1508;1.4749;-41.1162;40.3437;355.9435;355.2464;19.1853;121.7895;354.2203;355.5777;LeftFalse_RightFalse;LeftFalse_RightTrue;HandLeft_(-0.4, -0.4, -0.1)_(-0.8, 0.2, 0.5, 0.3)_1.012537_System.String[];HandLeft_(0.2, -0.8, -0.1)_(0.6, 0.6, -0.5, -0.1)_0.9825718_System.String[];HandRight_(-0.4, -0.6, -0.3)_(0.4, 0.5, 0.4, -0.6)_1.012537_System.String[];HandRight_(0.5, -0.6, -0.2)_(0.1, -0.3, -0.5, 0.8)_0.9825718_System.String[];35.4919;0.5680;0.2863;1.4710;-3.9983;1.1817;1.0611;-41.1319;40.0676;355.2433;0.1168;0.6355;153.3678;355.0440;2.5717
0.5090;0.7789;False;False;1.6911;-4.1859;-0.0083;-0.0262;-40.8688;39.8179;0.7368;2.0072;333.6326;116.2848;359.5774;356.7294;3.5733;-0.1055;0.6112;3.4386;-2.1323;-0.9936;172710;71.73384;Infinity;2400.47;1.4613;-3.6353;1.1432;1.4730;-40.9682;40.2413;355.7615;355.3568;20.5914;122.6963;354.6458;355.4398;LeftFalse_RightFalse;LeftFalse_RightTrue;HandLeft_(-0.3, -0.4, -0.1)_(-0.8, 0.2, 0.6, 0.2)_1.012537_System.String[];HandLeft_(0.2, -0.8, -0.1)_(0.6, 0.6, -0.5, -0.1)_0.9825718_System.String[];HandRight_(-0.4, -0.6, -0.3)_(0.4, 0.5, 0.4, -0.6)_1.012537_System.String[];HandRight_(0.5, -0.6, -0.2)_(0.1, -0.4, -0.5, 0.8)_0.9825718_System.String[];35.5339;0.5582;0.2766;1.4178;-3.8486;1.1741;1.0585;-40.9829;39.9699;355.1331;0.0910;1.3932;154.1180;355.6284;2.4010
0.5087;0.7803;False;False;1.6523;-4.0311;-0.0118;-0.0165;-40.7234;39.7198;0.8191;0.7244;335.0572;117.1825;359.7685;357.5694;3.5814;-0.0710;0.1419;3.4892;-2.1667;-0.9296;172713;71.70905;Infinity;2400.52;1.4153;-3.4885;1.1380;1.4806;-40.8171;40.1797;355.6589;353.9362;22.0037;123.4538;354.8840;356.7310;LeftFalse_RightFalse;LeftFalse_RightTrue;HandLeft_(-0.3, -0.4, -0.1)_(-0.8, 0.2, 0.6, 0.2)_1.012537_System.String[];HandLeft_(0.2, -0.8, -0.1)_(0.6, 0.6, -0.5, 0.0)_0.9825718_System.String[];HandRight_(-0.4, -0.6, -0.3)_(0.4, 0.5, 0.4, -0.6)_1.012537_System.String[];HandRight_(0.5, -0.6, -0.2)_(0.0, -0.3, -0.6, 0.8)_0.9825718_System.String[];35.5759;0.5494;0.2715;1.3697;-3.7026;1.1690;1.0734;-40.8305;39.8983;355.0430;358.0735;2.1155;154.8605;356.0043;2.6389
0.5085;0.7820;False;False;1.6158;-3.8771;-0.0141;-0.0131;-40.5765;39.6237;0.8478;359.8135;336.4611;118.0115;359.8607;357.8240;3.5891;-0.0481;0.0533;3.5398;-2.2308;-0.8612;172716;71.80931;Infinity;2400.56;1.3745;-3.3478;1.1349;1.4869;-40.6651;40.0956;355.6018;352.8674;23.4002;124.2719;354.9950;356.9585;LeftFalse_RightFalse;LeftFalse_RightTrue;HandLeft_(-0.3, -0.4, -0.1)_(-0.8, 0.2, 0.6, 0.2)_1.012537_System.String[];HandLeft_(0.2, -0.8, -0.1)_(0.6, 0.6, -0.5, 0.0)_0.9825718_System.String[];HandRight_(-0.4, -0.6, -0.3)_(0.4, 0.5, 0.4, -0.6)_1.012537_System.String[];HandRight_(0.5, -0.6, -0.2)_(0.0, -0.4, -0.5, 0.8)_0.9825718_System.String[];35.6177;0.5408;0.2736;1.3269;-3.5608;1.1659;1.0808;-40.6771;39.8119;355.0305;357.0086;2.8074;155.5886;356.2347;2.2005
0.5090;0.7853;False;False;1.5818;-3.7237;-0.0157;-0.0126;-40.4269;39.5262;0.8420;359.2184;337.8552;118.7900;359.8933;357.8831;3.5920;-0.0356;-0.0054;3.5889;-2.3003;-0.7939;172719;71.70953;Infinity;2400.60;1.3380;-3.2031;1.1329;1.4905;-40.5110;40.0020;355.5678;352.1768;24.7891;125.0591;355.0323;356.9894;LeftFalse_RightFalse;LeftFalse_RightTrue;HandLeft_(-0.3, -0.4, -0.1)_(-0.7, 0.1, 0.6, 0.3)_1.012537_System.String[];HandLeft_(0.2, -0.8, -0.1)_(0.5, 0.6, -0.6, 0.0)_0.9825718_System.String[];HandRight_(-0.4, -0.6, -0.3)_(0.4, 0.5, 0.4, -0.6)_1.012537_System.String[];HandRight_(0.5, -0.6, -0.2)_(0.0, -0.4, -0.5, 0.8)_0.9825718_System.String[];35.6594;0.5299;0.2760;1.2881;-3.4161;1.1640;1.0845;-40.5215;39.7183;354.9360;356.4132;3.4557;156.2458;356.3791;1.8090
0.5097;0.7907;False;False;1.5502;-3.5701;-0.0170;-0.0140;-40.2743;39.4258;0.8122;358.8408;339.2414;119.5422;359.8850;357.8392;3.6153;-0.0260;-0.0565;3.6606;-2.4348;-0.6969;172722;71.54366;Infinity;2400.64;1.3048;-3.0535;1.1315;1.4921;-40.3530;39.9000;355.5504;351.7394;26.1851;125.8292;355.0164;356.9219;LeftFalse_RightFalse;LeftFalse_RightTrue;HandLeft_(-0.3, -0.4, -0.1)_(-0.7, 0.1, 0.6, 0.3)_1.012537_System.String[];HandLeft_(0.2, -0.8, -0.1)_(0.5, 0.7, -0.6, 0.0)_0.9825718_System.String[];HandRight_(-0.4, -0.6, -0.3)_(0.4, 0.5, 0.4, -0.6)_1.012537_System.String[];HandRight_(0.5, -0.6, -0.2)_(0.0, -0.4, -0.5, 0.7)_0.9825718_System.String[];35.7014;0.5161;0.2809;1.2528;-3.2680;1.1628;1.0855;-40.3622;39.6181;354.8639;356.0746;4.1240;156.8755;356.5074;1.4406
0.5113;0.7977;False;False;1.5214;-3.4165;-0.0180;-0.0166;-40.1202;39.3219;0.7692;358.6067;340.6048;120.2856;359.8557;357.7442;3.6437;-0.0231;-0.0753;3.7073;-2.5411;-0.6365;172725;71.58854;Infinity;2400.68;1.2752;-2.9015;1.1305;1.4921;-40.1936;39.7916;355.5409;351.4739;27.5625;126.5896;354.9716;356.8083;LeftFalse_RightFalse;LeftFalse_RightTrue;HandLeft_(-0.3, -0.4, -0.2)_(-0.7, 0.1, 0.6, 0.3)_1.012537_System.String[];HandLeft_(0.2, -0.8, -0.1)_(0.5, 0.7, -0.5, -0.1)_0.9825718_System.String[];HandRight_(-0.4, -0.6, -0.3)_(0.4, 0.5, 0.4, -0.6)_1.012537_System.String[];HandRight_(0.5, -0.6, -0.2)_(0.0, -0.4, -0.5, 0.7)_0.9825718_System.String[];35.7434;0.4975;0.2892;1.2207;-3.1183;1.1620;1.0850;-40.2016;39.5126;354.7819;355.8424;4.7129;157.5460;356.6829;1.0180
0.5125;0.8046;False;False;1.4964;-3.2634;-0.0161;-0.0199;-39.9651;39.2147;0.8300;358.4660;341.9457;121.0566;0.0546;357.6256;3.6451;0.0815;-0.0810;3.7473;-2.6305;-0.6052;172728;71.7826;Infinity;2400.73;1.2470;-2.7481;1.1306;1.4911;-40.0335;39.6779;355.4897;351.3190;28.9018;127.3627;355.0214;356.6747;LeftFalse_RightFalse;LeftFalse_RightTrue;HandLeft_(-0.3, -0.4, -0.2)_(-0.7, 0.1, 0.6, 0.3)_1.012537_System.String[];HandLeft_(0.2, -0.8, -0.1)_(0.5, 0.7, -0.5, -0.1)_0.9825718_System.String[];HandRight_(-0.4, -0.6, -0.3)_(0.4, 0.5, 0.4, -0.6)_1.012537_System.String[];HandRight_(0.5, -0.7, -0.2)_(0.0, -0.4, -0.5, 0.7)_0.9825718_System.String[];35.7852;0.4776;0.2983;1.1900;-2.9676;1.1620;1.0835;-40.0402;39.4028;354.6585;355.6179;5.2566;158.2997;356.9530;0.5918
0.5133;0.8099;False;False;1.4733;-3.1106;-0.0132;-0.0234;-39.8084;39.1038;0.9196;358.3846;343.2674;121.8781;0.2771;357.4986;3.6447;0.0542;-0.0943;3.7901;-2.7232;-0.5591;172731;71.88889;Infinity;2400.77;1.2173;-2.5931;1.1326;1.4895;-39.8711;39.5589;355.3575;351.2369;30.2074;128.1834;355.2919;356.5428;LeftFalse_RightFalse;LeftFalse_RightTrue;HandLeft_(-0.3, -0.4, -0.2)_(-0.7, 0.1, 0.6, 0.3)_1.012537_System.String[];HandLeft_(0.2, -0.8, -0.1)_(0.5, 0.7, -0.5, -0.1)_0.9825718_System.String[];HandRight_(-0.4, -0.6, -0.3)_(0.4, 0.5, 0.4, -0.6)_1.012537_System.String[];HandRight_(0.5, -0.7, -0.2)_(0.0, -0.4, -0.6, 0.7)_0.9825718_System.String[];35.8267;0.4535;0.3079;1.1573;-2.8160;1.1638;1.0816;-39.8769;39.2883;354.6274;355.3600;5.7112;159.1677;357.4309;0.2214
0.5140;0.8134;False;False;1.4515;-2.9579;-0.0113;-0.0273;-39.6499;38.9890;0.9663;358.3326;344.5501;122.7509;0.3889;357.3559;3.6419;0.0334;-0.0965;3.8338;-2.8178;-0.5069;172734;71.94031;Infinity;2400.81;1.1917;-2.4376;1.1341;1.4876;-39.7068;39.4347;355.2930;351.1918;31.4910;129.0580;355.4324;356.3929;LeftFalse_RightFalse;LeftFalse_RightTrue;HandLeft_(-0.3, -0.4, -0.2)_(-0.7, 0.1, 0.6, 0.3)_1.012537_System.String[];HandLeft_(0.2, -0.8, -0.1)_(0.5, 0.7, -0.5, -0.1)_0.9825718_System.String[];HandRight_(-0.4, -0.6, -0.3)_(0.4, 0.5, 0.4, -0.6)_1.012537_System.String[];HandRight_(0.5, -0.7, -0.2)_(0.0, -0.4, -0.6, 0.7)_0.9825718_System.String[];35.8684;0.4266;0.3171;1.1288;-2.6636;1.1652;1.0791;-39.7118;39.1690;354.6462;355.1276;6.0909;160.0773;357.7554;359.8883
0.5151;0.8135;False;False;1.4316;-2.8055;-0.0102;-0.0313;-39.4894;38.8700;0.9848;358.2997;345.7805;123.6738;0.4388;357.2145;3.6356;0.0180;-0.0980;3.8775;-2.9149;-0.4585;172737;71.97631;Infinity;2400.85;1.1698;-2.2817;1.1351;1.4854;-39.5410;39.3055;355.2617;351.1710;32.7341;129.9823;355.4978;356.2463;LeftFalse_RightFalse;LeftFalse_RightTrue;HandLeft_(-0.3, -0.3, -0.2)_(-0.7, 0.0, 0.6, 0.3)_1.012537_System.String[];HandLeft_(0.2, -0.7, -0.1)_(0.5, 0.7, -0.5, -0.1)_0.9825718_System.String[];HandRight_(-0.4, -0.6, -0.3)_(0.4, 0.5, 0.4, -0.6)_1.012537_System.String[];HandRight_(0.5, -0.7, -0.1)_(0.0, -0.4, -0.6, 0.7)_0.9825718_System.String[];35.9102;0.3992;0.3262;1.1039;-2.5108;1.1661;1.0763;-39.5452;39.0450;354.7126;355.0465;6.3874;160.9299;358.0705;359.6896
0.5174;0.8110;False;False;1.4134;-2.6527;-0.0097;-0.0354;-39.3262;38.7462;0.9847;358.2739;346.9559;124.6500;0.4534;357.0737;3.6252;0.0067;-0.0986;3.9205;-3.0141;-0.4143;172740;71.80766;Infinity;2400.89;1.1506;-2.1253;1.1356;1.4830;-39.3733;39.1712;355.2475;351.1602;33.9257;130.9578;355.5182;356.1014;LeftFalse_RightFalse;LeftFalse_RightTrue;HandLeft_(-0.3, -0.3, -0.2)_(-0.7, 0.0, 0.6, 0.3)_1.012537_System.String[];HandLeft_(0.2, -0.7, -0.1)_(0.6, 0.7, -0.5, -0.1)_0.9825718_System.String[];HandRight_(-0.4, -0.6, -0.3)_(0.4, 0.5, 0.4, -0.6)_1.012537_System.String[];HandRight_(0.5, -0.7, -0.1)_(0.0, -0.5, -0.6, 0.6)_0.9825718_System.String[];35.9519;0.3722;0.3354;1.0822;-2.3577;1.1665;1.0734;-39.3771;38.9161;354.7418;354.9709;6.6523;161.7249;358.3730;359.4443
0.5190;0.8078;False;False;1.3969;-2.5012;-0.0096;-0.0396;-39.1619;38.6186;0.9726;358.2418;348.0624;125.6699;0.4479;356.9191;3.6097;-0.0014;-0.1123;3.9627;-3.1140;-0.3750;172743;71.90192;Infinity;2400.93;1.1337;-1.9693;1.1358;1.4806;-39.2041;39.0319;355.2416;351.1517;35.0574;131.9810;355.5117;355.9585;LeftFalse_RightFalse;LeftFalse_RightTrue;HandLeft_(-0.4, -0.3, -0.2)_(-0.7, -0.1, 0.6, 0.4)_1.012537_System.String[];HandLeft_(0.2, -0.7, -0.2)_(0.6, 0.7, -0.4, -0.1)_0.9825718_System.String[];HandRight_(-0.4, -0.6, -0.3)_(0.4, 0.5, 0.4, -0.6)_1.012537_System.String[];HandRight_(0.4, -0.7, -0.1)_(0.0, -0.5, -0.6, 0.6)_0.9825718_System.String[];35.9937;0.3459;0.3442;1.0631;-2.2050;1.1669;1.0706;-39.2075;38.7825;354.7566;354.8557;6.9138;162.5190;358.6288;359.1780
0.5213;0.8027;False;False;1.3820;-2.3495;-0.0098;-0.0445;-38.9951;38.4862;0.9530;358.1832;349.1105;126.7403;0.4317;356.7175;3.5882;-0.0071;-0.1212;4.0038;-3.2159;-0.3364;172746;71.7932;Infinity;2400.98;1.1189;-1.8153;1.1358;1.4783;-39.0336;38.8873;355.2400;351.1223;36.1244;133.0598;355.4892;355.7575;LeftFalse_RightFalse;LeftFalse_RightTrue;HandLeft_(-0.4, -0.3, -0.2)_(-0.6, -0.1, 0.6, 0.4)_1.012537_System.String[];HandLeft_(0.2, -0.7, -0.2)_(0.7, 0.6, -0.4, -0.2)_0.9825718_System.String[];HandRight_(-0.4, -0.6, -0.3)_(0.4, 0.5, 0.4, -0.6)_1.012537_System.String[];HandRight_(0.4, -0.7, -0.1)_(-0.1, -0.5, -0.6, 0.6)_0.9825718_System.String[];36.0354;0.3205;0.3536;1.0461;-2.0537;1.1672;1.0675;-39.0364;38.6440;354.6743;354.7386;7.1573;163.3613;358.6970;358.8648
0.5229;0.7969;False;False;1.3671;-2.1976;-0.0151;-0.0494;-38.8242;38.3479;0.7429;358.1183;350.0809;127.8610;0.0219;356.5263;3.5589;-0.1278;-0.1113;4.0472;-3.3215;-0.2631;172749;71.41624;Infinity;2401.02;1.1104;-1.6616;1.1337;1.4759;-38.8614;38.7366;355.3507;351.0784;37.1509;134.1910;355.1877;355.5402;LeftFalse_RightFalse;LeftFalse_RightTrue;HandLeft_(-0.4, -0.3, -0.2)_(-0.6, 0.0, 0.7, 0.4)_1.012537_System.String[];HandLeft_(0.2, -0.7, -0.2)_(0.7, 0.6, -0.4, -0.2)_0.9825718_System.String[];HandRight_(-0.4, -0.6, -0.3)_(0.4, 0.5, 0.4, -0.6)_1.012537_System.String[];HandRight_(0.4, -0.7, -0.1)_(-0.1, -0.5, -0.7, 0.6)_0.9825718_System.String[];36.0776;0.2927;0.3621;1.0356;-1.9027;1.1656;1.0643;-38.8638;38.4997;354.5562;354.6220;7.4372;164.2974;358.3140;358.5894
0.5241;0.7904;False;False;1.3552;-2.0484;-0.0194;-0.0539;-38.6526;38.2056;0.5790;358.0667;350.9741;129.0114;359.7585;356.3832;3.5249;-0.0901;-0.1057;4.0877;-3.4273;-0.2344;172752;71.47359;Infinity;2401.06;1.1049;-1.5083;1.1305;1.4732;-38.6882;38.5814;355.4611;351.0434;38.1004;135.3523;354.8314;355.3838;LeftFalse_RightFalse;LeftFalse_RightTrue;HandLeft_(-0.4, -0.3, -0.2)_(-0.6, -0.1, 0.7, 0.4)_1.012537_System.String[];HandLeft_(0.2, -0.7, -0.2)_(0.7, 0.5, -0.4, -0.2)_0.9825718_System.String[];HandRight_(-0.4, -0.6, -0.3)_(0.4, 0.5, 0.4, -0.6)_1.012537_System.String[];HandRight_(0.4, -0.7, -0.1)_(-0.1, -0.5, -0.6, 0.6)_0.9825718_System.String[];36.1196;0.2636;0.3715;1.0285;-1.7523;1.1629;1.0612;-38.6900;38.3508;354.4243;354.5325;7.7170;165.3172;357.8748;358.4612
0.5257;0.7818;False;False;1.3461;-1.9002;-0.0275;-0.0586;-38.4774;38.0582;0.2609;358.0127;351.8172;130.2088;0.0341;356.2046;3.4651;-0.1462;-0.1327;4.1411;-3.5852;-0.2456;172755;71.40458;Infinity;2401.10;1.0939;-1.3567;1.1233;1.4706;-38.5158;38.4210;355.1865;351.0095;38.9693;136.5541;354.7166;355.2265;LeftFalse_RightFalse;LeftFalse_RightTrue;HandLeft_(-0.4, -0.3, -0.2)_(-0.5, -0.1, 0.7, 0.5)_1.012537_System.String[];HandLeft_(0.2, -0.7, -0.2)_(0.7, 0.5, -0.4, -0.2)_0.9825718_System.String[];HandRight_(-0.2, -0.3, -0.1)_(0.8, 0.4, 0.3, -0.4)_1.012537_System.String[];HandRight_(0.4, -0.7, -0.1)_(-0.1, -0.5, -0.6, 0.6)_0.9825718_System.String[];36.1616;0.2313;0.3807;1.0155;-1.6037;1.1560;1.0580;-38.5172;38.1970;354.1253;354.4370;7.8662;166.3955;357.9097;358.3645
0.5272;0.7735;False;False;1.3366;-1.7550;-0.0329;-0.0642;-38.3030;37.9078;0.0510;357.9519;352.5808;131.4364;0.1711;355.9614;3.4160;-0.0948;-0.1438;4.1787;-3.6933;-0.2398;172758;71.69346;Infinity;2401.14;1.0818;-1.2092;1.1164;1.4680;-38.3430;38.2555;354.8886;350.9782;39.7655;137.8019;354.6573;354.9836;LeftFalse_RightFalse;LeftFalse_RightTrue;HandLeft_(-0.4, -0.3, -0.2)_(-0.5, -0.1, 0.7, 0.4)_1.012537_System.String[];HandLeft_(0.2, -0.7, -0.2)_(0.7, 0.5, -0.4, -0.2)_0.9825718_System.String[];HandRight_(-0.2, -0.3, -0.1)_(0.7, 0.4, 0.3, -0.4)_1.012537_System.String[];HandRight_(0.4, -0.7, -0.1)_(-0.2, -0.6, -0.6, 0.5)_0.9825718_System.String[];36.2034;0.1929;0.3896;1.0017;-1.4587;1.1494;1.0543;-38.3436;38.0384;353.7624;354.3820;7.9385;167.5150;358.0909;358.2342
0.5283;0.7657;False;False;1.3268;-1.6200;-0.0363;-0.0518;-38.1275;37.7482;359.9207;358.6052;353.2572;132.7504;0.2272;357.3058;3.4758;-0.0582;0.5301;4.2155;-3.8082;-0.2424;172761;71.83624;Infinity;2401.18;1.0712;-1.0490;1.1122;1.4640;-38.1680;38.0911;354.7256;351.1807;40.4786;139.0079;354.5966;355.4890;LeftFalse_RightFalse;LeftFalse_RightTrue;HandLeft_(-0.4, -0.3, -0.1)_(-0.4, -0.2, 0.8, 0.4)_1.012537_System.String[];HandLeft_(0.2, -0.6, -0.2)_(0.8, 0.5, -0.4, -0.2)_0.9825718_System.String[];HandRight_(-0.2, -0.4, -0.2)_(0.7, 0.4, 0.4, -0.5)_1.012537_System.String[];HandRight_(0.4, -0.7, -0.1)_(-0.2, -0.6, -0.6, 0.5)_0.9825718_System.String[];36.2449;0.1485;0.3985;0.9898;-1.3064;1.1454;1.0534;-38.1679;37.8790;353.6195;354.1777;8.0057;168.6538;358.0516;358.8732
0.5291;0.7586;False;False;1.3164;-1.4850;-0.0383;-0.0333;-37.9508;37.5840;359.8466;359.4291;353.8296;134.2522;0.2362;358.8135;3.4721;-0.0329;0.3450;4.2507;-3.9398;-0.2575;172764;71.92004;Infinity;2401.23;1.0610;-0.8564;1.1098;1.4593;-37.9909;37.9298;354.6474;351.9168;41.0927;140.1983;354.5446;357.4978;LeftFalse_RightFalse;LeftFalse_RightTrue;HandLeft_(-0.4, -0.3, -0.1)_(-0.4, -0.3, 0.8, 0.3)_1.012537_System.String[];HandLeft_(0.2, -0.6, -0.2)_(0.8, 0.5, -0.3, -0.2)_0.9825718_System.String[];HandRight_(-0.2, -0.4, -0.2)_(0.6, 0.3, 0.4, -0.5)_1.012537_System.String[];HandRight_(0.4, -0.7, -0.1)_(-0.2, -0.6, -0.6, 0.5)_0.9825718_System.String[];36.2866;0.1035;0.4070;0.9785;-1.1325;1.1432;1.0608;-37.9899;37.7198;353.5409;353.7536;8.0188;169.7942;357.9570;1.0672
0.5297;0.7516;False;False;1.3053;-1.3463;-0.0394;-0.0216;-37.7725;37.4151;359.8106;359.9629;354.2931;135.8945;0.2191;359.6291;3.4390;-0.0161;0.1991;4.2844;-4.1142;-0.2767;172767;71.90049;Infinity;2401.27;1.0506;-0.6808;1.1085;1.4580;-37.8117;37.7507;354.6228;352.4200;41.5972;141.6593;354.5027;358.5710;LeftFalse_RightFalse;LeftFalse_RightTrue;HandLeft_(-0.4, -0.3, -0.1)_(-0.3, -0.3, 0.9, 0.2)_1.012537_System.String[];HandLeft_(0.2, -0.6, -0.2)_(0.8, 0.5, -0.4, -0.2)_0.9825718_System.String[];HandRight_(-0.2, -0.4, -0.2)_(0.6, 0.3, 0.4, -0.6)_1.012537_System.String[];HandRight_(0.4, -0.8, -0.1)_(-0.3, -0.6, -0.6, 0.5)_0.9825718_System.String[];36.3284;0.0593;0.4159;0.9674;-0.9699;1.1421;1.0662;-37.8098;37.5467;353.5416;353.6118;7.8284;171.1457;357.9537;2.2893
0.5308;0.7451;False;False;1.2929;-1.2068;-0.0398;-0.0154;-37.5918;37.2385;359.7993;0.3212;354.6426;137.6438;0.1868;0.1142;3.3608;-0.0053;0.0915;4.3160;-4.2702;-0.3065;172770;71.58997;Infinity;2401.31;1.0396;-0.5161;1.1081;1.4565;-37.6315;37.5587;354.6308;352.7613;41.9877;143.2936;354.4703;359.1879;LeftFalse_RightFalse;LeftFalse_RightTrue;HandLeft_(-0.4, -0.3, -0.1)_(-0.2, -0.4, 0.8, 0.3)_1.012537_System.String[];HandLeft_(0.2, -0.6, -0.2)_(0.8, 0.5, -0.4, -0.2)_0.9825718_System.String[];HandRight_(-0.3, -0.3, -0.3)_(0.4, 0.3, 0.4, -0.7)_1.012537_System.String[];HandRight_(0.4, -0.8, -0.1)_(-0.3, -0.6, -0.6, 0.5)_0.9825718_System.String[];36.3704;0.0181;0.4244;0.9562;-0.8154;1.1418;1.0688;-37.6286;37.3630;353.4849;353.5968;7.5000;172.6338;357.9275;3.0391
0.5331;0.7379;False;False;1.2790;-1.0695;-0.0399;-0.0133;-37.4085;37.0545;359.8035;0.5666;354.8711;139.4071;0.1455;0.4199;3.2402;0.0013;0.0162;4.3456;-4.4145;-0.3425;172773;71.35097;Infinity;2401.35;1.0269;-0.3568;1.1081;1.4538;-37.4458;37.3529;354.6597;353.0024;42.2633;145.0255;354.4434;359.5772;LeftFalse_RightFalse;LeftFalse_RightTrue;HandLeft_(-0.4, -0.4, -0.1)_(-0.1, -0.5, 0.8, 0.3)_1.012537_System.String[];HandLeft_(0.2, -0.6, -0.2)_(0.8, 0.4, -0.3, -0.2)_0.9825718_System.String[];HandRight_(-0.3, -0.3, -0.3)_(0.3, 0.2, 0.4, -0.8)_1.012537_System.String[];HandRight_(0.4, -0.8, -0.1)_(-0.4, -0.5, -0.6, 0.5)_0.9825718_System.String[];36.4128;-0.0152;0.4326;0.9436;-0.6647;1.1417;1.0687;-37.4420;37.1661;353.5926;353.6154;7.1105;174.1881;357.7415;3.5423
0.5358;0.7305;False;False;1.2636;-0.9393;-0.0397;-0.0139;-37.2269;36.8672;359.8163;0.7323;354.9837;141.1320;0.1028;0.6252;3.1040;0.0049;-0.0352;4.3748;-4.5600;-0.3756;172776;71.66948;Infinity;2401.39;1.0130;-0.2105;1.1083;1.4500;-37.2636;37.1448;354.6987;353.1638;42.4122;146.7208;354.4220;359.8277;LeftFalse_RightFalse;LeftFalse_RightTrue;HandLeft_(-0.4, -0.4, -0.1)_(-0.1, -0.6, 0.8, 0.2)_1.012537_System.String[];HandLeft_(0.2, -0.6, -0.2)_(0.8, 0.4, -0.3, -0.2)_0.9825718_System.String[];HandRight_(-0.3, -0.3, -0.3)_(0.1, 0.2, 0.3, -0.9)_1.012537_System.String[];HandRight_(0.4, -0.8, -0.1)_(-0.4, -0.5, -0.6, 0.5)_0.9825718_System.String[];36.4543;-0.0381;0.4402;0.9295;-0.5254;1.1417;1.0666;-37.2595;36.9671;353.8030;353.5991;6.4955;175.6759;357.6949;3.8533
0.5377;0.7242;False;False;1.2467;-0.8136;-0.0395;-0.0161;-37.0422;36.6720;359.8334;0.8439;355.0039;142.8729;0.0626;0.7675;2.9561;0.0065;-0.0598;4.4036;-4.7022;-0.4081;172779;71.43301;Infinity;2401.44;0.9975;-0.0726;1.1087;1.4453;-37.0805;36.9300;354.7397;353.2747;42.4615;148.4202;354.4060;0.0073;LeftFalse_RightFalse;LeftFalse_RightTrue;HandLeft_(-0.4, -0.4, -0.1)_(-0.1, -0.6, 0.8, 0.1)_1.012537_System.String[];HandLeft_(0.2, -0.6, -0.2)_(0.9, 0.4, -0.3, -0.1)_0.9825718_System.String[];HandRight_(-0.3, -0.2, -0.3)_(0.1, 0.2, 0.2, -0.9)_1.012537_System.String[];HandRight_(0.4, -0.8, -0.1)_(-0.4, -0.5, -0.6, 0.5)_0.9825718_System.String[];36.4963;-0.0520;0.4474;0.9132;-0.3939;1.1420;1.0631;-37.0766;36.7616;353.9681;353.6040;5.7455;177.0993;357.5351;4.1057
0.5399;0.7195;False;False;1.2287;-0.6949;-0.0392;-0.0190;-36.8577;36.4721;359.8515;0.9039;354.9500;144.6130;0.0280;0.8424;2.8043;0.0067;-0.0729;4.4328;-4.8360;-0.4363;172782;71.64809;Infinity;2401.48;0.9804;0.0577;1.1091;1.4410;-36.8943;36.7060;354.7792;353.3381;42.4296;150.1596;354.3943;0.1063;LeftFalse_RightFalse;LeftFalse_RightTrue;HandLeft_(-0.4, -0.4, -0.1)_(-0.1, -0.6, 0.8, 0.1)_1.012537_System.String[];HandLeft_(0.2, -0.6, -0.2)_(0.8, 0.4, -0.3, -0.2)_0.9825718_System.String[];HandRight_(-0.3, -0.2, -0.3)_(0.1, 0.2, 0.3, -1.0)_1.012537_System.String[];HandRight_(0.4, -0.8, -0.1)_(-0.4, -0.5, -0.6, 0.5)_0.9825718_System.String[];36.5383;-0.0563;0.4539;0.8950;-0.2691;1.1423;1.0595;-36.8908;36.5472;354.0450;353.6245;4.9665;178.5370;357.4388;4.2243
0.5418;0.7186;False;False;1.2097;-0.5827;-0.0389;-0.0222;-36.6720;36.2669;359.8688;0.9345;354.8459;146.3662;0.0006;0.8831;2.6522;0.0062;-0.0803;4.4629;-4.9619;-0.4583;172785;71.78146;Infinity;2401.52;0.9622;0.1781;1.1095;1.4370;-36.7093;36.4785;354.8131;353.3711;42.3400;151.8988;354.3872;0.1602;LeftFalse_RightFalse;LeftFalse_RightTrue;HandLeft_(-0.4, -0.4, -0.1)_(-0.2, -0.6, 0.8, 0.1)_1.012537_System.String[];HandLeft_(0.2, -0.6, -0.2)_(0.9, 0.4, -0.3, -0.2)_0.9825718_System.String[];HandRight_(-0.3, -0.2, -0.3)_(0.0, 0.1, 0.3, -0.9)_1.012537_System.String[];HandRight_(0.4, -0.8, -0.1)_(-0.4, -0.5, -0.6, 0.4)_0.9825718_System.String[];36.5798;-0.0538;0.4601;0.8752;-0.1535;1.1426;1.0559;-36.7061;36.3293;354.1461;353.6591;4.2728;179.9508;357.3563;4.2876
0.5432;0.7230;False;False;1.1900;-0.4772;-0.0387;-0.0257;-36.4854;36.0568;359.8849;0.9478;354.7151;148.1371;359.9805;0.9042;2.4233;0.0041;-0.0844;4.5099;-5.1380;-0.4797;172788;71.91312;Infinity;2401.56;0.9430;0.2907;1.1099;1.4332;-36.5231;36.2453;354.8408;353.3863;42.2161;153.6602;354.3842;0.1887;LeftFalse_RightFalse;LeftFalse_RightTrue;HandLeft_(-0.4, -0.4, -0.1)_(-0.2, -0.6, 0.8, 0.1)_1.012537_System.String[];HandLeft_(0.2, -0.6, -0.2)_(0.9, 0.3, -0.3, -0.2)_0.9825718_System.String[];HandRight_(-0.3, -0.2, -0.3)_(0.1, 0.2, 0.3, -0.9)_1.012537_System.String[];HandRight_(0.4, -0.8, -0.1)_(-0.4, -0.5, -0.6, 0.5)_0.9825718_System.String[];36.6216;-0.0452;0.4663;0.8541;-0.0453;1.1429;1.0523;-36.5203;36.1059;354.2718;353.6700;3.6577;181.4201;357.2829;4.2797
0.5442;0.7319;False;False;1.1698;-0.3779;-0.0386;-0.0292;-36.2965;35.8408;359.8997;0.9504;354.5763;149.9400;359.9681;0.9181;2.2686;0.0026;-0.0840;4.5424;-5.2486;-0.4863;172791;71.82037;Infinity;2401.60;0.9232;0.3957;1.1101;1.4294;-36.3355;36.0064;354.8622;353.3908;42.0782;155.4476;354.3853;0.2039;LeftFalse_RightFalse;LeftFalse_RightTrue;HandLeft_(-0.4, -0.4, -0.1)_(-0.1, -0.6, 0.8, 0.1)_1.012537_System.String[];HandLeft_(0.2, -0.6, -0.2)_(0.9, 0.3, -0.3, -0.2)_0.9825718_System.String[];HandRight_(-0.3, -0.2, -0.3)_(0.1, 0.2, 0.3, -0.9)_1.012537_System.String[];HandRight_(0.4, -0.8, -0.1)_(-0.4, -0.5, -0.6, 0.5)_0.9825718_System.String[];36.6633;-0.0331;0.4718;0.8318;0.0556;1.1432;1.0487;-36.3330;35.8773;354.4204;353.7338;3.0251;182.9181;357.2236;4.2199
0.5438;0.7458;False;False;1.1494;-0.2856;-0.0385;-0.0327;-36.1068;35.6206;359.9129;0.9393;354.4488;151.7678;359.9630;0.9385;2.1143;0.0013;-0.0915;4.5754;-5.3532;-0.4877;172794;71.8933;Infinity;2401.65;0.9029;0.4934;1.1102;1.4257;-36.1461;35.7620;354.8769;353.3832;41.9447;157.2661;354.3904;0.2241;LeftFalse_RightFalse;LeftFalse_RightTrue;HandLeft_(-0.4, -0.4, -0.1)_(-0.1, -0.5, 0.8, 0.1)_1.012537_System.String[];HandLeft_(0.2, -0.6, -0.2)_(0.9, 0.3, -0.3, -0.3)_0.9825718_System.String[];HandRight_(-0.3, -0.3, -0.3)_(0.1, 0.2, 0.3, -0.9)_1.012537_System.String[];HandRight_(0.4, -0.8, -0.1)_(-0.4, -0.5, -0.6, 0.5)_0.9825718_System.String[];36.7051;-0.0193;0.4773;0.8091;0.1494;1.1433;1.0451;-36.1436;35.6434;354.4373;353.8160;2.3833;184.4859;357.2134;4.1430
0.5425;0.7608;False;False;1.1292;-0.1999;-0.0384;-0.0366;-35.9156;35.3959;359.9243;0.9028;354.3445;153.6306;359.9637;0.9256;1.9527;0.0001;-0.0949;4.6085;-5.4571;-0.4847;172797;71.93539;Infinity;2401.69;0.8826;0.5828;1.1103;1.4221;-35.9556;35.5133;354.8859;353.3550;41.8308;159.1185;354.3985;0.2179;LeftFalse_RightFalse;LeftFalse_RightTrue;HandLeft_(-0.4, -0.3, -0.1)_(-0.2, -0.5, 0.8, 0.1)_1.012537_System.String[];HandLeft_(0.2, -0.6, -0.2)_(0.9, 0.3, -0.3, -0.3)_0.9825718_System.String[];HandRight_(-0.3, -0.3, -0.3)_(0.1, 0.3, 0.3, -0.9)_1.012537_System.String[];HandRight_(0.4, -0.8, -0.1)_(-0.4, -0.5, -0.6, 0.5)_0.9825718_System.String[];36.7468;-0.0071;0.4814;0.7866;0.2354;1.1434;1.0413;-35.9533;35.4053;354.4583;353.9117;1.8009;186.0750;357.3022;3.9717
0.5416;0.7752;False;False;1.1091;-0.1212;-0.0385;-0.0408;-35.7229;35.1665;359.9339;0.8460;354.2696;155.5258;359.9679;0.9389;1.7896;-0.0013;-0.1022;4.6415;-5.5577;-0.4799;172800;71.9517;Infinity;2401.73;0.8623;0.6642;1.1102;1.4184;-35.7637;35.2599;354.8904;353.3062;41.7447;161.0036;354.4083;0.2072;LeftFalse_RightFalse;LeftFalse_RightTrue;HandLeft_(-0.4, -0.3, -0.1)_(-0.2, -0.5, 0.8, 0.1)_1.012537_System.String[];HandLeft_(0.2, -0.6, -0.2)_(0.9, 0.3, -0.3, -0.3)_0.9825718_System.String[];HandRight_(-0.3, -0.3, -0.3)_(0.2, 0.2, 0.3, -0.9)_1.012537_System.String[];HandRight_(0.4, -0.8, -0.1)_(-0.4, -0.4, -0.6, 0.5)_0.9825718_System.String[];36.7883;0.0063;0.4839;0.7647;0.3137;1.1434;1.0372;-35.7612;35.1627;354.5223;353.9972;1.3290;187.6141;357.4312;3.7332
0.5409;0.7864;False;False;1.0893;-0.0501;-0.0385;-0.0450;-35.5289;34.9326;359.9417;0.7746;354.2289;157.4520;359.9754;1.0063;1.6197;-0.0024;-0.0992;4.6745;-5.6545;-0.4710;172803;71.95641;Infinity;2401.77;0.8422;0.7387;1.1101;1.4138;-35.5702;35.0026;354.8914;353.2342;41.6907;162.9122;354.4188;0.2567;LeftFalse_RightFalse;LeftFalse_RightTrue;HandLeft_(-0.4, -0.3, -0.1)_(-0.2, -0.5, 0.8, 0.1)_1.012537_System.String[];HandLeft_(0.2, -0.6, -0.2)_(0.9, 0.3, -0.3, -0.3)_0.9825718_System.String[];HandRight_(-0.3, -0.3, -0.3)_(0.2, 0.2, 0.3, -0.9)_1.012537_System.String[];HandRight_(0.4, -0.8, -0.1)_(-0.4, -0.5, -0.6, 0.5)_0.9825718_System.String[];36.8301;0.0195;0.4844;0.7437;0.3850;1.1431;1.0327;-35.5675;34.9164;354.6590;353.9904;1.0819;189.1095;357.4315;3.5508
0.5369;0.7941;False;False;1.0698;0.0138;-0.0387;-0.0491;-35.3331;34.6938;359.9491;0.6888;354.2217;159.4109;359.9842;1.0902;1.4476;-0.0033;-0.0959;4.6813;-5.7474;-0.4667;172806;71.88336;Infinity;2401.81;0.8225;0.8054;1.1100;1.4091;-35.3746;34.7402;354.8890;353.1450;41.6742;164.8536;354.4302;0.3268;LeftFalse_RightFalse;LeftFalse_RightTrue;HandLeft_(-0.4, -0.3, -0.1)_(-0.2, -0.5, 0.8, 0.1)_1.012537_System.String[];HandLeft_(0.2, -0.6, -0.2)_(0.9, 0.3, -0.2, -0.3)_0.9825718_System.String[];HandRight_(-0.3, -0.3, -0.3)_(0.2, 0.3, 0.3, -0.9)_1.012537_System.String[];HandRight_(0.4, -0.8, -0.1)_(-0.4, -0.5, -0.6, 0.5)_0.9825718_System.String[];36.8718;0.0347;0.4830;0.7235;0.4488;1.1426;1.0283;-35.3713;34.6652;354.8366;353.9367;0.9959;190.6038;357.3106;3.4138
0.5375;0.7962;False;False;1.0509;0.0698;-0.0388;-0.0529;-35.1376;34.4519;359.9574;0.5967;354.2483;161.3814;-0.0049;1.1720;1.2706;-0.0039;-0.0827;4.7062;-5.8360;-0.4442;172809;71.94675;Infinity;2401.85;0.8031;0.8638;1.1098;1.4045;-35.1791;34.4747;354.8888;353.0417;41.6827;166.8103;354.4425;0.4082;LeftFalse_RightFalse;LeftFalse_RightTrue;HandLeft_(-0.4, -0.3, -0.1)_(-0.2, -0.5, 0.8, 0.1)_1.012537_System.String[];HandLeft_(0.2, -0.6, -0.2)_(0.9, 0.3, -0.2, -0.3)_0.9825718_System.String[];HandRight_(-0.3, -0.3, -0.3)_(0.3, 0.3, 0.3, -0.9)_1.012537_System.String[];HandRight_(0.4, -0.8, -0.1)_(-0.4, -0.4, -0.6, 0.5)_0.9825718_System.String[];36.9136;0.0505;0.4786;0.7040;0.5040;1.1422;1.0241;-35.1754;34.4110;355.0244;353.8351;0.9863;191.9993;357.2023;3.2022
0.5371;0.7920;False;False;1.0330;0.1185;-0.0390;-0.0561;-34.9397;34.2051;359.9632;0.5183;354.3291;163.3671;0.0107;1.2184;1.0931;-0.0044;-0.0719;4.7387;-5.9187;-0.4221;172812;71.82758;Infinity;2401.90;0.7845;0.9132;1.1096;1.4009;-34.9813;34.2034;354.8823;352.9544;41.7452;168.7887;354.4575;0.4532;LeftFalse_RightFalse;LeftFalse_RightTrue;HandLeft_(-0.4, -0.3, -0.1)_(-0.3, -0.4, 0.8, 0.2)_1.012537_System.String[];HandLeft_(0.2, -0.6, -0.2)_(0.9, 0.3, -0.2, -0.3)_0.9825718_System.String[];HandRight_(-0.3, -0.3, -0.3)_(0.3, 0.3, 0.4, -0.8)_1.012537_System.String[];HandRight_(0.4, -0.8, -0.1)_(-0.4, -0.4, -0.6, 0.5)_0.9825718_System.String[];36.9553;0.0631;0.4712;0.6855;0.5509;1.1416;1.0207;-34.9770;34.1515;355.1809;353.7264;0.9999;193.3820;357.2135;2.9675
0.5366;0.7808;False;False;1.0161;0.1593;-0.0392;-0.0589;-34.7414;33.9562;359.9674;0.4498;354.4590;165.3412;0.0278;1.2488;0.9178;-0.0048;-0.0645;4.7709;-5.9955;-0.3986;172815;71.90612;Infinity;2401.94;0.7671;0.9535;1.1093;1.3979;-34.7828;33.9296;354.8731;352.8799;41.8584;170.7605;354.4723;0.4802;LeftFalse_RightFalse;LeftFalse_RightTrue;HandLeft_(-0.4, -0.3, -0.1)_(-0.4, -0.4, 0.8, 0.2)_1.012537_System.String[];HandLeft_(0.2, -0.6, -0.2)_(0.9, 0.3, -0.3, -0.3)_0.9825718_System.String[];HandRight_(-0.3, -0.3, -0.2)_(0.3, 0.3, 0.4, -0.8)_1.012537_System.String[];HandRight_(0.4, -0.8, -0.1)_(-0.4, -0.4, -0.7, 0.5)_0.9825718_System.String[];36.9971;0.0731;0.4617;0.6682;0.5890;1.1410;1.0179;-34.7778;33.8900;355.2384;353.5900;1.0410;194.6266;357.2207;2.7086
0.5355;0.7663;False;False;1.0003;0.1927;-0.0394;-0.0614;-34.5416;33.7042;359.9706;0.3887;354.6334;167.3053;0.0446;1.2688;0.7451;-0.0053;-0.0594;4.8027;-6.0661;-0.3741;172818;71.93703;Infinity;2401.98;0.7506;0.9851;1.1090;1.3954;-34.5829;33.6527;354.8627;352.8145;42.0178;172.7261;354.4864;0.4965;LeftFalse_RightFalse;LeftFalse_RightTrue;HandLeft_(-0.4, -0.3, -0.1)_(-0.4, -0.4, 0.8, 0.2)_1.012537_System.String[];HandLeft_(0.2, -0.6, -0.2)_(0.9, 0.3, -0.3, -0.3)_0.9825718_System.String[];HandRight_(-0.3, -0.3, -0.2)_(0.4, 0.4, 0.4, -0.8)_1.012537_System.String[];HandRight_(0.4, -0.8, -0.1)_(-0.4, -0.4, -0.7, 0.4)_0.9825718_System.String[];37.0388;0.0833;0.4476;0.6524;0.6189;1.1405;1.0153;-34.5767;33.6257;355.3104;353.5404;1.1383;195.7363;357.1437;2.6921
0.5343;0.7482;False;False;0.9855;0.2189;-0.0396;-0.0637;-34.3390;33.4474;359.9736;0.3275;354.8511;169.2599;0.0612;1.2921;0.4944;-0.0061;-0.0485;4.8498;-6.1606;-0.3336;172821;71.68437;Infinity;2402.02;0.7353;1.0087;1.1087;1.3931;-34.3804;33.3719;354.8527;352.7521;42.2204;174.6818;354.4998;0.5116;LeftFalse_RightFalse;LeftFalse_RightTrue;HandLeft_(-0.4, -0.3, -0.1)_(-0.4, -0.3, 0.8, 0.2)_1.012537_System.String[];HandLeft_(0.2, -0.6, -0.2)_(0.9, 0.3, -0.3, -0.3)_0.9825718_System.String[];HandRight_(-0.3, -0.4, -0.2)_(0.4, 0.4, 0.4, -0.7)_1.012537_System.String[];HandRight_(0.4, -0.8, -0.1)_(-0.4, -0.5, -0.7, 0.4)_0.9825718_System.String[];37.0808;0.0929;0.4275;0.6376;0.6413;1.1402;1.0131;-34.3732;33.3576;355.4847;353.4699;1.3388;196.7451;356.9690;2.7014
0.5324;0.7185;False;False;0.9721;0.2376;-0.0399;-0.0656;-34.1366;33.1898;359.9769;0.2627;355.1047;171.1628;0.0775;1.3024;0.3379;-0.0065;-0.0436;4.8806;-6.2164;-0.3041;172824;71.83942;Infinity;2402.06;0.7211;1.0242;1.1084;1.3912;-34.1765;33.0891;354.8428;352.6875;42.4614;176.6057;354.5134;0.5208;LeftFalse_RightFalse;LeftFalse_RightTrue;HandLeft_(-0.4, -0.3, -0.1)_(-0.5, -0.3, 0.8, 0.2)_1.012537_System.String[];HandLeft_(0.2, -0.6, -0.2)_(0.8, 0.3, -0.3, -0.3)_0.9825718_System.String[];HandRight_(-0.3, -0.4, -0.2)_(0.5, 0.4, 0.4, -0.7)_1.012537_System.String[];HandRight_(0.4, -0.8, -0.1)_(-0.4, -0.5, -0.7, 0.4)_0.9825718_System.String[];37.1226;0.1006;0.4035;0.6240;0.6561;1.1396;1.0114;-34.1682;33.0874;355.6069;353.3147;1.6267;197.6081;356.8567;2.5480
0.5307;0.6613;False;False;0.9599;0.2498;-0.0402;-0.0674;-33.9318;32.9287;359.9803;0.1948;355.3943;173.0141;0.0936;1.2994;0.1901;-0.0067;-0.0390;4.9110;-6.2648;-0.2730;172827;71.74731;Infinity;2402.10;0.7083;1.0319;1.1080;1.3897;-33.9710;32.8048;354.8331;352.6207;42.7382;178.4790;354.5269;0.5153;LeftFalse_RightFalse;LeftFalse_RightTrue;HandLeft_(-0.4, -0.3, -0.1)_(-0.5, -0.3, 0.8, 0.3)_1.012537_System.String[];HandLeft_(0.2, -0.6, -0.2)_(0.8, 0.4, -0.3, -0.3)_0.9825718_System.String[];HandRight_(-0.3, -0.4, -0.2)_(0.5, 0.4, 0.4, -0.7)_1.012537_System.String[];HandRight_(0.4, -0.8, -0.1)_(-0.4, -0.5, -0.6, 0.4)_0.9825718_System.String[];37.1643;0.1077;0.3772;0.6117;0.6643;1.1388;1.0100;-33.9616;32.8152;355.7431;353.2547;1.9498;198.2542;356.8017;2.4419
0.5276;0.5596;False;False;0.9491;0.2557;-0.0404;-0.0689;-33.7255;32.6654;359.9839;0.1266;355.7157;174.7858;0.1091;1.2856;0.0497;-0.0071;-0.0289;4.9407;-6.3008;-0.2397;172830;71.69986;Infinity;2402.15;0.6968;1.0324;1.1077;1.3886;-33.7636;32.5191;354.8239;352.5527;43.0481;180.2838;354.5403;0.4965;LeftFalse_RightFalse;LeftFalse_RightTrue;HandLeft_(-0.5, -0.3, -0.1)_(-0.5, -0.3, 0.8, 0.3)_1.012537_System.String[];HandLeft_(0.2, -0.6, -0.2)_(0.8, 0.4, -0.3, -0.2)_0.9825718_System.String[];HandRight_(-0.3, -0.4, -0.2)_(0.5, 0.4, 0.4, -0.7)_1.012537_System.String[];HandRight_(0.4, -0.8, -0.1)_(-0.4, -0.5, -0.7, 0.4)_0.9825718_System.String[];37.2063;0.1145;0.3518;0.6007;0.6660;1.1381;1.0091;-33.7532;32.5409;355.8213;353.2000;2.2480;198.7931;356.8122;2.2973
0.5236;0.4160;False;False;0.9397;0.2557;-0.0408;-0.0700;-33.5160;32.3983;359.9868;0.0678;356.0704;176.4733;0.1240;1.2590;-0.0788;-0.0077;-0.0207;4.9696;-6.3175;-0.2040;172833;71.313;Infinity;2402.19;0.6868;1.0263;1.1073;1.3880;-33.5542;32.2324;354.8151;352.4940;43.3895;182.0001;354.5527;0.4681;LeftFalse_RightFalse;LeftFalse_RightTrue;HandLeft_(-0.5, -0.3, -0.1)_(-0.5, -0.3, 0.8, 0.2)_1.012537_System.String[];HandLeft_(0.2, -0.6, -0.2)_(0.9, 0.4, -0.3, -0.1)_0.9825718_System.String[];HandRight_(-0.3, -0.4, -0.2)_(0.5, 0.4, 0.4, -0.7)_1.012537_System.String[];HandRight_(0.4, -0.8, -0.1)_(-0.3, -0.5, -0.7, 0.5)_0.9825718_System.String[];37.2485;0.1216;0.3251;0.5912;0.6617;1.1376;1.0088;-33.5426;32.2645;355.9092;353.1891;2.5101;199.1664;356.8157;2.3006
0.5189;0.3032;False;False;0.9319;0.2501;-0.0411;-0.0707;-33.3067;32.1329;359.9891;0.0171;356.4503;178.0421;0.1388;1.2238;-0.1995;-0.0081;-0.0147;4.9976;-6.3156;-0.1666;172836;71.37723;Infinity;2402.23;0.6784;1.0142;1.1069;1.3879;-33.3429;31.9457;354.8058;352.4439;43.7605;183.6173;354.5646;0.4304;LeftFalse_RightFalse;LeftFalse_RightTrue;HandLeft_(-0.5, -0.3, -0.1)_(-0.5, -0.3, 0.8, 0.2)_1.012537_System.String[];HandLeft_(0.2, -0.6, -0.1)_(0.8, 0.4, -0.4, 0.0)_0.9825718_System.String[];HandRight_(-0.3, -0.4, -0.2)_(0.5, 0.4, 0.4, -0.6)_1.012537_System.String[];HandRight_(0.4, -0.7, -0.1)_(-0.2, -0.5, -0.6, 0.5)_0.9825718_System.String[];37.2905;0.1278;0.2980;0.5834;0.6520;1.1371;1.0087;-33.3303;31.9872;355.9594;353.1885;2.7660;199.4460;356.7574;2.4554
0.5138;0.2211;False;False;0.9259;0.2394;-0.0414;-0.0712;-33.0938;31.8649;359.9912;359.9748;356.8616;179.5115;0.1539;1.1759;-0.3078;-0.0063;-0.0106;5.0246;-6.2978;-0.1250;172839;71.06655;Infinity;2402.27;0.6717;0.9966;1.1065;1.3881;-33.1290;31.6591;354.7963;352.4037;44.1607;185.1314;354.5763;0.3815;LeftFalse_RightFalse;LeftFalse_RightTrue;HandLeft_(-0.5, -0.3, -0.1)_(-0.5, -0.3, 0.8, 0.2)_1.012537_System.String[];HandLeft_(0.2, -0.6, -0.1)_(0.8, 0.4, -0.4, 0.1)_0.9825718_System.String[];HandRight_(-0.3, -0.4, -0.2)_(0.5, 0.4, 0.4, -0.6)_1.012537_System.String[];HandRight_(0.4, -0.7, -0.1)_(-0.2, -0.6, -0.6, 0.5)_0.9825718_System.String[];37.3330;0.1332;0.2704;0.5776;0.6375;1.1366;1.0088;-33.1155;31.7089;356.0061;353.2421;3.0714;199.4266;356.6345;2.6515
0.5100;0.1612;False;False;0.9218;0.2244;-0.0417;-0.0716;-32.8834;31.6026;359.9932;359.9398;357.2914;180.8364;0.1693;1.1210;-0.4084;-0.0073;-0.0081;5.0505;-6.2685;-0.0819;172842;71.45014;Infinity;2402.31;0.6669;0.9744;1.1062;1.3885;-32.9162;31.3784;354.7862;352.3726;44.5831;186.5078;354.5883;0.3240;LeftFalse_RightFalse;LeftFalse_RightTrue;HandLeft_(-0.5, -0.3, -0.1)_(-0.5, -0.3, 0.7, 0.3)_1.012537_System.String[];HandLeft_(0.2, -0.6, -0.1)_(0.8, 0.4, -0.3, 0.2)_0.9825718_System.String[];HandRight_(-0.3, -0.4, -0.2)_(0.5, 0.4, 0.5, -0.6)_1.012537_System.String[];HandRight_(0.4, -0.7, -0.1)_(-0.2, -0.6, -0.6, 0.5)_0.9825718_System.String[];37.3748;0.1385;0.2437;0.5739;0.6187;1.1362;1.0092;-32.9020;31.4349;356.0336;353.3186;3.4421;199.2265;356.4697;2.7655
0.5062;0.1175;False;False;0.9196;0.2054;-0.0420;-0.0718;-32.6723;31.3423;-0.0048;359.9053;357.7431;182.0432;0.1841;1.0644;-0.4978;-0.0080;-0.0006;5.0753;-6.2307;-0.0371;172845;71.71514;Infinity;2402.36;0.6641;0.9483;1.1058;1.3892;-32.7035;31.1024;354.7765;352.3449;45.0265;187.7598;354.6000;0.2637;LeftFalse_RightFalse;LeftFalse_RightTrue;HandLeft_(-0.5, -0.2, -0.1)_(-0.6, -0.3, 0.7, 0.2)_1.012537_System.String[];HandLeft_(0.2, -0.6, -0.2)_(0.8, 0.5, -0.3, 0.2)_0.9825718_System.String[];HandRight_(-0.3, -0.4, -0.2)_(0.5, 0.4, 0.5, -0.6)_1.012537_System.String[];HandRight_(0.4, -0.7, -0.1)_(-0.2, -0.6, -0.6, 0.5)_0.9825718_System.String[];37.4165;0.1435;0.2205;0.5720;0.5957;1.1357;1.0098;-32.6882;31.1648;356.0072;353.3312;3.8411;198.9886;356.3024;2.8518
0.4998;0.0856;False;False;0.9194;0.1827;-0.0424;-0.0717;-32.4596;31.0830;-0.0027;359.8701;358.2178;183.1396;0.1982;1.0070;-0.5774;-0.0084;0.0024;5.0991;-6.1866;0.0087;172848;71.77318;Infinity;2402.40;0.6633;0.9187;1.1054;1.3902;-32.4890;30.8290;354.7672;352.3161;45.4935;188.8999;354.6113;0.2025;LeftFalse_RightFalse;LeftFalse_RightTrue;HandLeft_(-0.5, -0.2, -0.1)_(-0.6, -0.3, 0.7, 0.2)_1.012537_System.String[];HandLeft_(0.2, -0.6, -0.2)_(0.8, 0.5, -0.3, 0.1)_0.9825718_System.String[];HandRight_(-0.3, -0.4, -0.2)_(0.5, 0.4, 0.5, -0.6)_1.012537_System.String[];HandRight_(0.4, -0.7, -0.1)_(-0.2, -0.5, -0.6, 0.5)_0.9825718_System.String[];37.4583;0.1448;0.1994;0.5721;0.5694;1.1353;1.0102;-32.4728;30.8962;356.0835;353.4555;4.2716;198.5363;356.2025;2.8928
0.4922;0.0624;False;False;0.9212;0.1569;-0.0427;-0.0715;-32.2464;30.8264;-0.0001;359.8326;358.7073;184.1255;0.2105;0.9450;-0.6484;-0.0089;0.0056;5.1218;-6.1379;0.0531;172851;71.88234;Infinity;2402.44;0.6646;0.8863;1.1050;1.3913;-32.2739;30.5600;354.7594;352.2862;45.9776;189.9281;354.6219;0.1384;LeftFalse_RightFalse;LeftFalse_RightTrue;HandLeft_(-0.5, -0.3, -0.1)_(-0.5, -0.3, 0.8, 0.3)_1.012537_System.String[];HandLeft_(0.2, -0.6, -0.1)_(0.7, 0.5, -0.4, 0.1)_0.9825718_System.String[];HandRight_(-0.3, -0.4, -0.2)_(0.5, 0.4, 0.5, -0.6)_1.012537_System.String[];HandRight_(0.5, -0.7, -0.1)_(-0.2, -0.5, -0.6, 0.6)_0.9825718_System.String[];37.5000;0.1431;0.1783;0.5744;0.5400;1.1349;1.0104;-32.2568;30.6312;356.1686;353.8853;4.7439;198.0481;356.0975;2.8372
0.4786;0.0455;False;False;0.9248;0.1283;-0.0431;-0.0711;-32.0323;30.5720;0.0030;359.7988;359.2041;185.0059;0.2199;0.8732;-0.7408;-0.0093;0.0148;5.1537;-6.0591;0.1143;172854;71.92133;Infinity;2402.48;0.6678;0.8511;1.1045;1.3927;-32.0578;30.2944;354.7537;352.2578;46.4722;190.8529;354.6312;0.0648;LeftFalse_RightFalse;LeftFalse_RightTrue;HandLeft_(-0.5, -0.3, -0.1)_(-0.5, -0.3, 0.8, 0.3)_1.012537_System.String[];HandLeft_(0.2, -0.6, -0.1)_(0.7, 0.6, -0.4, 0.1)_0.9825718_System.String[];HandRight_(-0.3, -0.4, -0.2)_(0.5, 0.4, 0.5, -0.6)_1.012537_System.String[];HandRight_(0.5, -0.7, -0.1)_(-0.1, -0.5, -0.6, 0.6)_0.9825718_System.String[];37.5415;0.1363;0.1583;0.5784;0.5077;1.1343;1.0106;-32.0396;30.3696;356.2253;354.4048;5.2173;197.6219;355.9866;2.7992
0.4539;0.0332;False;False;0.9301;0.0969;-0.0435;-0.0704;-31.8154;30.3179;0.0065;359.7703;359.7017;185.7982;0.2258;0.8036;-0.7933;-0.0094;0.0190;5.1725;-6.0044;0.1493;172857;71.63832;Infinity;2402.52;0.6728;0.8137;1.1041;1.3944;-31.8397;30.0311;354.7506;352.2355;46.9697;191.6832;354.6385;359.9917;LeftFalse_RightFalse;LeftFalse_RightTrue;HandLeft_(-0.5, -0.3, -0.1)_(-0.5, -0.2, 0.8, 0.3)_1.012537_System.String[];HandLeft_(0.2, -0.6, -0.1)_(0.7, 0.6, -0.5, 0.0)_0.9825718_System.String[];HandRight_(-0.3, -0.4, -0.2)_(0.5, 0.4, 0.5, -0.6)_1.012537_System.String[];HandRight_(0.5, -0.7, -0.1)_(-0.1, -0.6, -0.5, 0.6)_0.9825718_System.String[];37.5837;0.1253;0.1425;0.5845;0.4732;1.1335;1.0115;-31.8206;30.1100;356.3787;354.6988;5.6594;197.2968;355.8934;2.7115
0.4120;0.0242;False;False;0.9368;0.0633;-0.0439;-0.0695;-31.5981;30.0667;0.0101;359.7458;0.1810;186.5045;0.2267;0.7343;-0.8404;-0.0100;0.0235;5.1876;-5.9482;0.1826;172860;71.57877;Infinity;2402.57;0.6794;0.7742;1.1037;1.3962;-31.6200;29.7703;354.7510;352.2176;47.4571;192.4283;354.6431;359.9185;LeftFalse_RightFalse;LeftFalse_RightTrue;HandLeft_(-0.5, -0.3, -0.1)_(-0.5, -0.2, 0.8, 0.3)_1.012537_System.String[];HandLeft_(0.2, -0.6, -0.1)_(0.7, 0.5, -0.5, 0.0)_0.9825718_System.String[];HandRight_(-0.3, -0.4, -0.2)_(0.5, 0.4, 0.5, -0.6)_1.012537_System.String[];HandRight_(0.5, -0.6, -0.2)_(0.0, -0.5, -0.5, 0.7)_0.9825718_System.String[];37.6255;0.1112;0.1323;0.5921;0.4368;1.1327;1.0131;-31.6002;29.8525;356.6178;354.8144;6.1450;196.9454;355.7487;2.6649
0.3537;0.0176;False;False;0.9447;0.0278;-0.0443;-0.0685;-31.3812;29.8189;0.0137;359.7225;0.6270;187.1378;0.2214;0.6701;-0.8849;-0.0102;0.0257;5.1968;-5.8908;0.2016;172863;71.71804;Infinity;2402.61;0.6875;0.7333;1.1033;1.3982;-31.4006;29.5140;354.7558;352.2010;47.9161;193.0941;354.6435;359.8499;LeftFalse_RightFalse;LeftFalse_RightTrue;HandLeft_(-0.5, -0.3, -0.1)_(-0.4, -0.3, 0.8, 0.2)_1.012537_System.String[];HandLeft_(0.2, -0.6, -0.1)_(0.7, 0.5, -0.5, 0.0)_0.9825718_System.String[];HandRight_(-0.3, -0.4, -0.2)_(0.5, 0.4, 0.5, -0.6)_1.012537_System.String[];HandRight_(0.5, -0.6, -0.2)_(0.1, -0.5, -0.5, 0.7)_0.9825718_System.String[];37.6675;0.0949;0.1264;0.6010;0.3991;1.1316;1.0145;-31.3804;29.5991;356.8854;354.9214;6.6041;196.4975;355.6492;2.7259
0.2812;0.0129;False;False;0.9534;-0.0096;-0.0448;-0.0674;-31.1646;29.5744;0.0179;359.6997;1.0311;187.7162;0.2116;0.6112;-0.9283;-0.0103;0.0267;5.1989;-5.8325;0.2166;172866;71.85047;Infinity;2402.65;0.6964;0.6911;1.1029;1.4001;-31.1824;29.2624;354.7647;352.1849;48.3346;193.6965;354.6407;359.7866;LeftFalse_RightFalse;LeftFalse_RightTrue;HandLeft_(-0.4, -0.3, -0.1)_(-0.4, -0.3, 0.9, 0.2)_1.012537_System.String[];HandLeft_(0.2, -0.6, -0.1)_(0.7, 0.5, -0.5, 0.0)_0.9825718_System.String[];HandRight_(-0.3, -0.4, -0.2)_(0.5, 0.4, 0.5, -0.6)_1.012537_System.String[];HandRight_(0.5, -0.6, -0.2)_(0.1, -0.5, -0.6, 0.7)_0.9825718_System.String[];37.7090;0.0776;0.1221;0.6107;0.3601;1.1307;1.0158;-31.1621;29.3502;356.9541;355.0569;6.9840;195.9254;355.4363;2.8272
0.2059;0.0094;False;False;0.9625;-0.0488;-0.0452;-0.0663;-30.9482;29.3324;0.0232;359.6782;1.3866;188.2540;0.1978;0.5605;-0.9693;-0.0103;0.0286;5.1912;-5.7735;0.2267;172869;71.92464;Infinity;2402.69;0.7061;0.6474;1.1025;1.4021;-30.9641;29.0138;354.7772;352.1687;48.7078;194.2543;354.6358;359.7298;LeftFalse_RightFalse;LeftFalse_RightTrue;HandLeft_(-0.4, -0.3, -0.1)_(-0.3, -0.3, 0.9, 0.2)_1.012537_System.String[];HandLeft_(0.2, -0.6, -0.1)_(0.7, 0.5, -0.5, 0.0)_0.9825718_System.String[];HandRight_(-0.3, -0.4, -0.2)_(0.5, 0.4, 0.5, -0.6)_1.012537_System.String[];HandRight_(0.5, -0.6, -0.2)_(0.1, -0.5, -0.6, 0.7)_0.9825718_System.String[];37.7507;0.0641;0.1185;0.6208;0.3194;1.1303;1.0168;-30.9441;29.1044;356.8703;355.2037;7.2811;195.2746;355.1667;2.9636
0.1501;0.0068;False;False;0.9721;-0.0899;-0.0456;-0.0651;-30.7323;29.0930;0.0301;359.6579;1.6915;188.7599;0.1816;0.5186;-1.0071;-0.0102;0.0292;5.1739;-5.7146;0.2342;172872;71.95863;Infinity;2402.73;0.7161;0.6023;1.1021;1.4039;-30.7464;28.7681;354.7930;352.1530;49.0302;194.7763;354.6299;359.6830;LeftFalse_RightFalse;LeftFalse_RightTrue;HandLeft_(-0.4, -0.3, -0.1)_(-0.3, -0.4, 0.9, 0.1)_1.012537_System.String[];HandLeft_(0.2, -0.6, -0.1)_(0.7, 0.5, -0.4, 0.0)_0.9825718_System.String[];HandRight_(-0.3, -0.4, -0.2)_(0.5, 0.4, 0.4, -0.6)_1.012537_System.String[];HandRight_(0.5, -0.7, -0.2)_(0.1, -0.5, -0.6, 0.7)_0.9825718_System.String[];37.7925;0.0525;0.1148;0.6309;0.2771;1.1299;1.0179;-30.7269;28.8615;356.6590;355.3287;7.3888;194.6781;354.9157;3.0726
0.1094;0.0050;False;False;0.9819;-0.1327;-0.0460;-0.0638;-30.5159;28.8546;0.0385;359.6381;1.9496;189.2420;0.1644;0.4792;-1.0417;-0.0101;0.0315;5.1495;-5.6559;0.2396;172875;71.78387;Infinity;2402.77;0.7265;0.5555;1.1018;1.4058;-30.5282;28.5235;354.8109;352.1372;49.3051;195.2729;354.6242;359.6425;LeftFalse_RightFalse;LeftFalse_RightTrue;HandLeft_(-0.4, -0.3, -0.1)_(-0.3, -0.4, 0.9, 0.2)_1.012537_System.String[];HandLeft_(0.2, -0.6, -0.2)_(0.7, 0.5, -0.4, -0.1)_0.9825718_System.String[];HandRight_(-0.3, -0.4, -0.2)_(0.5, 0.4, 0.5, -0.6)_1.012537_System.String[];HandRight_(0.5, -0.7, -0.2)_(0.1, -0.5, -0.6, 0.7)_0.9825718_System.String[];37.8342;0.0419;0.1090;0.6409;0.2330;1.1296;1.0192;-30.5092;28.6196;356.4869;355.3719;7.3492;194.2109;354.7044;3.0552
0.0798;-0.0797;False;False;0.9920;-0.1771;-0.0465;-0.0624;-30.2999;28.6179;0.0478;359.6194;2.1639;189.6991;0.1471;0.4340;-1.0718;-0.0099;0.0332;5.1205;-5.5943;0.2441;172878;71.51591;Infinity;2402.82;0.7371;0.5073;1.1014;1.4078;-30.3111;28.2818;354.8300;352.1230;49.5327;195.7435;354.6191;359.5960;LeftFalse_RightFalse;LeftFalse_RightTrue;HandLeft_(-0.4, -0.3, -0.1)_(-0.3, -0.4, 0.8, 0.2)_1.012537_System.String[];HandLeft_(0.2, -0.6, -0.2)_(0.7, 0.5, -0.5, -0.1)_0.9825718_System.String[];HandRight_(-0.3, -0.4, -0.3)_(0.4, 0.4, 0.4, -0.7)_1.012537_System.String[];HandRight_(0.5, -0.7, -0.1)_(0.1, -0.5, -0.6, 0.6)_0.9825718_System.String[];37.8765;0.0305;0.0987;0.6509;0.1873;1.1297;1.0207;-30.2927;28.3801;356.4517;355.3478;7.3780;193.7796;354.5289;3.0385
0.0582;-0.1402;False;False;1.0021;-0.2222;-0.0469;-0.0610;-30.0870;28.3864;0.0576;359.6064;2.3349;190.1200;0.1299;0.3923;-1.0887;-0.0099;0.0359;5.0881;-5.5110;0.2446;172881;71.68924;Infinity;2402.86;0.7478;0.4582;1.1011;1.4098;-30.0964;28.0442;354.8491;352.1123;49.7177;196.1827;354.6146;359.5508;LeftFalse_RightFalse;LeftFalse_RightTrue;HandLeft_(-0.4, -0.3, -0.1)_(-0.2, -0.4, 0.8, 0.2)_1.012537_System.String[];HandLeft_(0.2, -0.6, -0.1)_(0.7, 0.5, -0.6, -0.1)_0.9825718_System.String[];HandRight_(-0.3, -0.4, -0.3)_(0.4, 0.4, 0.4, -0.7)_1.012537_System.String[];HandRight_(0.5, -0.7, -0.1)_(0.0, -0.5, -0.6, 0.6)_0.9825718_System.String[];37.9182;0.0193;0.0853;0.6610;0.1403;1.1299;1.0223;-30.0786;28.1446;356.4171;355.3316;7.5081;193.3681;354.4952;3.0925
0.0424;-0.1806;False;False;1.0122;-0.2678;-0.0473;-0.0594;-29.8744;28.1579;0.0675;359.6002;2.4653;190.5006;0.1121;0.3485;-1.0939;-0.0098;0.0381;5.0531;-5.4104;0.2418;172884;71.55312;Infinity;2402.90;0.7584;0.4089;1.1007;1.4119;-29.8832;27.8109;354.8687;352.1083;49.8611;196.5820;354.6100;359.5078;LeftFalse_RightTrue;LeftFalse_RightTrue;HandLeft_(-0.4, -0.3, -0.1)_(-0.2, -0.5, 0.9, 0.1)_1.012537_System.String[];HandLeft_(0.2, -0.6, -0.1)_(0.7, 0.5, -0.6, -0.1)_0.9825718_System.String[];HandRight_(-0.3, -0.4, -0.3)_(0.4, 0.3, 0.4, -0.7)_1.012537_System.String[];HandRight_(0.5, -0.7, -0.1)_(0.0, -0.6, -0.6, 0.6)_0.9825718_System.String[];37.9602;0.0093;0.0710;0.6709;0.0929;1.1300;1.0237;-29.8660;27.9132;356.1868;355.3847;7.6794;193.0367;354.5746;3.0465
0.0309;-0.2049;False;False;1.0220;-0.3131;-0.0477;-0.0578;-29.6645;27.9353;0.0770;359.6010;2.5551;190.8287;0.0944;0.3004;-1.0861;-0.0097;0.0400;4.9976;-5.2420;0.2341;172887;71.69164;Infinity;2402.94;0.7688;0.3596;1.1004;1.4142;-29.6714;27.5822;354.8884;352.1124;49.9647;196.9347;354.6050;359.4600;LeftFalse_RightTrue;LeftFalse_RightTrue;HandLeft_(-0.4, -0.3, -0.1)_(-0.2, -0.5, 0.9, 0.1)_1.012537_System.String[];HandLeft_(0.2, -0.7, -0.1)_(0.6, 0.5, -0.6, 0.0)_0.9825718_System.String[];HandRight_(-0.3, -0.4, -0.3)_(0.4, 0.3, 0.4, -0.7)_1.012537_System.String[];HandRight_(0.5, -0.7, -0.1)_(-0.1, -0.6, -0.5, 0.6)_0.9825718_System.String[];38.0020;0.0003;0.0565;0.6806;0.0452;1.1299;1.0251;-29.6548;27.6863;356.0565;355.5138;7.6787;192.7850;354.7209;2.9849
0.0225;-0.2410;False;False;1.0316;-0.3579;-0.0481;-0.0561;-29.4568;27.7184;0.0856;359.6039;2.6107;191.1065;0.0777;0.2561;-1.0720;-0.0118;0.0396;4.9594;-5.1213;0.2268;172890;71.84741;Infinity;2402.98;0.7788;0.3112;1.1001;1.4164;-29.4627;27.3603;354.9069;352.1197;50.0320;197.2353;354.6001;359.4142;LeftFalse_RightTrue;LeftFalse_RightTrue;HandLeft_(-0.4, -0.3, -0.1)_(-0.2, -0.5, 0.8, 0.1)_1.012537_System.String[];HandLeft_(0.2, -0.7, -0.1)_(0.6, 0.6, -0.6, 0.0)_0.9825718_System.String[];HandRight_(-0.3, -0.4, -0.3)_(0.4, 0.3, 0.4, -0.8)_1.012537_System.String[];HandRight_(0.5, -0.7, -0.1)_(-0.2, -0.6, -0.5, 0.6)_0.9825718_System.String[];38.0437;-0.0078;0.0435;0.6902;-0.0018;1.1297;1.0265;-29.4465;27.4664;355.9515;355.6701;7.5521;192.7142;354.8394;2.8987
0.0164;-0.2691;False;False;1.0408;-0.4022;-0.0486;-0.0545;-29.2503;27.5065;0.0930;359.6100;2.6364;191.3348;0.0619;0.2172;-1.0521;-0.0111;0.0386;4.9205;-4.9930;0.2184;172893;71.82332;Infinity;2403.03;0.7885;0.2639;1.0997;1.4185;-29.2558;27.1443;354.9241;352.1291;50.0679;197.4851;354.5949;359.3739;LeftFalse_RightTrue;LeftFalse_RightTrue;HandLeft_(-0.4, -0.3, -0.1)_(-0.1, -0.6, 0.8, 0.1)_1.012537_System.String[];HandLeft_(0.2, -0.7, -0.1)_(0.6, 0.6, -0.6, 0.0)_0.9825718_System.String[];HandRight_(-0.3, -0.3, -0.3)_(0.4, 0.3, 0.4, -0.8)_1.012537_System.String[];HandRight_(0.5, -0.7, -0.1)_(-0.2, -0.6, -0.5, 0.6)_0.9825718_System.String[];38.0854;-0.0150;0.0328;0.6996;-0.0479;1.1294;1.0279;-29.2399;27.2522;355.9800;355.7634;7.3926;192.7667;354.9211;2.8079
0.0120;-0.2812;False;False;1.0497;-0.4459;-0.0491;-0.0529;-29.0437;27.2985;0.0994;359.6186;2.6347;191.5176;0.0466;0.1818;-1.0279;-0.0105;0.0373;4.8812;-4.8573;0.2084;172896;71.53878;Infinity;2403.07;0.7979;0.2175;1.0993;1.4206;-29.0489;26.9324;354.9401;352.1405;50.0759;197.6880;354.5894;359.3381;LeftFalse_RightTrue;LeftFalse_RightTrue;HandLeft_(-0.4, -0.3, -0.1)_(-0.1, -0.6, 0.8, 0.1)_1.012537_System.String[];HandLeft_(0.2, -0.7, -0.1)_(0.6, 0.6, -0.6, 0.0)_0.9825718_System.String[];HandRight_(-0.3, -0.3, -0.3)_(0.4, 0.3, 0.4, -0.8)_1.012537_System.String[];HandRight_(0.5, -0.7, -0.1)_(-0.2, -0.6, -0.5, 0.6)_0.9825718_System.String[];38.1274;-0.0210;0.0251;0.7092;-0.0931;1.1291;1.0294;-29.0337;27.0422;356.1029;355.7928;7.2620;192.8127;354.9767;2.8380
0.0087;-0.2655;False;False;1.0582;-0.4882;-0.0495;-0.0514;-28.8402;27.0977;0.1047;359.6313;2.6086;191.6598;0.0324;0.1508;-1.0029;-0.0101;0.0348;4.8418;-4.7222;0.1985;172899;71.5875;Infinity;2403.11;0.8068;0.1727;1.0989;1.4225;-28.8445;26.7276;354.9547;352.1556;50.0581;197.8466;354.5836;359.3065;LeftFalse_RightTrue;LeftFalse_RightFalse;HandLeft_(-0.4, -0.3, -0.1)_(-0.1, -0.6, 0.8, 0.1)_1.012537_System.String[];HandLeft_(0.2, -0.7, -0.1)_(0.5, 0.6, -0.6, 0.1)_0.9825718_System.String[];HandRight_(-0.3, -0.3, -0.3)_(0.4, 0.2, 0.4, -0.8)_1.012537_System.String[];HandRight_(0.5, -0.7, -0.1)_(-0.2, -0.5, -0.6, 0.6)_0.9825718_System.String[];38.1694;-0.0249;0.0187;0.7183;-0.1367;1.1287;1.0311;-28.8300;26.8388;356.0856;355.7397;7.2295;192.7616;354.8943;2.9175
0.0064;-0.2457;False;False;1.0663;-0.5296;-0.0499;-0.0499;-28.6378;26.9023;0.1091;359.6447;2.5625;191.7706;0.0197;0.1236;-0.9781;-0.0098;0.0345;4.8022;-4.5938;0.1889;172902;71.54869;Infinity;2403.15;0.8152;0.1292;1.0985;1.4242;-28.6414;26.5283;354.9677;352.1721;50.0187;197.9714;354.5781;359.2795;LeftFalse_RightTrue;LeftFalse_RightFalse;HandLeft_(-0.4, -0.3, -0.1)_(-0.1, -0.6, 0.8, 0.1)_1.012537_System.String[];HandLeft_(0.2, -0.7, -0.1)_(0.5, 0.6, -0.6, 0.1)_0.9825718_System.String[];HandRight_(-0.3, -0.3, -0.3)_(0.4, 0.2, 0.4, -0.8)_1.012537_System.String[];HandRight_(0.5, -0.7, -0.1)_(-0.2, -0.5, -0.6, 0.6)_0.9825718_System.String[];38.2114;-0.0258;0.0133;0.7270;-0.1789;1.1283;1.0329;-28.6274;26.6409;356.0821;355.6269;7.2360;192.5147;354.8307;3.0261
0.0046;-0.2022;False;False;1.0739;-0.5700;-0.0503;-0.0485;-28.4371;26.7122;0.1127;359.6564;2.5026;191.8541;0.0090;0.0988;-0.9534;-0.0097;0.0345;4.7627;-4.4748;0.1808;172905;71.4983;Infinity;2403.19;0.8232;0.0870;1.0981;1.4259;-28.4398;26.3348;354.9787;352.1875;49.9629;198.0672;354.5732;359.2558;LeftFalse_RightTrue;LeftFalse_RightFalse;HandLeft_(-0.4, -0.3, -0.1)_(-0.1, -0.6, 0.8, 0.0)_1.012537_System.String[];HandLeft_(0.2, -0.7, -0.1)_(0.5, 0.6, -0.6, 0.1)_0.9825718_System.String[];HandRight_(-0.3, -0.3, -0.3)_(0.4, 0.2, 0.4, -0.8)_1.012537_System.String[];HandRight_(0.4, -0.7, -0.1)_(-0.1, -0.5, -0.6, 0.6)_0.9825718_System.String[];38.2534;-0.0248;0.0045;0.7352;-0.2201;1.1279;1.0345;-28.4264;26.4483;356.1320;355.5712;7.2557;192.1355;354.7878;3.1471
0.0034;-0.1705;False;False;1.0813;-0.6091;-0.0507;-0.0470;-28.2387;26.5275;0.1157;359.6637;2.4356;191.9109;0.0007;0.0741;-0.9288;-0.0095;0.0342;4.7233;-4.3695;0.1740;172908;71.60767;Infinity;2403.24;0.8308;0.0463;1.0978;1.4276;-28.2412;26.1479;354.9875;352.1989;49.8979;198.1356;354.5694;359.2316;LeftFalse_RightTrue;LeftFalse_RightFalse;HandLeft_(-0.4, -0.4, -0.1)_(-0.1, -0.6, 0.8, 0.1)_1.012537_System.String[];HandLeft_(0.2, -0.7, -0.1)_(0.5, 0.6, -0.6, 0.1)_0.9825718_System.String[];HandRight_(-0.3, -0.3, -0.3)_(0.4, 0.3, 0.4, -0.8)_1.012537_System.String[];HandRight_(0.4, -0.7, -0.1)_(-0.1, -0.5, -0.6, 0.6)_0.9825718_System.String[];38.2952;-0.0225;-0.0093;0.7427;-0.2597;1.1274;1.0361;-28.2278;26.2619;356.2604;355.6118;7.2070;191.6811;354.8887;3.2720
0.0025;-0.1348;False;False;1.0884;-0.6469;-0.0511;-0.0456;-28.0429;26.3479;0.1179;359.6668;2.3671;191.9365;-0.0053;0.0495;-0.8999;-0.0093;0.0336;4.6841;-4.2772;0.1688;172911;71.79475;Infinity;2403.28;0.8380;0.0072;1.0974;1.4293;-28.0451;25.9666;354.9941;352.2060;49.8296;198.1753;354.5667;359.2076;LeftFalse_RightTrue;LeftFalse_RightFalse;HandLeft_(-0.4, -0.4, -0.1)_(-0.1, -0.6, 0.8, 0.1)_1.012537_System.String[];HandLeft_(0.2, -0.7, -0.1)_(0.5, 0.6, -0.6, 0.1)_0.9825718_System.String[];HandRight_(-0.3, -0.3, -0.3)_(0.4, 0.3, 0.4, -0.8)_1.012537_System.String[];HandRight_(0.4, -0.7, -0.1)_(-0.1, -0.5, -0.6, 0.6)_0.9825718_System.String[];38.3369;-0.0195;-0.0277;0.7496;-0.2981;1.1267;1.0374;-28.0316;26.0809;356.4638;355.7644;7.0944;191.2200;355.0315;3.3585
0.0018;-0.1269;False;False;1.0953;-0.6835;-0.0515;-0.0442;-27.8480;26.1711;0.1196;359.6657;2.3011;191.9217;359.9909;0.0233;-0.8661;-0.0092;0.0330;4.6450;-4.1974;0.1648;172914;71.71534;Infinity;2403.32;0.8450;-0.0304;1.0971;1.4310;-27.8504;25.7893;354.9987;352.2090;49.7626;198.1778;354.5650;359.1819;LeftFalse_RightTrue;LeftFalse_RightFalse;HandLeft_(-0.4, -0.4, -0.1)_(-0.1, -0.6, 0.8, 0.1)_1.012537_System.String[];HandLeft_(0.2, -0.7, -0.1)_(0.5, 0.6, -0.6, 0.1)_0.9825718_System.String[];HandRight_(-0.3, -0.3, -0.3)_(0.4, 0.3, 0.4, -0.8)_1.012537_System.String[];HandRight_(0.4, -0.7, -0.2)_(0.0, -0.5, -0.6, 0.6)_0.9825718_System.String[];38.3787;-0.0163;-0.0467;0.7562;-0.3352;1.1262;1.0388;-27.8365;25.9034;356.5627;355.8239;6.9644;190.7262;355.0870;3.4695
0.0013;-0.1428;False;False;1.1021;-0.7183;-0.0519;-0.0429;-27.6551;25.9980;0.1208;359.6631;2.2411;191.8595;359.9888;359.9927;-0.8083;-0.0090;0.0331;4.5869;-4.0813;0.1602;172917;71.78738;Infinity;2403.36;0.8518;-0.0662;1.0967;1.4328;-27.6566;25.6154;355.0015;352.2098;49.7004;198.1348;354.5642;359.1525;LeftFalse_RightTrue;LeftFalse_RightFalse;HandLeft_(-0.4, -0.4, -0.1)_(-0.1, -0.6, 0.8, 0.1)_1.012537_System.String[];HandLeft_(0.2, -0.7, -0.1)_(0.5, 0.6, -0.6, 0.1)_0.9825718_System.String[];HandRight_(-0.3, -0.3, -0.3)_(0.4, 0.3, 0.4, -0.8)_1.012537_System.String[];HandRight_(0.4, -0.7, -0.2)_(0.0, -0.5, -0.6, 0.6)_0.9825718_System.String[];38.4204;-0.0142;-0.0658;0.7627;-0.3709;1.1256;1.0403;-27.6424;25.7288;356.7154;355.8718;6.8547;190.1914;355.1199;3.4374
0.0010;-0.1626;False;False;1.1088;-0.7518;-0.0522;-0.0415;-27.4613;25.8261;0.1218;359.6605;2.1868;191.7477;359.9879;359.9608;-0.7649;-0.0090;0.0326;4.5485;-3.9981;0.1568;172920;71.43279;Infinity;2403.40;0.8585;-0.1004;1.0963;1.4346;-27.4625;25.4436;355.0032;352.2104;49.6441;198.0435;354.5641;359.1204;LeftFalse_RightTrue;LeftFalse_RightFalse;HandLeft_(-0.4, -0.4, -0.1)_(-0.1, -0.6, 0.8, 0.1)_1.012537_System.String[];HandLeft_(0.2, -0.8, -0.1)_(0.5, 0.6, -0.6, 0.1)_0.9825718_System.String[];HandRight_(-0.3, -0.3, -0.3)_(0.4, 0.3, 0.4, -0.8)_1.012537_System.String[];HandRight_(0.5, -0.6, -0.2)_(0.1, -0.5, -0.5, 0.7)_0.9825718_System.String[];38.4629;-0.0138;-0.0844;0.7691;-0.4049;1.1246;1.0419;-27.4480;25.5559;357.0121;355.8975;6.8230;189.6909;355.1380;3.4019
0.0007;-0.1706;False;False;1.1153;-0.7832;-0.0526;-0.0401;-27.2705;25.6591;0.1223;359.6594;2.1377;191.5897;359.9873;359.9333;-0.7180;-0.0090;0.0311;4.5104;-3.9107;0.1527;172923;71.37366;Infinity;2403.44;0.8651;-0.1320;1.0959;1.4363;-27.2720;25.2776;355.0041;352.2119;49.5937;197.9055;354.5642;359.0901;LeftFalse_RightTrue;LeftFalse_RightFalse;HandLeft_(-0.4, -0.4, -0.1)_(-0.1, -0.6, 0.8, 0.1)_1.012537_System.String[];HandLeft_(0.2, -0.8, -0.1)_(0.5, 0.6, -0.6, 0.2)_0.9825718_System.String[];HandRight_(-0.3, -0.3, -0.3)_(0.4, 0.3, 0.4, -0.8)_1.012537_System.String[];HandRight_(0.4, -0.6, -0.2)_(0.1, -0.5, -0.5, 0.8)_0.9825718_System.String[];38.5049;-0.0144;-0.0992;0.7751;-0.4361;1.1236;1.0435;-27.2574;25.3885;357.4051;355.9866;6.8790;189.2187;355.2621;3.3511
0.0005;-0.1666;False;False;1.1217;-0.8124;-0.0530;-0.0388;-27.0818;25.4964;0.1226;359.6608;2.0911;191.3885;359.9866;359.9129;-0.6703;-0.0090;0.0300;4.4727;-3.8227;0.1474;172926;71.43541;Infinity;2403.49;0.8714;-0.1611;1.0955;1.4379;-27.0826;25.1155;355.0048;352.2150;49.5465;197.7212;354.5640;359.0679;LeftFalse_RightTrue;LeftFalse_RightFalse;HandLeft_(-0.4, -0.4, -0.1)_(-0.1, -0.6, 0.8, 0.1)_1.012537_System.String[];HandLeft_(0.2, -0.8, -0.1)_(0.5, 0.6, -0.6, 0.2)_0.9825718_System.String[];HandRight_(-0.3, -0.3, -0.3)_(0.4, 0.3, 0.4, -0.8)_1.012537_System.String[];HandRight_(0.4, -0.6, -0.2)_(0.1, -0.4, -0.4, 0.8)_0.9825718_System.String[];38.5469;-0.0163;-0.1133;0.7809;-0.4650;1.1229;1.0451;-27.0678;25.2246;357.6492;356.0827;6.8952;188.7688;355.4988;3.4177
0.0004;-0.1468;False;False;1.1277;-0.8395;-0.0534;-0.0376;-26.8952;25.3379;0.1226;359.6638;2.0444;191.1517;359.9854;359.8966;-0.6246;-0.0090;0.0277;4.4353;-3.7381;0.1413;172929;71.57394;Infinity;2403.53;0.8776;-0.1877;1.0952;1.4394;-26.8954;24.9581;355.0056;352.2191;49.5002;197.4977;354.5634;359.0511;LeftFalse_RightTrue;LeftFalse_RightFalse;HandLeft_(-0.4, -0.4, -0.1)_(-0.1, -0.6, 0.8, 0.1)_1.012537_System.String[];HandLeft_(0.2, -0.8, -0.1)_(0.5, 0.6, -0.6, 0.3)_0.9825718_System.String[];HandRight_(-0.3, -0.3, -0.3)_(0.4, 0.3, 0.4, -0.8)_1.012537_System.String[];HandRight_(0.4, -0.6, -0.2)_(0.1, -0.4, -0.4, 0.8)_0.9825718_System.String[];38.5889;-0.0186;-0.1257;0.7864;-0.4913;1.1223;1.0465;-26.8806;25.0653;357.7358;356.1496;6.7718;188.3034;355.6729;3.5605
0.0003;-0.1151;False;False;1.1335;-0.8645;-0.0537;-0.0365;-26.7112;25.1837;0.1224;359.6694;1.9953;190.8849;359.9837;359.8790;-0.5804;-0.0089;0.0260;4.3982;-3.6620;0.1344;172932;71.7824;Infinity;2403.57;0.8834;-0.2119;1.0948;1.4407;-26.7110;24.8056;355.0066;352.2260;49.4523;197.2432;354.5623;359.0342;LeftFalse_RightTrue;LeftFalse_RightFalse;HandLeft_(-0.4, -0.4, -0.1)_(-0.1, -0.6, 0.8, 0.1)_1.012537_System.String[];HandLeft_(0.2, -0.8, -0.1)_(0.5, 0.6, -0.5, 0.3)_0.9825718_System.String[];HandRight_(-0.3, -0.3, -0.3)_(0.4, 0.3, 0.4, -0.8)_1.012537_System.String[];HandRight_(0.4, -0.6, -0.2)_(0.2, -0.3, -0.4, 0.9)_0.9825718_System.String[];38.6304;-0.0209;-0.1369;0.7913;-0.5153;1.1218;1.0478;-26.6961;24.9110;357.8332;356.1974;6.5225;187.7692;355.8045;3.6607
0.0002;-0.0595;False;False;1.1389;-0.8877;-0.0541;-0.0354;-26.5287;25.0326;0.1221;359.6761;1.9421;190.5904;359.9816;359.8646;-0.5383;-0.0089;0.0257;4.3613;-3.5977;0.1271;172935;71.89769;Infinity;2403.61;0.8889;-0.2340;1.0944;1.4420;-26.5282;24.6567;355.0079;352.2341;49.4007;196.9597;354.5607;359.0190;LeftFalse_RightTrue;LeftFalse_RightFalse;HandLeft_(-0.4, -0.4, -0.1)_(-0.1, -0.6, 0.8, 0.1)_1.012537_System.String[];HandLeft_(0.2, -0.8, -0.1)_(0.5, 0.6, -0.5, 0.3)_0.9825718_System.String[];HandRight_(-0.3, -0.3, -0.3)_(0.4, 0.3, 0.4, -0.8)_1.012537_System.String[];HandRight_(0.4, -0.6, -0.2)_(0.2, -0.3, -0.4, 0.9)_0.9825718_System.String[];38.6721;-0.0222;-0.1469;0.7958;-0.5372;1.1213;1.0490;-26.5136;24.7602;357.8858;356.2486;6.2033;187.1839;355.9482;3.6869
0.0001;0.0000;False;False;1.1440;-0.9091;-0.0545;-0.0343;-26.3478;24.8838;0.1218;359.6815;1.8849;190.2709;359.9795;359.8542;-0.4992;-0.0088;0.0245;4.3248;-3.5530;0.1203;172938;71.93104;Infinity;2403.65;0.8941;-0.2540;1.0941;1.4432;-26.3470;24.5106;355.0093;352.2418;49.3448;196.6500;354.5590;359.0076;LeftFalse_RightTrue;LeftFalse_RightFalse;HandLeft_(-0.4, -0.4, -0.1)_(-0.1, -0.6, 0.8, 0.1)_1.012537_System.String[];HandLeft_(0.2, -0.8, -0.1)_(0.5, 0.6, -0.5, 0.4)_0.9825718_System.String[];HandRight_(-0.3, -0.3, -0.3)_(0.4, 0.3, 0.4, -0.8)_1.012537_System.String[];HandRight_(0.4, -0.6, -0.2)_(0.2, -0.3, -0.3, 0.9)_0.9825718_System.String[];38.7139;-0.0222;-0.1568;0.8002;-0.5570;1.1209;1.0501;-26.3324;24.6122;357.8089;356.2458;5.9192;186.6014;356.0733;3.6550
0.0001;0.0000;False;False;1.1489;-0.9290;-0.0548;-0.0333;-26.1681;24.7362;0.1213;359.6834;1.8252;189.9280;359.9778;359.8483;-0.4630;-0.0086;0.0237;4.2886;-3.5224;0.1141;172941;71.90574;Infinity;2403.70;0.8990;-0.2721;1.0937;1.4442;-26.1669;24.3662;355.0103;352.2454;49.2858;196.3145;354.5575;359.0009;LeftFalse_RightTrue;LeftFalse_RightFalse;HandLeft_(-0.4, -0.4, -0.1)_(-0.1, -0.6, 0.8, 0.1)_1.012537_System.String[];HandLeft_(0.2, -0.8, -0.1)_(0.5, 0.6, -0.4, 0.4)_0.9825718_System.String[];HandRight_(-0.3, -0.3, -0.3)_(0.3, 0.3, 0.4, -0.7)_1.012537_System.String[];HandRight_(0.4, -0.6, -0.2)_(0.2, -0.3, -0.3, 0.9)_0.9825718_System.String[];38.7556;-0.0222;-0.1655;0.8045;-0.5750;1.1205;1.0512;-26.1523;24.4657;357.7366;356.1969;5.7163;186.0194;356.1117;3.6907
0.0001;0.0000;False;False;1.1535;-0.9474;-0.0552;-0.0324;-25.9889;24.5891;0.1204;359.6833;1.7640;189.5629;359.9765;359.8448;-0.4269;-0.0083;0.0234;4.2526;-3.4923;0.1083;172944;71.59924;Infinity;2403.74;0.9037;-0.2884;1.0934;1.4453;-25.9891;24.2240;355.0109;352.2462;49.2255;195.9593;354.5559;358.9969;LeftFalse_RightTrue;LeftFalse_RightFalse;HandLeft_(-0.4, -0.4, -0.1)_(-0.1, -0.6, 0.8, 0.1)_1.012537_System.String[];HandLeft_(0.2, -0.8, -0.1)_(0.5, 0.7, -0.4, 0.4)_0.9825718_System.String[];HandRight_(-0.3, -0.3, -0.3)_(0.4, 0.3, 0.4, -0.7)_1.012537_System.String[];HandRight_(0.4, -0.6, -0.2)_(0.2, -0.3, -0.3, 0.9)_0.9825718_System.String[];38.7976;-0.0219;-0.1728;0.8088;-0.5912;1.1202;1.0524;-25.9745;24.3214;357.5877;356.1704;5.6071;185.5049;356.0724;3.7443
0.0001;0.0000;False;False;1.1579;-0.9643;-0.0555;-0.0314;-25.8114;24.4433;0.1192;359.6808;1.7026;189.1806;359.9757;359.8393;-0.3921;-0.0081;0.0220;4.2170;-3.4623;0.1030;172947;71.52534;Infinity;2403.78;0.9081;-0.3032;1.0930;1.4463;-25.8104;24.0814;355.0109;352.2450;49.1639;195.5809;354.5544;358.9919;LeftFalse_RightTrue;LeftFalse_RightFalse;HandLeft_(-0.4, -0.4, -0.1)_(-0.1, -0.6, 0.8, 0.1)_1.012537_System.String[];HandLeft_(0.2, -0.8, -0.1)_(0.4, 0.6, -0.5, 0.5)_0.9825718_System.String[];HandRight_(-0.3, -0.3, -0.3)_(0.4, 0.3, 0.4, -0.7)_1.012537_System.String[];HandRight_(0.4, -0.6, -0.2)_(0.2, -0.2, -0.3, 0.9)_0.9825718_System.String[];38.8396;-0.0211;-0.1769;0.8130;-0.6059;1.1198;1.0540;-25.7959;24.1767;357.4371;356.0989;5.5349;185.0415;356.0044;3.8294
0.0000;0.0000;False;False;1.1621;-0.9797;-0.0559;-0.0305;-25.6352;24.2987;0.1179;359.6775;1.6422;188.7857;359.9754;359.8347;-0.3444;-0.0079;0.0212;4.1640;-3.4173;0.0962;172950;71.46118;Infinity;2403.82;0.9123;-0.3164;1.0927;1.4473;-25.6340;23.9409;355.0103;352.2424;49.1031;195.1899;354.5532;358.9866;LeftFalse_RightTrue;LeftFalse_RightFalse;HandLeft_(-0.4, -0.4, -0.1)_(-0.1, -0.6, 0.8, 0.1)_1.012537_System.String[];HandLeft_(0.2, -0.8, -0.1)_(0.4, 0.5, -0.5, 0.5)_0.9825718_System.String[];HandRight_(-0.3, -0.3, -0.3)_(0.4, 0.3, 0.4, -0.8)_1.012537_System.String[];HandRight_(0.4, -0.6, -0.2)_(0.2, -0.2, -0.3, 0.9)_0.9825718_System.String[];38.8816;-0.0190;-0.1779;0.8173;-0.6189;1.1194;1.0557;-25.6197;24.0339;357.4095;355.9635;5.4602;184.6452;355.9667;3.9650
0.0000;0.0000;False;False;1.1661;-0.9937;-0.0562;-0.0296;-25.4611;24.1558;0.1165;359.6743;1.5849;188.3867;359.9759;359.8322;-0.3158;-0.0078;0.0209;4.1291;-3.3874;0.0934;172953;71.54485;Infinity;2403.86;0.9163;-0.3282;1.0924;1.4483;-25.4592;23.8019;355.0093;352.2395;49.0445;194.7915;354.5523;358.9830;LeftFalse_RightTrue;LeftFalse_RightFalse;HandLeft_(-0.4, -0.4, -0.1)_(-0.1, -0.6, 0.8, 0.1)_1.012537_System.String[];HandLeft_(0.2, -0.8, -0.1)_(0.4, 0.5, -0.5, 0.6)_0.9825718_System.String[];HandRight_(-0.3, -0.3, -0.3)_(0.4, 0.3, 0.4, -0.8)_1.012537_System.String[];HandRight_(0.4, -0.6, -0.2)_(0.2, -0.2, -0.3, 0.9)_0.9825718_System.String[];38.9236;-0.0155;-0.1779;0.8214;-0.6304;1.1191;1.0571;-25.4453;23.8929;357.4148;355.7763;5.4444;184.2938;355.8778;4.1408
0.0000;0.0000;False;False;1.1700;-1.0065;-0.0565;-0.0288;-25.2896;24.0151;0.1152;359.6718;1.5337;187.9895;359.9773;359.8316;-0.2891;-0.0076;0.0206;4.0944;-3.3577;0.0922;172956;71.76075;Infinity;2403.91;0.9201;-0.3386;1.0920;1.4492;-25.2874;23.6654;355.0076;352.2368;48.9911;194.3943;354.5520;358.9815;LeftFalse_RightTrue;LeftFalse_RightFalse;HandLeft_(-0.4, -0.4, -0.1)_(-0.1, -0.6, 0.8, 0.1)_1.012537_System.String[];HandLeft_(0.2, -0.8, -0.1)_(0.5, 0.5, -0.5, 0.6)_0.9825718_System.String[];HandRight_(-0.3, -0.3, -0.3)_(0.4, 0.3, 0.4, -0.8)_1.012537_System.String[];HandRight_(0.4, -0.6, -0.2)_(0.2, -0.2, -0.3, 0.9)_0.9825718_System.String[];38.9651;-0.0115;-0.1761;0.8253;-0.6409;1.1187;1.0583;-25.2738;23.7545;357.4187;355.5987;5.5343;183.9912;355.7888;4.3282
0.0000;0.0000;False;False;1.1738;-1.0181;-0.0569;-0.0279;-25.1195;23.8757;0.1140;359.6704;1.4905;187.5957;359.9796;359.8318;-0.2651;-0.0075;0.0210;4.0600;-3.3279;0.0919;172959;71.88508;Infinity;2403.95;0.9239;-0.3479;1.0917;1.4500;-25.1171;23.5302;355.0052;352.2350;48.9450;193.9989;354.5525;358.9814;LeftFalse_RightTrue;LeftFalse_RightFalse;HandLeft_(-0.4, -0.4, -0.1)_(-0.1, -0.5, 0.8, 0.1)_1.012537_System.String[];HandLeft_(0.2, -0.8, -0.1)_(0.5, 0.5, -0.5, 0.6)_0.9825718_System.String[];HandRight_(-0.3, -0.3, -0.3)_(0.4, 0.4, 0.4, -0.7)_1.012537_System.String[];HandRight_(0.4, -0.6, -0.2)_(0.2, -0.3, -0.3, 0.9)_0.9825718_System.String[];39.0068;-0.0086;-0.1717;0.8294;-0.6504;1.1183;1.0593;-25.1039;23.6173;357.4875;355.5096;5.7369;183.7299;355.7432;4.4838
0.0000;0.0000;False;False;1.1777;-1.0288;-0.0572;-0.0270;-24.9498;23.7365;0.1128;359.6704;1.4552;187.2066;359.9823;359.8327;-0.2439;-0.0074;0.0215;4.0259;-3.2983;0.0914;172962;71.63027;Infinity;2403.99;0.9277;-0.3562;1.0914;1.4509;-24.9482;23.3962;355.0025;352.2346;48.9072;193.6095;354.5534;358.9817;LeftFalse_RightTrue;LeftFalse_RightFalse;HandLeft_(-0.4, -0.4, -0.1)_(-0.1, -0.5, 0.8, 0.1)_1.012537_System.String[];HandLeft_(0.2, -0.8, -0.1)_(0.4, 0.5, -0.5, 0.6)_0.9825718_System.String[];HandRight_(-0.3, -0.3, -0.3)_(0.4, 0.4, 0.4, -0.7)_1.012537_System.String[];HandRight_(0.4, -0.6, -0.2)_(0.2, -0.3, -0.3, 0.9)_0.9825718_System.String[];39.0488;-0.0071;-0.1644;0.8334;-0.6589;1.1180;1.0603;-24.9354;23.4817;357.5404;355.5341;5.9856;183.5560;355.7419;4.5051
0.0000;0.0000;False;False;1.1815;-1.0387;-0.0575;-0.0261;-24.7817;23.5989;0.1117;359.6727;1.4265;186.8313;359.9848;359.8397;-0.2260;-0.0073;0.0202;3.9921;-3.2692;0.0905;172965;71.59101;Infinity;2404.03;0.9314;-0.3637;1.0911;1.4517;-24.7791;23.2620;354.9998;352.2353;48.8763;193.2267;354.5544;358.9862;LeftFalse_RightFalse;LeftFalse_RightFalse;HandLeft_(-0.4, -0.4, -0.1)_(-0.1, -0.5, 0.8, 0.1)_1.012537_System.String[];HandLeft_(0.2, -0.8, -0.1)_(0.5, 0.5, -0.5, 0.5)_0.9825718_System.String[];HandRight_(-0.3, -0.3, -0.3)_(0.4, 0.4, 0.4, -0.7)_1.012537_System.String[];HandRight_(0.4, -0.6, -0.2)_(0.2, -0.3, -0.3, 0.9)_0.9825718_System.String[];39.0908;-0.0067;-0.1558;0.8373;-0.6668;1.1176;1.0616;-24.7665;23.3459;357.5386;355.5117;6.1748;183.4496;355.8177;4.4757
0.0000;0.0000;False;False;1.1852;-1.0479;-0.0578;-0.0253;-24.6161;23.4634;0.1107;359.6774;1.4025;186.4760;359.9868;359.8516;-0.2111;-0.0073;0.0196;3.9586;-3.2402;0.0891;172968;71.78725;Infinity;2404.07;0.9351;-0.3704;1.0908;1.4524;-24.6126;23.1297;354.9974;352.2382;48.8509;192.8623;354.5551;358.9974;LeftFalse_RightFalse;LeftFalse_RightFalse;HandLeft_(-0.4, -0.3, -0.1)_(-0.1, -0.5, 0.8, 0.1)_1.012537_System.String[];HandLeft_(0.2, -0.8, -0.1)_(0.5, 0.5, -0.5, 0.5)_0.9825718_System.String[];HandRight_(-0.3, -0.3, -0.3)_(0.4, 0.3, 0.4, -0.7)_1.012537_System.String[];HandRight_(0.4, -0.6, -0.2)_(0.2, -0.3, -0.3, 0.9)_0.9825718_System.String[];39.1323;-0.0067;-0.1458;0.8411;-0.6740;1.1173;1.0630;-24.6002;23.2121;357.5840;355.3524;6.2828;183.3775;355.8374;4.5197
0.0000;0.0346;False;False;1.1889;-1.0564;-0.0581;-0.0246;-24.4520;23.3291;0.1096;359.6859;1.3814;186.1418;359.9883;359.8614;-0.1994;-0.0072;0.0173;3.9253;-3.2125;0.0873;172971;71.89664;Infinity;2404.11;0.9388;-0.3766;1.0904;1.4530;-24.4481;22.9988;354.9955;352.2440;48.8289;192.5190;354.5554;359.0094;LeftFalse_RightFalse;LeftFalse_RightFalse;HandLeft_(-0.4, -0.3, -0.1)_(-0.1, -0.5, 0.8, 0.1)_1.012537_System.String[];HandLeft_(0.2, -0.8, -0.1)_(0.5, 0.6, -0.5, 0.4)_0.9825718_System.String[];HandRight_(-0.3, -0.3, -0.3)_(0.4, 0.3, 0.4, -0.7)_1.012537_System.String[];HandRight_(0.4, -0.6, -0.2)_(0.2, -0.3, -0.4, 0.9)_0.9825718_System.String[];39.1741;-0.0067;-0.1349;0.8448;-0.6809;1.1170;1.0641;-24.4358;23.0797;357.6233;355.2197;6.3245;183.3598;355.8132;4.5406
0.0000;0.1155;False;False;1.1925;-1.0645;-0.0584;-0.0239;-24.2892;23.1959;0.1086;359.6969;1.3619;185.8300;359.9894;359.8698;-0.1893;-0.0071;0.0164;3.8924;-3.1894;0.0855;172974;71.94364;Infinity;2404.16;0.9424;-0.3826;1.0901;1.4536;-24.2850;22.8688;354.9939;352.2534;48.8090;192.1990;354.5555;359.0193;LeftFalse_RightFalse;LeftFalse_RightFalse;HandLeft_(-0.4, -0.3, -0.1)_(-0.1, -0.5, 0.8, 0.1)_1.012537_System.String[];HandLeft_(0.2, -0.8, -0.1)_(0.5, 0.6, -0.5, 0.4)_0.9825718_System.String[];HandRight_(-0.3, -0.3, -0.3)_(0.4, 0.3, 0.4, -0.7)_1.012537_System.String[];HandRight_(0.4, -0.6, -0.2)_(0.2, -0.3, -0.4, 0.8)_0.9825718_System.String[];39.2158;-0.0067;-0.1229;0.8484;-0.6881;1.1169;1.0646;-24.2728;22.9483;357.5419;355.1471;6.3879;183.4380;355.7117;4.5204
0.0000;0.2118;False;False;1.1961;-1.0723;-0.0587;-0.0232;-24.1273;23.0630;0.1075;359.7084;1.3434;185.5401;359.9902;359.8785;-0.1827;-0.0071;0.0162;3.8598;-3.1761;0.0836;172977;71.8094;Infinity;2404.20;0.9459;-0.3883;1.0898;1.4541;-24.1233;22.7394;354.9926;352.2638;48.7903;191.9013;354.5553;359.0288;LeftFalse_RightFalse;LeftFalse_RightFalse;HandLeft_(-0.4, -0.3, -0.1)_(-0.1, -0.5, 0.8, 0.1)_1.012537_System.String[];HandLeft_(0.2, -0.8, -0.1)_(0.5, 0.6, -0.5, 0.3)_0.9825718_System.String[];HandRight_(-0.3, -0.3, -0.3)_(0.4, 0.4, 0.4, -0.7)_1.012537_System.String[];HandRight_(0.4, -0.6, -0.2)_(0.2, -0.3, -0.4, 0.8)_0.9825718_System.String[];39.2576;-0.0067;-0.1083;0.8519;-0.6951;1.1170;1.0649;-24.1113;22.8178;357.4668;355.1850;6.4593;183.5893;355.6462;4.4659
0.0000;0.3013;False;False;1.1995;-1.0799;-0.0590;-0.0225;-23.9666;22.9301;0.1060;359.7197;1.3255;185.2760;359.9906;359.8891;-0.1801;-0.0066;0.0163;3.8273;-3.1745;0.0818;172980;71.7644;Infinity;2404.24;0.9493;-0.3940;1.0896;1.4546;-23.9617;22.6089;354.9913;352.2742;48.7722;191.6260;354.5547;359.0403;LeftFalse_RightFalse;LeftFalse_RightFalse;HandLeft_(-0.4, -0.3, -0.1)_(-0.1, -0.6, 0.8, 0.1)_1.012537_System.String[];HandLeft_(0.2, -0.8, -0.1)_(0.5, 0.6, -0.5, 0.4)_0.9825718_System.String[];HandRight_(-0.3, -0.3, -0.3)_(0.4, 0.3, 0.4, -0.7)_1.012537_System.String[];HandRight_(0.4, -0.6, -0.2)_(0.1, -0.3, -0.4, 0.8)_0.9825718_System.String[];39.2993;-0.0067;-0.0928;0.8552;-0.7022;1.1169;1.0653;-23.9498;22.6865;357.3893;355.2647;6.5041;183.7726;355.6697;4.3761
0.0000;0.3842;False;False;1.2029;-1.0875;-0.0592;-0.0218;-23.8077;22.7973;0.1041;359.7292;1.3080;185.0418;359.9909;359.9025;-0.1817;-0.0063;0.0152;3.7792;-3.1911;0.0791;172983;71.77216;Infinity;2404.28;0.9527;-0.3998;1.0893;1.4550;-23.8028;22.4792;354.9899;352.2832;48.7548;191.3809;354.5536;359.0534;LeftFalse_RightFalse;LeftFalse_RightFalse;HandLeft_(-0.4, -0.3, -0.1)_(-0.1, -0.5, 0.8, 0.1)_1.012537_System.String[];HandLeft_(0.2, -0.8, -0.1)_(0.5, 0.6, -0.5, 0.4)_0.9825718_System.String[];HandRight_(-0.3, -0.3, -0.3)_(0.4, 0.3, 0.4, -0.7)_1.012537_System.String[];HandRight_(0.5, -0.6, -0.2)_(0.1, -0.4, -0.5, 0.8)_0.9825718_System.String[];39.3413;-0.0067;-0.0765;0.8584;-0.7094;1.1167;1.0657;-23.7912;22.5560;357.3044;355.2882;6.5234;183.9386;355.7118;4.2888
0.0000;0.4636;False;False;1.2062;-1.0953;-0.0595;-0.0212;-23.6501;22.6637;0.1020;359.7355;1.2909;184.8368;359.9911;359.9195;-0.1868;-0.0062;0.0136;3.7474;-3.2136;0.0773;172986;71.73944;Infinity;2404.32;0.9560;-0.4057;1.0890;1.4554;-23.6450;22.3483;354.9883;352.2887;48.7377;191.1637;354.5522;359.0705;LeftFalse_RightFalse;LeftFalse_RightFalse;HandLeft_(-0.4, -0.3, -0.1)_(-0.1, -0.5, 0.8, 0.1)_1.012537_System.String[];HandLeft_(0.2, -0.8, -0.1)_(0.5, 0.6, -0.5, 0.4)_0.9825718_System.String[];HandRight_(-0.3, -0.3, -0.3)_(0.4, 0.3, 0.4, -0.7)_1.012537_System.String[];HandRight_(0.5, -0.6, -0.2)_(0.1, -0.4, -0.5, 0.8)_0.9825718_System.String[];39.3831;-0.0067;-0.0602;0.8614;-0.7167;1.1166;1.0661;-23.6334;22.4243;357.1865;355.2564;6.4735;184.0162;355.7961;4.2206
0.0000;0.5387;False;False;1.2094;-1.1033;-0.0597;-0.0207;-23.4934;22.5285;0.0998;359.7374;1.2740;184.6631;359.9914;359.9340;-0.1949;-0.0061;0.0126;3.7160;-3.2454;0.0756;172989;71.64641;Infinity;2404.37;0.9592;-0.4121;1.0888;1.4558;-23.4877;22.2155;354.9866;352.2904;48.7208;190.9766;354.5508;359.0866;LeftFalse_RightFalse;LeftFalse_RightFalse;HandLeft_(-0.4, -0.3, -0.1)_(-0.1, -0.5, 0.8, 0.1)_1.012537_System.String[];HandLeft_(0.2, -0.8, -0.1)_(0.5, 0.6, -0.5, 0.3)_0.9825718_System.String[];HandRight_(-0.3, -0.3, -0.3)_(0.4, 0.3, 0.4, -0.7)_1.012537_System.String[];HandRight_(0.5, -0.6, -0.2)_(0.0, -0.4, -0.5, 0.8)_0.9825718_System.String[];39.4250;-0.0067;-0.0459;0.8643;-0.7243;1.1165;1.0661;-23.4760;22.2902;356.9775;355.2604;6.3422;183.9533;355.8671;4.1074
0.0000;0.6021;False;False;1.2125;-1.1117;-0.0600;-0.0201;-23.3389;22.3926;0.0976;359.7360;1.2573;184.5216;359.9916;359.9467;-0.2040;-0.0058;0.0121;3.6847;-3.2855;0.0739;172992;71.77993;Infinity;2404.41;0.9623;-0.4190;1.0885;1.4562;-23.3328;22.0818;354.9850;352.2886;48.7042;190.8229;354.5493;359.0999;LeftFalse_RightFalse;LeftFalse_RightFalse;HandLeft_(-0.4, -0.3, -0.1)_(-0.1, -0.5, 0.8, 0.1)_1.012537_System.String[];HandLeft_(0.2, -0.8, -0.1)_(0.6, 0.6, -0.4, 0.3)_0.9825718_System.String[];HandRight_(-0.3, -0.3, -0.3)_(0.4, 0.3, 0.4, -0.7)_1.012537_System.String[];HandRight_(0.5, -0.6, -0.2)_(0.0, -0.4, -0.5, 0.7)_0.9825718_System.String[];39.4666;-0.0067;-0.0346;0.8672;-0.7326;1.1166;1.0663;-23.3210;22.1554;356.8624;355.3262;6.2196;183.8090;355.8609;3.9285
0.0000;0.6496;False;False;1.2156;-1.1204;-0.0602;-0.0196;-23.1853;22.2543;0.0957;359.7325;1.2408;184.4077;359.9917;359.9576;-0.2126;-0.0056;0.0118;3.6538;-3.3322;0.0722;172995;71.69617;Infinity;2404.45;0.9654;-0.4266;1.0883;1.4565;-23.1794;21.9462;354.9835;352.2844;48.6877;190.6990;354.5479;359.1111;LeftFalse_RightFalse;LeftFalse_RightFalse;HandLeft_(-0.4, -0.3, -0.1)_(-0.1, -0.5, 0.8, 0.1)_1.012537_System.String[];HandLeft_(0.2, -0.8, -0.1)_(0.6, 0.6, -0.5, 0.3)_0.9825718_System.String[];HandRight_(-0.3, -0.3, -0.3)_(0.4, 0.3, 0.4, -0.7)_1.012537_System.String[];HandRight_(0.5, -0.7, -0.2)_(0.0, -0.4, -0.5, 0.7)_0.9825718_System.String[];39.5085;-0.0067;-0.0275;0.8701;-0.7413;1.1165;1.0665;-23.1677;22.0187;356.9098;355.3983;6.1506;183.7461;355.8359;3.7586
0.0000;0.6846;False;False;1.2186;-1.1295;-0.0605;-0.0191;-23.0329;22.1137;0.0941;359.7279;1.2244;184.3156;359.9919;359.9661;-0.2194;-0.0055;0.0117;3.6230;-3.3832;0.0706;172998;71.68396;Infinity;2404.49;0.9684;-0.4348;1.0880;1.4569;-23.0259;21.8070;354.9822;352.2791;48.6713;190.5985;354.5468;359.1201;LeftFalse_RightFalse;LeftFalse_RightFalse;HandLeft_(-0.4, -0.3, -0.1)_(-0.1, -0.5, 0.8, 0.1)_1.012537_System.String[];HandLeft_(0.2, -0.8, -0.1)_(0.6, 0.6, -0.5, 0.3)_0.9825718_System.String[];HandRight_(-0.3, -0.3, -0.3)_(0.4, 0.3, 0.4, -0.7)_1.012537_System.String[];HandRight_(0.5, -0.7, -0.2)_(0.0, -0.5, -0.5, 0.7)_0.9825718_System.String[];39.5503;-0.0067;-0.0227;0.8731;-0.7506;1.1161;1.0666;-23.0141;21.8785;356.9322;355.5297;6.1261;183.8021;355.8391;3.5973
0.0000;0.7141;False;False;1.2215;-1.1388;-0.0607;-0.0187;-22.8826;21.9716;0.0926;359.7233;1.2083;184.2403;359.9921;359.9723;-0.2256;-0.0054;0.0118;3.5926;-3.4381;0.0690;173001;71.84036;Infinity;2404.53;0.9713;-0.4433;1.0878;1.4574;-22.8753;21.6668;354.9811;352.2737;48.6552;190.5173;354.5457;359.1265;LeftFalse_RightFalse;LeftFalse_RightFalse;HandLeft_(-0.4, -0.3, -0.1)_(-0.1, -0.5, 0.8, 0.1)_1.012537_System.String[];HandLeft_(0.2, -0.8, -0.1)_(0.6, 0.7, -0.4, 0.2)_0.9825718_System.String[];HandRight_(-0.3, -0.3, -0.3)_(0.4, 0.3, 0.4, -0.7)_1.012537_System.String[];HandRight_(0.5, -0.7, -0.2)_(0.0, -0.5, -0.5, 0.7)_0.9825718_System.String[];39.5920;-0.0067;-0.0182;0.8759;-0.7600;1.1157;1.0668;-22.8635;21.7372;356.9031;355.6872;6.1368;183.9485;355.8127;3.4905
0.0000;0.7442;False;False;1.2243;-1.1484;-0.0609;-0.0182;-22.7336;21.8269;0.0912;359.7190;1.1922;184.1784;359.9922;359.9768;-0.2317;-0.0053;0.0121;3.5624;-3.4965;0.0674;173004;71.91409;Infinity;2404.57;0.9742;-0.4522;1.0876;1.4578;-22.7259;21.5239;354.9800;352.2687;48.6392;190.4506;354.5448;359.1310;LeftFalse_RightFalse;LeftFalse_RightFalse;HandLeft_(-0.4, -0.3, -0.1)_(-0.1, -0.5, 0.8, 0.1)_1.012537_System.String[];HandLeft_(0.2, -0.8, -0.1)_(0.6, 0.7, -0.4, 0.2)_0.9825718_System.String[];HandRight_(-0.3, -0.3, -0.3)_(0.4, 0.3, 0.4, -0.7)_1.012537_System.String[];HandRight_(0.5, -0.7, -0.2)_(0.0, -0.5, -0.5, 0.7)_0.9825718_System.String[];39.6338;-0.0067;-0.0141;0.8789;-0.7699;1.1154;1.0671;-22.7143;21.5937;356.8644;355.8480;6.1807;184.1308;355.8008;3.3999
0.0000;0.7793;False;False;1.2271;-1.1582;-0.0611;-0.0176;-22.5857;21.6795;0.0899;359.7157;1.1764;184.1277;359.9922;359.9796;-0.2378;-0.0052;0.0129;3.5325;-3.5577;0.0659;173007;71.89081;Infinity;2404.62;0.9769;-0.4615;1.0874;1.4583;-22.5779;21.3783;354.9791;352.2647;48.6234;190.3962;354.5438;359.1340;LeftFalse_RightFalse;LeftFalse_RightFalse;HandLeft_(-0.4, -0.3, -0.1)_(-0.1, -0.5, 0.8, 0.1)_1.012537_System.String[];HandLeft_(0.2, -0.8, -0.1)_(0.6, 0.7, -0.4, 0.2)_0.9825718_System.String[];HandRight_(-0.3, -0.3, -0.3)_(0.4, 0.3, 0.4, -0.7)_1.012537_System.String[];HandRight_(0.5, -0.7, -0.2)_(0.0, -0.5, -0.5, 0.7)_0.9825718_System.String[];39.6753;-0.0067;-0.0092;0.8819;-0.7798;1.1151;1.0672;-22.5665;21.4475;356.8051;355.9671;6.2252;184.3158;355.8019;3.3082
0.0000;0.8196;False;False;1.2298;-1.1684;-0.0614;-0.0171;-22.4391;21.5293;0.0886;359.7154;1.1606;184.0883;359.9922;359.9853;-0.2450;-0.0052;0.0121;3.5028;-3.6232;0.0644;173010;71.89413;Infinity;2404.66;0.9796;-0.4712;1.0871;1.4588;-22.4309;21.2296;354.9781;352.2627;48.6077;190.3525;354.5429;359.1380;LeftFalse_RightFalse;LeftFalse_RightFalse;HandLeft_(-0.4, -0.3, -0.1)_(-0.1, -0.5, 0.8, 0.1)_1.012537_System.String[];HandLeft_(0.2, -0.8, -0.1)_(0.6, 0.7, -0.4, 0.2)_0.9825718_System.String[];HandRight_(-0.3, -0.3, -0.3)_(0.4, 0.3, 0.4, -0.7)_1.012537_System.String[];HandRight_(0.5, -0.7, -0.2)_(0.0, -0.5, -0.5, 0.7)_0.9825718_System.String[];39.7170;-0.0067;-0.0046;0.8847;-0.7899;1.1148;1.0674;-22.4197;21.2981;356.7420;356.0457;6.2365;184.4635;355.8077;3.2336
0.0000;0.8580;False;False;1.2324;-1.1789;-0.0616;-0.0167;-22.2929;21.3753;0.0873;359.7195;1.1449;184.0600;359.9922;359.9890;-0.2531;-0.0051;0.0105;3.4734;-3.6937;0.0629;173013;71.61095;Infinity;2404.70;0.9823;-0.4812;1.0869;1.4592;-22.2855;21.0779;354.9773;352.2647;48.5922;190.3201;354.5419;359.1433;LeftFalse_RightFalse;LeftFalse_RightFalse;HandLeft_(-0.4, -0.3, -0.1)_(-0.1, -0.5, 0.8, 0.1)_1.012537_System.String[];HandLeft_(0.2, -0.8, -0.1)_(0.6, 0.7, -0.5, 0.2)_0.9825718_System.String[];HandRight_(-0.3, -0.3, -0.3)_(0.4, 0.3, 0.4, -0.7)_1.012537_System.String[];HandRight_(0.5, -0.7, -0.1)_(-0.1, -0.5, -0.5, 0.7)_0.9825718_System.String[];39.7590;-0.0067;-0.0020;0.8874;-0.8003;1.1146;1.0676;-22.2744;21.1459;356.6691;356.0698;6.2370;184.5655;355.7926;3.2078
0.0000;0.8870;False;False;1.2350;-1.1898;-0.0618;-0.0162;-22.1483;21.2183;0.0860;359.7269;1.1294;184.0413;359.9923;359.9907;-0.2641;-0.0051;0.0097;3.4297;-3.8072;0.0607;173016;71.5629;Infinity;2404.74;0.9849;-0.4918;1.0867;1.4596;-22.1401;20.9216;354.9764;352.2709;48.5766;190.2981;354.5410;359.1463;LeftFalse_RightFalse;LeftFalse_RightFalse;HandLeft_(-0.4, -0.3, -0.1)_(-0.1, -0.5, 0.8, 0.1)_1.012537_System.String[];HandLeft_(0.2, -0.8, -0.1)_(0.6, 0.7, -0.5, 0.2)_0.9825718_System.String[];HandRight_(-0.3, -0.3, -0.3)_(0.4, 0.3, 0.4, -0.7)_1.012537_System.String[];HandRight_(0.5, -0.7, -0.1)_(-0.1, -0.6, -0.5, 0.6)_0.9825718_System.String[];39.8010;-0.0067;-0.0020;0.8901;-0.8111;1.1144;1.0679;-22.1291;20.9892;356.6619;356.1642;6.2019;184.6263;355.8172;3.2188
0.0000;0.9081;False;False;1.2376;-1.2008;-0.0620;-0.0158;-22.0057;21.0587;0.0847;359.7367;1.1141;184.0281;359.9923;359.9907;-0.2698;-0.0047;0.0098;3.4009;-3.8864;0.0593;173019;71.78026;Infinity;2404.78;0.9874;-0.5028;1.0865;1.4599;-21.9964;20.7623;354.9755;352.2798;48.5613;190.2832;354.5401;359.1479;LeftFalse_RightFalse;LeftFalse_RightFalse;HandLeft_(-0.4, -0.3, -0.1)_(-0.1, -0.6, 0.8, 0.1)_1.012537_System.String[];HandLeft_(0.2, -0.8, -0.1)_(0.6, 0.7, -0.5, 0.2)_0.9825718_System.String[];HandRight_(-0.3, -0.3, -0.3)_(0.4, 0.3, 0.4, -0.7)_1.012537_System.String[];HandRight_(0.5, -0.7, -0.1)_(-0.1, -0.6, -0.5, 0.6)_0.9825718_System.String[];39.8428;-0.0067;-0.0038;0.8927;-0.8222;1.1141;1.0683;-21.9855;20.8294;356.6670;356.2844;6.1710;184.6233;355.8469;3.2461
0.0000;0.9234;False;False;1.2400;-1.2121;-0.0622;-0.0154;-21.8644;20.8957;0.0827;359.7487;1.0989;184.0161;359.9922;359.9902;-0.2732;-0.0045;0.0102;3.3723;-3.9680;0.0579;173022;71.87807;Infinity;2404.82;0.9899;-0.5140;1.0863;1.4603;-21.8548;20.6003;354.9744;352.2911;48.5462;190.2712;354.5388;359.1487;LeftFalse_RightFalse;LeftFalse_RightFalse;HandLeft_(-0.4, -0.3, -0.1)_(-0.1, -0.6, 0.8, 0.1)_1.012537_System.String[];HandLeft_(0.2, -0.8, -0.1)_(0.6, 0.7, -0.5, 0.2)_0.9825718_System.String[];HandRight_(-0.3, -0.3, -0.3)_(0.4, 0.3, 0.4, -0.7)_1.012537_System.String[];HandRight_(0.5, -0.7, -0.1)_(-0.1, -0.5, -0.5, 0.6)_0.9825718_System.String[];39.8843;-0.0067;-0.0085;0.8951;-0.8335;1.1139;1.0684;-21.8439;20.6671;356.6590;356.3865;6.1561;184.6093;355.8541;3.2664
0.0000;0.9347;False;False;1.2424;-1.2236;-0.0624;-0.0150;-21.7228;20.7274;0.0805;359.7613;1.0837;183.9989;359.9921;359.9917;-0.2730;-0.0043;0.0086;3.3439;-4.0517;0.0566;173025;71.55045;Infinity;2404.87;0.9923;-0.5254;1.0861;1.4606;-21.7132;20.4335;354.9730;352.3038;48.5311;190.2563;354.5371;359.1502;LeftFalse_RightFalse;LeftFalse_RightFalse;HandLeft_(-0.4, -0.3, -0.1)_(-0.1, -0.5, 0.8, 0.1)_1.012537_System.String[];HandLeft_(0.2, -0.8, -0.1)_(0.6, 0.6, -0.5, 0.2)_0.9825718_System.String[];HandRight_(-0.3, -0.3, -0.3)_(0.4, 0.3, 0.4, -0.7)_1.012537_System.String[];HandRight_(0.5, -0.7, -0.1)_(-0.1, -0.5, -0.5, 0.6)_0.9825718_System.String[];39.9265;-0.0067;-0.0155;0.8976;-0.8450;1.1137;1.0685;-21.7023;20.4998;356.6818;356.4891;6.1409;184.6185;355.8631;3.2303
0.0000;0.9428;False;False;1.2448;-1.2350;-0.0625;-0.0147;-21.5836;20.5566;0.0780;359.7709;1.0687;183.9700;359.9921;359.9917;-0.2697;-0.0042;0.0059;3.3157;-4.1369;0.0553;173028;71.69095;Infinity;2404.91;0.9947;-0.5366;1.0860;1.4609;-21.5733;20.2635;354.9713;352.3144;48.5162;190.2317;354.5352;359.1533;LeftFalse_RightFalse;LeftFalse_RightFalse;HandLeft_(-0.4, -0.3, -0.1)_(-0.1, -0.5, 0.8, 0.1)_1.012537_System.String[];HandLeft_(0.2, -0.8, -0.1)_(0.6, 0.6, -0.5, 0.2)_0.9825718_System.String[];HandRight_(-0.3, -0.3, -0.3)_(0.4, 0.3, 0.4, -0.7)_1.012537_System.String[];HandRight_(0.5, -0.7, -0.1)_(-0.1, -0.5, -0.5, 0.6)_0.9825718_System.String[];39.9683;-0.0067;-0.0231;0.9002;-0.8564;1.1136;1.0686;-21.5622;20.3293;356.6913;356.5941;6.1172;184.6192;355.8942;3.1913
0.0000;0.9488;False;False;1.2471;-1.2462;-0.0627;-0.0145;-21.4452;20.3816;0.0754;359.7779;1.0539;183.9244;359.9921;359.9877;-0.2650;-0.0041;0.0046;3.2878;-4.2227;0.0540;173031;71.6311;Infinity;2404.95;0.9969;-0.5477;1.0858;1.4611;-21.4350;20.0906;354.9696;352.3223;48.5015;190.1924;354.5333;359.1510;LeftFalse_RightFalse;LeftFalse_RightFalse;HandLeft_(-0.4, -0.4, -0.1)_(-0.1, -0.5, 0.8, 0.1)_1.012537_System.String[];HandLeft_(0.2, -0.8, -0.1)_(0.6, 0.6, -0.5, 0.2)_0.9825718_System.String[];HandRight_(-0.3, -0.3, -0.3)_(0.4, 0.3, 0.4, -0.7)_1.012537_System.String[];HandRight_(0.5, -0.7, -0.2)_(-0.1, -0.5, -0.5, 0.7)_0.9825718_System.String[];40.0103;-0.0067;-0.0303;0.9027;-0.8676;1.1134;1.0688;-21.4238;20.1559;356.7355;356.6967;6.1083;184.6157;355.9052;3.1737
0.0000;0.9513;False;False;1.2493;-1.2571;-0.0629;-0.0143;-21.3076;20.2023;0.0728;359.7836;1.0391;183.8594;359.9921;359.9816;-0.2582;-0.0040;0.0038;3.2602;-4.3091;0.0527;173034;71.57162;Infinity;2404.99;0.9992;-0.5586;1.0856;1.4613;-21.2967;19.9127;354.9678;352.3289;48.4868;190.1348;354.5314;359.1461;LeftFalse_RightFalse;LeftFalse_RightFalse;HandLeft_(-0.4, -0.4, -0.1)_(-0.1, -0.5, 0.8, 0.1)_1.012537_System.String[];HandLeft_(0.2, -0.8, -0.1)_(0.6, 0.6, -0.5, 0.3)_0.9825718_System.String[];HandRight_(-0.3, -0.3, -0.3)_(0.4, 0.3, 0.4, -0.7)_1.012537_System.String[];HandRight_(0.5, -0.7, -0.2)_(0.0, -0.5, -0.5, 0.7)_0.9825718_System.String[];40.0522;-0.0067;-0.0361;0.9050;-0.8785;1.1133;1.0689;-21.2855;19.9775;356.7646;356.7518;6.1164;184.6236;355.8947;3.1720
0.0000;0.9525;False;False;1.2515;-1.2677;-0.0630;-0.0142;-21.1721;20.0205;0.0705;359.7887;1.0246;183.7746;359.9921;359.9745;-0.2503;-0.0036;0.0034;3.2327;-4.3955;0.0514;173037;71.70849;Infinity;2405.03;1.0014;-0.5689;1.0855;1.4616;-21.1612;19.7332;354.9662;352.3348;48.4724;190.0577;354.5296;359.1398;LeftFalse_RightFalse;LeftFalse_RightFalse;HandLeft_(-0.4, -0.4, -0.1)_(-0.1, -0.5, 0.8, 0.1)_1.012537_System.String[];HandLeft_(0.2, -0.8, -0.1)_(0.6, 0.6, -0.5, 0.3)_0.9825718_System.String[];HandRight_(-0.3, -0.3, -0.3)_(0.4, 0.3, 0.4, -0.7)_1.012537_System.String[];HandRight_(0.5, -0.6, -0.2)_(0.0, -0.5, -0.5, 0.7)_0.9825718_System.String[];40.0940;-0.0067;-0.0416;0.9073;-0.8890;1.1131;1.0690;-21.1499;19.7975;356.7907;356.7730;6.1223;184.6453;355.9015;3.1697
0.0000;0.9527;False;False;1.2536;-1.2779;-0.0632;-0.0140;-21.0378;19.8347;0.0686;359.7939;1.0102;183.6699;359.9921;359.9668;-0.2416;-0.0035;0.0033;3.2054;-4.4818;0.0502;173040;71.77977;Infinity;2405.08;1.0035;-0.5789;1.0853;1.4618;-21.0264;19.5495;354.9648;352.3407;48.4581;189.9600;354.5282;359.1328;LeftFalse_RightFalse;LeftFalse_RightFalse;HandLeft_(-0.4, -0.4, -0.1)_(-0.1, -0.5, 0.8, 0.1)_1.012537_System.String[];HandLeft_(0.2, -0.8, -0.1)_(0.6, 0.6, -0.5, 0.3)_0.9825718_System.String[];HandRight_(-0.3, -0.3, -0.3)_(0.4, 0.3, 0.4, -0.7)_1.012537_System.String[];HandRight_(0.5, -0.6, -0.2)_(0.0, -0.5, -0.5, 0.7)_0.9825718_System.String[];40.1357;-0.0067;-0.0465;0.9094;-0.8990;1.1130;1.0692;-21.0151;19.6132;356.7629;356.7621;6.1053;184.6508;355.9240;3.2199
0.0000;0.9528;False;False;1.2556;-1.2876;-0.0633;-0.0139;-20.9046;19.6452;0.0670;359.7994;0.9959;183.5461;359.9922;359.9589;-0.2312;-0.0033;0.0035;3.1784;-4.5679;0.0490;173043;71.78067;Infinity;2405.12;1.0055;-0.5883;1.0852;1.4620;-20.8932;19.3629;354.9637;352.3469;48.4439;189.8436;354.5269;359.1256;LeftFalse_RightFalse;LeftFalse_RightFalse;HandLeft_(-0.4, -0.3, -0.1)_(-0.1, -0.5, 0.8, 0.1)_1.012537_System.String[];HandLeft_(0.2, -0.8, -0.1)_(0.6, 0.6, -0.5, 0.3)_0.9825718_System.String[];HandRight_(-0.3, -0.3, -0.3)_(0.4, 0.3, 0.4, -0.7)_1.012537_System.String[];HandRight_(0.5, -0.6, -0.2)_(0.0, -0.5, -0.5, 0.7)_0.9825718_System.String[];40.1775;-0.0067;-0.0518;0.9115;-0.9088;1.1128;1.0693;-20.8820;19.4260;356.6639;356.7802;6.0608;184.6556;355.9297;3.2341
0.0000;0.9525;False;False;1.2577;-1.2969;-0.0635;-0.0138;-20.7720;19.4512;0.0655;359.8068;0.9816;183.4019;359.9922;359.9511;-0.2190;-0.0032;0.0029;3.1516;-4.6538;0.0478;173046;71.68279;Infinity;2405.16;1.0076;-0.5971;1.0850;1.4622;-20.7600;19.1711;354.9626;352.3543;48.4297;189.7063;354.5258;359.1185;LeftFalse_RightFalse;LeftFalse_RightFalse;HandLeft_(-0.4, -0.3, -0.1)_(-0.1, -0.5, 0.8, 0.1)_1.012537_System.String[];HandLeft_(0.2, -0.8, -0.1)_(0.6, 0.6, -0.5, 0.3)_0.9825718_System.String[];HandRight_(-0.3, -0.3, -0.3)_(0.4, 0.3, 0.4, -0.7)_1.012537_System.String[];HandRight_(0.5, -0.6, -0.2)_(0.0, -0.5, -0.5, 0.7)_0.9825718_System.String[];40.2195;-0.0067;-0.0562;0.9133;-0.9181;1.1127;1.0695;-20.7490;19.2335;356.5758;356.7897;6.0124;184.6052;355.9520;3.2442
0.0000;0.9516;False;False;1.2596;-1.3056;-0.0636;-0.0137;-20.6415;19.2546;0.0641;359.8161;0.9676;183.2393;359.9923;359.9425;-0.1989;-0.0031;0.0026;3.1118;-4.7822;0.0461;173049;71.82988;Infinity;2405.20;1.0095;-0.6053;1.0849;1.4624;-20.6293;18.9775;354.9616;352.3639;48.4157;189.5509;354.5248;359.1110;LeftFalse_RightFalse;LeftFalse_RightFalse;HandLeft_(-0.4, -0.3, -0.1)_(-0.1, -0.5, 0.8, 0.1)_1.012537_System.String[];HandLeft_(0.2, -0.8, -0.1)_(0.6, 0.6, -0.5, 0.3)_0.9825718_System.String[];HandRight_(-0.3, -0.3, -0.3)_(0.4, 0.3, 0.4, -0.7)_1.012537_System.String[];HandRight_(0.5, -0.6, -0.2)_(0.0, -0.5, -0.5, 0.7)_0.9825718_System.String[];40.2610;-0.0067;-0.0596;0.9151;-0.9265;1.1125;1.0696;-20.6184;19.0391;356.5168;356.8078;5.9841;184.5164;355.9835;3.2426
0.0000;0.9499;False;False;1.2615;-1.3137;-0.0637;-0.0135;-20.5110;19.0526;0.0628;359.8269;0.9536;183.0579;359.9922;359.9337;-0.1842;-0.0031;0.0026;3.0856;-4.8673;0.0449;173052;71.57364;Infinity;2405.24;1.0114;-0.6127;1.0848;1.4625;-20.4990;18.7795;354.9607;352.3752;48.4018;189.3769;354.5238;359.1034;LeftFalse_RightFalse;LeftFalse_RightFalse;HandLeft_(-0.4, -0.3, -0.1)_(-0.1, -0.5, 0.8, 0.1)_1.012537_System.String[];HandLeft_(0.2, -0.8, -0.1)_(0.6, 0.6, -0.5, 0.3)_0.9825718_System.String[];HandRight_(-0.3, -0.3, -0.3)_(0.4, 0.3, 0.4, -0.7)_1.012537_System.String[];HandRight_(0.5, -0.6, -0.2)_(0.0, -0.5, -0.5, 0.7)_0.9825718_System.String[];40.3030;-0.0067;-0.0623;0.9169;-0.9342;1.1124;1.0697;-20.4883;18.8401;356.4968;356.7997;5.9589;184.4040;356.0145;3.2664
0.0000;0.9465;False;False;1.2634;-1.3212;-0.0639;-0.0134;-20.3813;18.8462;0.0614;359.8391;0.9397;182.8599;359.9922;359.9255;-0.1686;-0.0031;0.0030;3.0596;-4.9518;0.0438;173055;71.43174;Infinity;2405.29;1.0133;-0.6196;1.0846;1.4627;-20.3684;18.5755;354.9598;352.3878;48.3879;189.1843;354.5228;359.0961;LeftFalse_RightFalse;LeftFalse_RightFalse;HandLeft_(-0.4, -0.3, -0.1)_(-0.1, -0.5, 0.8, 0.1)_1.012537_System.String[];HandLeft_(0.2, -0.8, -0.1)_(0.5, 0.5, -0.5, 0.4)_0.9825718_System.String[];HandRight_(-0.3, -0.3, -0.3)_(0.4, 0.3, 0.4, -0.7)_1.012537_System.String[];HandRight_(0.5, -0.6, -0.2)_(0.0, -0.5, -0.5, 0.7)_0.9825718_System.String[];40.3452;-0.0067;-0.0642;0.9187;-0.9412;1.1122;1.0698;-20.3578;18.6353;356.5189;356.7564;5.9501;184.2464;356.0132;3.3275
0.0000;0.9408;False;False;1.2653;-1.3280;-0.0640;-0.0134;-20.2523;18.6354;0.0601;359.8504;0.9258;182.6474;359.9922;359.9212;-0.1524;-0.0031;-0.0005;3.0338;-5.0359;0.0427;173058;71.22063;Infinity;2405.33;1.0152;-0.6255;1.0845;1.4628;-20.2396;18.3689;354.9589;352.4006;48.3741;188.9775;354.5219;359.0916;LeftFalse_RightFalse;LeftFalse_RightFalse;HandLeft_(-0.4, -0.3, -0.1)_(-0.1, -0.5, 0.8, 0.1)_1.012537_System.String[];HandLeft_(0.2, -0.8, -0.1)_(0.5, 0.6, -0.5, 0.4)_0.9825718_System.String[];HandRight_(-0.3, -0.3, -0.3)_(0.4, 0.3, 0.4, -0.7)_1.012537_System.String[];HandRight_(0.5, -0.6, -0.2)_(0.0, -0.5, -0.5, 0.7)_0.9825718_System.String[];40.3875;-0.0067;-0.0645;0.9205;-0.9473;1.1121;1.0699;-20.2290;18.4281;356.5428;356.7384;5.9292;184.0582;356.0384;3.4264
0.0000;0.9331;False;False;1.2670;-1.3340;-0.0641;-0.0134;-20.1261;18.4236;0.0588;359.8570;0.9123;182.4268;359.9922;359.9156;-0.1348;-0.0031;-0.0008;3.0083;-5.1194;0.0417;173061;71.54316;Infinity;2405.37;1.0169;-0.6307;1.0844;1.4628;-20.1127;18.1602;354.9581;352.4090;48.3606;188.7600;354.5208;359.0877;LeftFalse_RightFalse;LeftFalse_RightFalse;HandLeft_(-0.4, -0.3, -0.1)_(-0.1, -0.5, 0.8, 0.1)_1.012537_System.String[];HandLeft_(0.2, -0.8, -0.1)_(0.5, 0.5, -0.5, 0.4)_0.9825718_System.String[];HandRight_(-0.3, -0.3, -0.3)_(0.4, 0.3, 0.4, -0.7)_1.012537_System.String[];HandRight_(0.5, -0.6, -0.2)_(0.0, -0.5, -0.5, 0.7)_0.9825718_System.String[];40.4292;-0.0067;-0.0645;0.9222;-0.9522;1.1120;1.0698;-20.1021;18.2187;356.5836;356.7490;5.8767;183.8782;356.0347;3.5236
0.0000;0.9206;False;False;1.2688;-1.3392;-0.0643;-0.0134;-19.9999;18.2063;0.0575;359.8614;0.8987;182.1958;359.9922;359.9098;-0.1173;-0.0030;-0.0027;2.9829;-5.2014;0.0406;173064;71.3766;Infinity;2405.41;1.0187;-0.6350;1.0842;1.4628;-19.9864;17.9472;354.9572;352.4146;48.3470;188.5328;354.5199;359.0824;LeftFalse_RightFalse;LeftFalse_RightFalse;HandLeft_(-0.4, -0.3, -0.1)_(-0.1, -0.5, 0.8, 0.1)_1.012537_System.String[];HandLeft_(0.2, -0.8, -0.1)_(0.5, 0.5, -0.5, 0.5)_0.9825718_System.String[];HandRight_(-0.3, -0.3, -0.3)_(0.4, 0.3, 0.4, -0.7)_1.012537_System.String[];HandRight_(0.5, -0.6, -0.2)_(-0.1, -0.5, -0.4, 0.7)_0.9825718_System.String[];40.4714;-0.0067;-0.0645;0.9240;-0.9563;1.1118;1.0699;-19.9759;18.0052;356.6383;356.6710;5.7966;183.7331;356.0041;3.6401
0.0000;0.8990;False;False;1.2704;-1.3437;-0.0644;-0.0136;-19.8762;17.9877;0.0560;359.8646;0.8853;181.9612;359.9921;359.9045;-0.0993;-0.0027;-0.0040;2.9578;-5.2811;0.0396;173067;71.6735;Infinity;2405.45;1.0203;-0.6386;1.0841;1.4627;-19.8622;17.7322;354.9563;352.4187;48.3337;188.3003;354.5189;359.0773;LeftFalse_RightFalse;LeftFalse_RightFalse;HandLeft_(-0.4, -0.3, -0.1)_(-0.1, -0.5, 0.8, 0.1)_1.012537_System.String[];HandLeft_(0.2, -0.8, -0.1)_(0.5, 0.6, -0.5, 0.4)_0.9825718_System.String[];HandRight_(-0.3, -0.3, -0.3)_(0.4, 0.3, 0.4, -0.7)_1.012537_System.String[];HandRight_(0.5, -0.6, -0.2)_(-0.2, -0.6, -0.4, 0.7)_0.9825718_System.String[];40.5132;-0.0067;-0.0645;0.9256;-0.9596;1.1117;1.0700;-19.8517;17.7896;356.6747;356.4968;5.7558;183.6059;355.9291;3.7722
0.0000;0.8623;False;False;1.2721;-1.3473;-0.0645;-0.0138;-19.7536;17.7658;0.0540;359.8674;0.8721;181.7217;359.9920;359.8995;-0.0805;-0.0025;-0.0047;2.9328;-5.3578;0.0386;173070;71.83227;Infinity;2405.49;1.0220;-0.6412;1.0840;1.4626;-19.7392;17.5143;354.9551;352.4221;48.3206;188.0629;354.5174;359.0725;LeftFalse_RightFalse;LeftFalse_RightFalse;HandLeft_(-0.4, -0.3, -0.1)_(-0.1, -0.5, 0.8, 0.1)_1.012537_System.String[];HandLeft_(0.2, -0.8, -0.1)_(0.5, 0.6, -0.5, 0.5)_0.9825718_System.String[];HandRight_(-0.3, -0.3, -0.3)_(0.4, 0.3, 0.4, -0.7)_1.012537_System.String[];HandRight_(0.5, -0.6, -0.2)_(-0.2, -0.6, -0.4, 0.7)_0.9825718_System.String[];40.5547;-0.0067;-0.0645;0.9271;-0.9619;1.1116;1.0702;-19.7290;17.5712;356.6875;356.2902;5.7518;183.4300;355.8737;3.9117
0.0000;0.8107;False;False;1.2737;-1.3502;-0.0646;-0.0140;-19.6296;17.5364;0.0517;359.8706;0.8588;181.4734;359.9919;359.8950;-0.0609;-0.0024;-0.0051;2.9080;-5.4293;0.0376;173073;71.26055;Infinity;2405.54;1.0236;-0.6431;1.0839;1.4625;-19.6159;17.2902;354.9537;352.4255;48.3074;187.8180;354.5157;359.0681;LeftFalse_RightFalse;LeftFalse_RightFalse;HandLeft_(-0.4, -0.3, -0.1)_(-0.1, -0.5, 0.8, 0.1)_1.012537_System.String[];HandLeft_(0.2, -0.8, -0.1)_(0.5, 0.5, -0.5, 0.5)_0.9825718_System.String[];HandRight_(-0.3, -0.3, -0.3)_(0.4, 0.3, 0.4, -0.7)_1.012537_System.String[];HandRight_(0.5, -0.6, -0.2)_(-0.3, -0.5, -0.4, 0.7)_0.9825718_System.String[];40.5972;-0.0067;-0.0645;0.9284;-0.9634;1.1115;1.0704;-19.6059;17.3466;356.6622;356.0996;5.7933;183.1578;355.8556;4.0269
0.0000;0.7443;False;False;1.2752;-1.3521;-0.0647;-0.0142;-19.5088;17.3077;0.0493;359.8751;0.8458;181.2261;359.9919;359.8907;-0.0406;-0.0023;-0.0054;2.8834;-5.4935;0.0367;173076;71.50066;Infinity;2405.58;1.0251;-0.6441;1.0838;1.4623;-19.4944;17.0646;354.9521;352.4300;48.2945;187.5711;354.5139;359.0642;LeftFalse_RightFalse;LeftFalse_RightFalse;HandLeft_(-0.4, -0.3, -0.1)_(-0.1, -0.5, 0.8, 0.1)_1.012537_System.String[];HandLeft_(0.2, -0.8, -0.1)_(0.5, 0.5, -0.5, 0.5)_0.9825718_System.String[];HandRight_(-0.3, -0.3, -0.3)_(0.4, 0.3, 0.4, -0.7)_1.012537_System.String[];HandRight_(0.5, -0.6, -0.2)_(-0.3, -0.6, -0.4, 0.6)_0.9825718_System.String[];40.6389;-0.0067;-0.0645;0.9298;-0.9638;1.1113;1.0705;-19.4845;17.1202;356.6371;355.9317;5.8344;182.7987;355.9057;4.0905
0.0000;0.6729;False;False;1.2767;-1.3532;-0.0648;-0.0144;-19.3894;17.0772;0.0468;359.8813;0.8329;180.9770;359.9919;359.8866;-0.0091;-0.0022;-0.0055;2.8470;-5.5729;0.0352;173079;71.74261;Infinity;2405.62;1.0266;-0.6441;1.0837;1.4621;-19.3744;16.8370;354.9504;352.4361;48.2817;187.3224;354.5121;359.0607;LeftFalse_RightFalse;LeftFalse_RightFalse;HandLeft_(-0.4, -0.3, -0.1)_(-0.1, -0.5, 0.8, 0.1)_1.012537_System.String[];HandLeft_(0.2, -0.8, -0.1)_(0.5, 0.5, -0.5, 0.5)_0.9825718_System.String[];HandRight_(-0.3, -0.3, -0.3)_(0.4, 0.3, 0.4, -0.7)_1.012537_System.String[];HandRight_(0.5, -0.6, -0.2)_(-0.4, -0.6, -0.4, 0.6)_0.9825718_System.String[];40.6807;-0.0067;-0.0640;0.9311;-0.9636;1.1112;1.0707;-19.3646;16.8917;356.6557;355.8168;5.8753;182.4026;355.9454;4.1436
0.0000;0.6042;False;False;1.2782;-1.3533;-0.0649;-0.0147;-19.2711;16.8445;0.0443;359.8894;0.8201;180.7268;359.9919;359.8831;0.0125;-0.0022;-0.0053;2.8229;-5.6143;0.0343;173082;71.8737;Infinity;2405.66;1.0281;-0.6432;1.0836;1.4618;-19.2558;16.6079;354.9487;352.4439;48.2691;187.0729;354.5102;359.0577;LeftFalse_RightFalse;LeftFalse_RightFalse;HandLeft_(-0.4, -0.3, -0.1)_(-0.1, -0.5, 0.8, 0.1)_1.012537_System.String[];HandLeft_(0.2, -0.8, -0.1)_(0.5, 0.5, -0.5, 0.5)_0.9825718_System.String[];HandRight_(-0.3, -0.3, -0.3)_(0.4, 0.3, 0.4, -0.7)_1.012537_System.String[];HandRight_(0.5, -0.6, -0.2)_(-0.4, -0.6, -0.4, 0.6)_0.9825718_System.String[];40.7224;-0.0067;-0.0640;0.9323;-0.9627;1.1112;1.0709;-19.2458;16.6615;356.6683;355.7298;5.8821;182.0495;356.0244;4.1838
0.0000;0.5473;False;False;1.2796;-1.3524;-0.0650;-0.0149;-19.1537;16.6101;0.0418;359.8987;0.8075;180.4760;359.9919;359.8801;0.0346;-0.0018;-0.0063;2.7990;-5.6465;0.0334;173085;71.91432;Infinity;2405.70;1.0295;-0.6414;1.0835;1.4616;-19.1382;16.3770;354.9470;352.4533;48.2566;186.8227;354.5084;359.0556;LeftFalse_RightFalse;LeftFalse_RightFalse;HandLeft_(-0.4, -0.3, -0.1)_(-0.1, -0.5, 0.8, 0.1)_1.012537_System.String[];HandLeft_(0.2, -0.8, -0.1)_(0.5, 0.5, -0.5, 0.5)_0.9825718_System.String[];HandRight_(-0.3, -0.3, -0.3)_(0.4, 0.3, 0.4, -0.7)_1.012537_System.String[];HandRight_(0.5, -0.6, -0.2)_(-0.4, -0.6, -0.4, 0.6)_0.9825718_System.String[];40.7642;-0.0067;-0.0640;0.9335;-0.9609;1.1111;1.0708;-19.1281;16.4294;356.7137;355.6439;5.8522;181.7714;356.1135;4.2580
0.0000;0.5042;False;False;1.2810;-1.3506;-0.0650;-0.0152;-19.0374;16.3744;0.0400;359.9081;0.7950;180.2250;359.9919;359.8774;0.0572;-0.0016;-0.0067;2.7753;-5.6714;0.0325;173088;71.95052;Infinity;2405.75;1.0309;-0.6387;1.0835;1.4613;-19.0216;16.1446;354.9456;352.4627;48.2441;186.5718;354.5068;359.0539;LeftFalse_RightFalse;LeftFalse_RightFalse;HandLeft_(-0.4, -0.3, -0.1)_(-0.1, -0.5, 0.8, 0.1)_1.012537_System.String[];HandLeft_(0.2, -0.8, -0.1)_(0.5, 0.5, -0.5, 0.5)_0.9825718_System.String[];HandRight_(-0.3, -0.3, -0.3)_(0.4, 0.3, 0.4, -0.7)_1.012537_System.String[];HandRight_(0.5, -0.6, -0.1)_(-0.4, -0.6, -0.4, 0.6)_0.9825718_System.String[];40.8057;-0.0067;-0.0640;0.9347;-0.9583;1.1110;1.0707;-19.0115;16.1957;356.7735;355.6590;5.8123;181.5875;356.1594;4.2962
0.0000;0.4628;False;False;1.2823;-1.3478;-0.0651;-0.0154;-18.9221;16.1378;0.0384;359.9176;0.7825;179.9738;359.9919;359.8749;0.0802;-0.0015;-0.0070;2.7518;-5.6903;0.0317;173091;71.97417;Infinity;2405.79;1.0322;-0.6349;1.0834;1.4610;-18.9061;15.9112;354.9445;352.4725;48.2318;186.3209;354.5056;359.0523;LeftFalse_RightFalse;LeftFalse_RightFalse;HandLeft_(-0.4, -0.3, -0.1)_(-0.1, -0.5, 0.8, 0.1)_1.012537_System.String[];HandLeft_(0.2, -0.8, -0.1)_(0.5, 0.5, -0.5, 0.5)_0.9825718_System.String[];HandRight_(-0.3, -0.3, -0.3)_(0.4, 0.3, 0.4, -0.7)_1.012537_System.String[];HandRight_(0.5, -0.6, -0.1)_(-0.4, -0.6, -0.4, 0.6)_0.9825718_System.String[];40.8474;-0.0067;-0.0639;0.9360;-0.9547;1.1110;1.0705;-18.8959;15.9610;356.8226;355.6932;5.7658;181.4526;356.1747;4.2795
0.0000;0.3914;False;False;1.2836;-1.3441;-0.0652;-0.0157;-18.8079;15.9004;0.0371;359.9273;0.7702;179.7227;359.9920;359.8725;0.1031;-0.0014;-0.0070;2.7285;-5.7035;0.0308;173094;71.97599;Infinity;2405.83;1.0335;-0.6302;1.0833;1.4607;-18.7916;15.6769;354.9435;352.4824;48.2195;186.0698;354.5046;359.0509;LeftFalse_RightFalse;LeftFalse_RightFalse;HandLeft_(-0.4, -0.4, -0.1)_(-0.1, -0.5, 0.8, 0.1)_1.012537_System.String[];HandLeft_(0.2, -0.8, -0.1)_(0.5, 0.5, -0.5, 0.4)_0.9825718_System.String[];HandRight_(-0.3, -0.3, -0.3)_(0.4, 0.3, 0.4, -0.7)_1.012537_System.String[];HandRight_(0.5, -0.6, -0.1)_(-0.4, -0.6, -0.4, 0.6)_0.9825718_System.String[];40.8892;-0.0067;-0.0625;0.9372;-0.9501;1.1109;1.0703;-18.7814;15.7255;356.8882;355.6635;5.7280;181.3282;356.1580;4.2091
0.0000;0.2886;False;False;1.2849;-1.3392;-0.0652;-0.0160;-18.6923;15.6579;0.0358;359.9377;0.7578;179.4688;359.9920;359.8708;0.1244;-0.0014;-0.0070;2.7054;-5.7055;0.0300;173097;71.31879;Infinity;2405.87;1.0348;-0.6244;1.0833;1.4604;-18.6760;15.4379;354.9426;352.4926;48.2071;185.8154;354.5037;359.0500;LeftFalse_RightFalse;LeftFalse_RightFalse;HandLeft_(-0.4, -0.4, -0.1)_(-0.1, -0.5, 0.8, 0.1)_1.012537_System.String[];HandLeft_(0.2, -0.8, -0.1)_(0.5, 0.5, -0.5, 0.4)_0.9825718_System.String[];HandRight_(-0.3, -0.3, -0.3)_(0.4, 0.3, 0.4, -0.7)_1.012537_System.String[];HandRight_(0.5, -0.6, -0.1)_(-0.4, -0.6, -0.4, 0.6)_0.9825718_System.String[];40.9316;-0.0067;-0.0591;0.9385;-0.9446;1.1109;1.0703;-18.6658;15.4852;356.9121;355.5876;5.7024;181.1895;356.1206;4.1679
0.0000;0.2104;False;False;1.2861;-1.3336;-0.0653;-0.0163;-18.5797;15.4196;0.0347;359.9489;0.7456;179.2265;359.9921;359.8707;0.1425;-0.0013;-0.0069;2.6824;-5.6942;0.0292;173100;71.51211;Infinity;2405.91;1.0361;-0.6178;1.0832;1.4600;-18.5632;15.2022;354.9418;352.5034;48.1950;185.5696;354.5029;359.0504;LeftFalse_RightFalse;LeftFalse_RightFalse;HandLeft_(-0.4, -0.4, -0.1)_(-0.1, -0.5, 0.8, 0.1)_1.012537_System.String[];HandLeft_(0.2, -0.8, -0.1)_(0.5, 0.5, -0.5, 0.4)_0.9825718_System.String[];HandRight_(-0.3, -0.3, -0.3)_(0.4, 0.3, 0.4, -0.7)_1.012537_System.String[];HandRight_(0.5, -0.6, -0.2)_(-0.4, -0.6, -0.4, 0.6)_0.9825718_System.String[];40.9734;-0.0067;-0.0531;0.9397;-0.9385;1.1108;1.0703;-18.5529;15.2483;356.9743;355.5099;5.6955;181.0480;356.0605;4.1848
0.0000;0.1534;False;False;1.2874;-1.3272;-0.0653;-0.0166;-18.4674;15.1807;0.0335;359.9615;0.7335;178.9964;359.9920;359.8727;0.1577;-0.0013;-0.0069;2.6597;-5.6738;0.0284;173103;71.48317;Infinity;2405.96;1.0373;-0.6104;1.0832;1.4597;-18.4504;14.9651;354.9410;352.5155;48.1830;185.3336;354.5020;359.0531;LeftFalse_RightFalse;LeftFalse_RightFalse;HandLeft_(-0.4, -0.4, -0.1)_(-0.1, -0.5, 0.8, 0.1)_1.012537_System.String[];HandLeft_(0.2, -0.8, -0.1)_(0.5, 0.5, -0.5, 0.4)_0.9825718_System.String[];HandRight_(-0.3, -0.3, -0.3)_(0.4, 0.3, 0.4, -0.7)_1.012537_System.String[];HandRight_(0.5, -0.6, -0.2)_(-0.4, -0.6, -0.5, 0.6)_0.9825718_System.String[];41.0154;-0.0067;-0.0464;0.9412;-0.9317;1.1108;1.0701;-18.4399;15.0100;357.0182;355.4933;5.7072;180.9236;356.0267;4.1936
0.0000;0.1118;False;False;1.2885;-1.3203;-0.0654;-0.0169;-18.3572;14.9451;0.0324;359.9749;0.7217;178.7870;359.9920;359.8769;0.1697;-0.0013;-0.0068;2.6372;-5.6463;0.0276;173106;71.7356;Infinity;2406.00;1.0384;-0.6025;1.0831;1.4593;-18.3399;14.7314;354.9402;352.5282;48.1711;185.1171;354.5012;359.0580;LeftFalse_RightFalse;LeftFalse_RightFalse;HandLeft_(-0.4, -0.4, -0.1)_(-0.1, -0.5, 0.8, 0.1)_1.012537_System.String[];HandLeft_(0.2, -0.8, -0.1)_(0.5, 0.6, -0.5, 0.4)_0.9825718_System.String[];HandRight_(-0.3, -0.3, -0.3)_(0.4, 0.3, 0.4, -0.7)_1.012537_System.String[];HandRight_(0.5, -0.6, -0.1)_(-0.4, -0.6, -0.5, 0.6)_0.9825718_System.String[];41.0571;-0.0067;-0.0395;0.9425;-0.9246;1.1105;1.0699;-18.3292;14.7750;357.1297;355.5031;5.7308;180.8293;356.0193;4.1483
0.0000;0.0815;False;False;1.2896;-1.3130;-0.0654;-0.0172;-18.2479;14.7107;0.0313;359.9885;0.7099;178.5993;359.9920;359.8829;0.1790;-0.0013;-0.0066;2.6148;-5.6134;0.0269;173109;71.85527;Infinity;2406.04;1.0396;-0.5942;1.0831;1.4588;-18.2304;14.4988;354.9395;352.5410;48.1594;184.9213;354.5003;359.0650;LeftFalse_RightFalse;LeftFalse_RightFalse;HandLeft_(-0.4, -0.4, -0.1)_(-0.1, -0.5, 0.8, 0.1)_1.012537_System.String[];HandLeft_(0.2, -0.8, -0.1)_(0.6, 0.6, -0.5, 0.3)_0.9825718_System.String[];HandRight_(-0.3, -0.3, -0.3)_(0.4, 0.3, 0.4, -0.7)_1.012537_System.String[];HandRight_(0.5, -0.6, -0.1)_(-0.4, -0.6, -0.5, 0.6)_0.9825718_System.String[];41.0989;-0.0067;-0.0328;0.9438;-0.9174;1.1101;1.0696;-18.2196;14.5411;357.3249;355.5129;5.7751;180.7684;356.0369;4.0239
0.0000;0.0594;False;False;1.2907;-1.3054;-0.0655;-0.0175;-18.1397;14.4781;0.0301;0.0014;0.6982;178.4359;359.9919;359.8906;0.1857;-0.0013;-0.0068;2.5927;-5.5767;0.0261;173112;71.93122;Infinity;2406.08;1.0407;-0.5856;1.0830;1.4584;-18.1218;14.2674;354.9388;352.5534;48.1477;184.7487;354.4995;359.0736;LeftFalse_RightFalse;LeftFalse_RightTrue;HandLeft_(-0.4, -0.4, -0.1)_(-0.1, -0.5, 0.8, 0.1)_1.012537_System.String[];HandLeft_(0.2, -0.8, -0.1)_(0.6, 0.6, -0.5, 0.3)_0.9825718_System.String[];HandRight_(-0.3, -0.3, -0.3)_(0.4, 0.3, 0.4, -0.7)_1.012537_System.String[];HandRight_(0.5, -0.6, -0.1)_(-0.4, -0.6, -0.5, 0.6)_0.9825718_System.String[];41.1404;-0.0067;-0.0249;0.9453;-0.9100;1.1094;1.0693;-18.1109;14.3086;357.6331;355.5699;5.9112;180.7668;356.0570;3.8249
-0.0198;0.0433;False;False;1.2918;-1.2976;-0.0656;-0.0178;-18.0315;14.2452;0.0290;0.0136;0.6866;178.2987;359.9919;359.9000;0.1900;-0.0013;-0.0068;2.5581;-5.5171;0.0250;173115;71.63669;Infinity;2406.12;1.0417;-0.5769;1.0829;1.4579;-18.0141;14.0369;354.9380;352.5648;48.1362;184.6016;354.4986;359.0838;LeftFalse_RightFalse;LeftFalse_RightTrue;HandLeft_(-0.4, -0.4, -0.1)_(-0.1, -0.5, 0.8, 0.1)_1.012537_System.String[];HandLeft_(0.2, -0.8, -0.1)_(0.6, 0.6, -0.5, 0.3)_0.9825718_System.String[];HandRight_(-0.3, -0.3, -0.3)_(0.4, 0.3, 0.5, -0.7)_1.012537_System.String[];HandRight_(0.5, -0.6, -0.1)_(-0.4, -0.6, -0.5, 0.6)_0.9825718_System.String[];41.1824;-0.0067;-0.0147;0.9470;-0.9024;1.1086;1.0690;-18.0030;14.0774;358.0575;355.6497;6.1415;180.8517;356.0944;3.5496
-0.0317;0.0316;False;False;1.2928;-1.2897;-0.0656;-0.0180;-17.9248;14.0148;0.0284;0.0246;0.6751;178.1915;359.9919;359.9110;0.1869;-0.0013;-0.0067;2.5277;-5.4756;0.0243;173118;71.66265;Infinity;2406.16;1.0428;-0.5681;1.0829;1.4575;-17.9064;13.8057;354.9375;352.5751;48.1247;184.4815;354.4980;359.0955;LeftFalse_RightFalse;LeftFalse_RightTrue;HandLeft_(-0.4, -0.4, -0.1)_(-0.1, -0.5, 0.8, 0.1)_1.012537_System.String[];HandLeft_(0.2, -0.8, -0.1)_(0.6, 0.6, -0.5, 0.2)_0.9825718_System.String[];HandRight_(-0.3, -0.3, -0.3)_(0.4, 0.3, 0.5, -0.7)_1.012537_System.String[];HandRight_(0.5, -0.6, -0.1)_(-0.3, -0.6, -0.5, 0.6)_0.9825718_System.String[];41.2244;-0.0065;-0.0022;0.9488;-0.8948;1.1081;1.0686;-17.8950;13.8455;358.3881;355.7004;6.5543;181.0352;356.1053;3.2586
-0.0317;-0.1238;False;False;1.2939;-1.2822;-0.0657;-0.0183;-17.8198;13.7872;0.0287;0.0347;0.6641;178.1210;359.9920;359.9247;0.1773;-0.0010;-0.0067;2.4957;-5.4208;0.0238;173121;71.78297;Infinity;2406.21;1.0438;-0.5597;1.0828;1.4570;-17.8011;13.5783;354.9375;352.5838;48.1135;184.3962;354.4980;359.1094;LeftFalse_RightFalse;LeftFalse_RightTrue;HandLeft_(-0.4, -0.4, -0.1)_(-0.1, -0.5, 0.8, 0.1)_1.012537_System.String[];HandLeft_(0.2, -0.8, -0.1)_(0.6, 0.6, -0.5, 0.2)_0.9825718_System.String[];HandRight_(-0.3, -0.3, -0.3)_(0.4, 0.3, 0.4, -0.7)_1.012537_System.String[];HandRight_(0.5, -0.6, -0.1)_(-0.3, -0.6, -0.5, 0.6)_0.9825718_System.String[];41.2661;-0.0057;0.0122;0.9506;-0.8876;1.1074;1.0682;-17.7896;13.6178;358.6997;355.6689;7.0580;181.2651;356.0830;3.0431
-0.0317;-0.2292;False;False;1.2948;-1.2751;-0.0657;-0.0186;-17.7160;13.5623;0.0290;0.0478;0.6540;178.0936;359.9922;359.9413;0.1605;-0.0008;-0.0064;2.4639;-5.3177;0.0236;173124;71.77197;Infinity;2406.25;1.0448;-0.5518;1.0828;1.4564;-17.6968;13.3522;354.9376;352.5936;48.1030;184.3513;354.4984;359.1263;LeftFalse_RightFalse;LeftFalse_RightTrue;HandLeft_(-0.4, -0.4, -0.1)_(-0.1, -0.5, 0.8, 0.1)_1.012537_System.String[];HandLeft_(0.2, -0.8, -0.1)_(0.6, 0.7, -0.5, 0.2)_0.9825718_System.String[];HandRight_(-0.3, -0.3, -0.3)_(0.4, 0.3, 0.4, -0.7)_1.012537_System.String[];HandRight_(0.5, -0.6, -0.1)_(-0.3, -0.6, -0.4, 0.6)_0.9825718_System.String[];41.3079;-0.0046;0.0270;0.9524;-0.8808;1.1069;1.0677;-17.6849;13.3916;358.8549;355.5820;7.5928;181.5504;356.0702;2.8804
-0.0357;-0.2417;False;False;1.2958;-1.2689;-0.0657;-0.0189;-17.6134;13.3420;0.0291;0.0661;0.6452;178.1112;359.9924;359.9597;0.1402;-0.0007;-0.0061;2.4319;-5.1959;0.0235;173127;71.7041;Infinity;2406.29;1.0457;-0.5448;1.0828;1.4559;-17.5937;13.1297;354.9376;352.6083;48.0937;184.3511;354.4987;359.1461;LeftFalse_RightFalse;LeftFalse_RightTrue;HandLeft_(-0.4, -0.4, -0.1)_(-0.1, -0.5, 0.8, 0.1)_1.012537_System.String[];HandLeft_(0.2, -0.7, -0.1)_(0.6, 0.7, -0.4, 0.1)_0.9825718_System.String[];HandRight_(-0.3, -0.3, -0.3)_(0.4, 0.3, 0.4, -0.7)_1.012537_System.String[];HandRight_(0.5, -0.6, -0.1)_(-0.2, -0.6, -0.5, 0.6)_0.9825718_System.String[];41.3499;-0.0038;0.0411;0.9539;-0.8746;1.1066;1.0671;-17.5817;13.1696;358.9339;355.5092;8.0106;181.8770;356.0590;2.7404
-0.0357;-0.2569;False;False;1.2968;-1.2637;-0.0658;-0.0191;-17.5126;13.1280;0.0292;0.0869;0.6379;178.1748;359.9928;359.9796;0.1166;-0.0006;-0.0055;2.3994;-5.0711;0.0234;173130;71.78004;Infinity;2406.33;1.0467;-0.5389;1.0827;1.4553;-17.4927;12.9130;354.9373;352.6264;48.0859;184.3961;354.4990;359.1678;LeftFalse_RightFalse;LeftFalse_RightTrue;HandLeft_(-0.4, -0.4, -0.1)_(-0.1, -0.5, 0.8, 0.1)_1.012537_System.String[];HandLeft_(0.2, -0.7, -0.1)_(0.6, 0.7, -0.4, 0.1)_0.9825718_System.String[];HandRight_(-0.3, -0.3, -0.3)_(0.4, 0.3, 0.4, -0.7)_1.012537_System.String[];HandRight_(0.5, -0.6, -0.1)_(-0.1, -0.5, -0.6, 0.6)_0.9825718_System.String[];41.3916;-0.0037;0.0525;0.9552;-0.8697;1.1064;1.0661;-17.4805;12.9542;358.9546;355.5080;8.1903;182.2083;356.0628;2.6491
-0.0357;-0.3705;False;False;1.2978;-1.2595;-0.0658;-0.0193;-17.4129;12.9188;0.0291;0.1080;0.6313;178.2818;359.9931;-0.0002;0.0916;-0.0005;-0.0051;2.3672;-4.9358;0.0230;173133;71.67861;Infinity;2406.37;1.0477;-0.5343;1.0827;1.4547;-17.3927;12.7007;354.9371;352.6450;48.0791;184.4859;354.4991;359.1905;LeftFalse_RightFalse;LeftFalse_RightTrue;HandLeft_(-0.4, -0.4, -0.1)_(-0.1, -0.5, 0.8, 0.1)_1.012537_System.String[];HandLeft_(0.2, -0.7, -0.1)_(0.6, 0.6, -0.4, 0.1)_0.9825718_System.String[];HandRight_(-0.3, -0.3, -0.3)_(0.4, 0.3, 0.4, -0.7)_1.012537_System.String[];HandRight_(0.5, -0.6, -0.1)_(-0.1, -0.5, -0.6, 0.6)_0.9825718_System.String[];41.4333;-0.0038;0.0621;0.9564;-0.8658;1.1062;1.0653;-17.3804;12.7439;358.9465;355.5294;8.1272;182.5622;356.1054;2.5719
-0.0357;-0.5304;False;False;1.2987;-1.2563;-0.0658;-0.0196;-17.3152;12.7177;0.0287;0.1312;0.6252;178.4216;359.9932;0.0177;0.0690;-0.0005;-0.0061;2.3352;-4.7633;0.0225;173136;71.8828;Infinity;2406.42;1.0486;-0.5310;1.0827;1.4541;-17.2942;12.4940;354.9368;352.6649;48.0729;184.6142;354.4991;359.2120;LeftFalse_RightFalse;LeftFalse_RightTrue;HandLeft_(-0.4, -0.4, -0.1)_(-0.1, -0.5, 0.8, 0.1)_1.012537_System.String[];HandLeft_(0.2, -0.7, -0.1)_(0.6, 0.6, -0.4, 0.2)_0.9825718_System.String[];HandRight_(-0.3, -0.3, -0.3)_(0.4, 0.3, 0.4, -0.7)_1.012537_System.String[];HandRight_(0.5, -0.6, -0.1)_(-0.1, -0.5, -0.6, 0.7)_0.9825718_System.String[];41.4751;-0.0043;0.0687;0.9574;-0.8632;1.1061;1.0644;-17.2818;12.5397;358.9393;355.4568;7.9174;182.9506;356.1158;2.4494
-0.0357;-0.5395;False;False;1.2997;-1.2541;-0.0658;-0.0198;-17.2182;12.5240;0.0281;0.1596;0.6188;178.5853;359.9932;0.0328;0.0463;-0.0005;-0.0049;2.3035;-4.5463;0.0217;173139;71.77033;Infinity;2406.46;1.0495;-0.5288;1.0827;1.4535;-17.1968;12.2947;354.9364;352.6896;48.0667;184.7690;354.4987;359.2310;LeftFalse_RightFalse;LeftFalse_RightTrue;HandLeft_(-0.4, -0.4, -0.1)_(-0.2, -0.5, 0.8, 0.1)_1.012537_System.String[];HandLeft_(0.2, -0.7, -0.1)_(0.6, 0.6, -0.4, 0.2)_0.9825718_System.String[];HandRight_(-0.3, -0.3, -0.3)_(0.4, 0.3, 0.4, -0.7)_1.012537_System.String[];HandRight_(0.5, -0.6, -0.1)_(-0.1, -0.5, -0.5, 0.7)_0.9825718_System.String[];41.5168;-0.0057;0.0737;0.9584;-0.8616;1.1061;1.0638;-17.1844;12.3430;358.9639;355.2429;7.6927;183.3519;356.0942;2.2933
-0.0357;-0.5287;False;False;1.3005;-1.2529;-0.0658;-0.0200;-17.1217;12.3382;0.0273;0.1908;0.6112;178.7669;359.9929;0.0456;0.0244;-0.0005;-0.0040;2.2721;-4.3287;0.0204;173142;71.34894;Infinity;2406.50;1.0504;-0.5278;1.0826;1.4529;-17.1003;12.1035;354.9360;352.7189;48.0597;184.9433;354.4980;359.2478;LeftFalse_RightFalse;LeftFalse_RightTrue;HandLeft_(-0.4, -0.4, -0.1)_(-0.2, -0.5, 0.8, 0.1)_1.012537_System.String[];HandLeft_(0.2, -0.7, -0.1)_(0.6, 0.6, -0.4, 0.2)_0.9825718_System.String[];HandRight_(-0.3, -0.3, -0.3)_(0.4, 0.3, 0.4, -0.7)_1.012537_System.String[];HandRight_(0.5, -0.6, -0.1)_(-0.1, -0.5, -0.5, 0.7)_0.9825718_System.String[];41.5591;-0.0080;0.0792;0.9591;-0.8609;1.1061;1.0636;-17.0875;12.1546;358.9496;354.9784;7.5194;183.7816;356.0447;2.1669
-0.0159;-0.5372;False;False;1.3013;-1.2526;-0.0659;-0.0201;-17.0276;12.1639;0.0265;0.2204;0.6013;178.9585;359.9922;0.0561;-0.0075;-0.0002;-0.0031;2.2260;-4.0073;0.0172;173145;71.56152;Infinity;2406.54;1.0513;-0.5279;1.0826;1.4525;-17.0055;11.9224;354.9359;352.7478;48.0507;185.1300;354.4969;359.2623;LeftFalse_RightFalse;LeftFalse_RightTrue;HandLeft_(-0.4, -0.4, -0.1)_(-0.1, -0.5, 0.8, 0.1)_1.012537_System.String[];HandLeft_(0.2, -0.7, -0.1)_(0.6, 0.6, -0.4, 0.2)_0.9825718_System.String[];HandRight_(-0.3, -0.3, -0.3)_(0.4, 0.3, 0.5, -0.7)_1.012537_System.String[];HandRight_(0.5, -0.6, -0.1)_(0.0, -0.5, -0.5, 0.7)_0.9825718_System.String[];41.6011;-0.0116;0.0857;0.9598;-0.8615;1.1061;1.0633;-16.9926;11.9762;358.9167;354.7314;7.4007;184.2218;356.0151;2.1395
0.0000;-0.5377;False;False;1.3020;-1.2532;-0.0659;-0.0203;-16.9351;11.9997;0.0253;0.2471;0.5877;179.1575;359.9911;0.0646;-0.0279;-0.0001;-0.0028;2.2064;-3.7940;0.0140;173148;71.77065;Infinity;2406.58;1.0520;-0.5290;1.0826;1.4521;-16.9126;11.7518;354.9360;352.7744;48.0387;185.3250;354.4957;359.2745;LeftFalse_RightFalse;LeftFalse_RightTrue;HandLeft_(-0.4, -0.4, -0.1)_(-0.1, -0.5, 0.8, 0.1)_1.012537_System.String[];HandLeft_(0.2, -0.7, -0.1)_(0.6, 0.6, -0.5, 0.2)_0.9825718_System.String[];HandRight_(-0.3, -0.3, -0.3)_(0.4, 0.3, 0.5, -0.7)_1.012537_System.String[];HandRight_(0.5, -0.6, -0.1)_(0.0, -0.5, -0.5, 0.7)_0.9825718_System.String[];41.6426;-0.0164;0.0924;0.9604;-0.8631;1.1061;1.0630;-16.8996;11.8079;358.8513;354.4987;7.3106;184.6070;356.0310;2.2525
0.0000;-0.5381;False;False;1.3025;-1.2547;-0.0659;-0.0204;-16.8431;11.8441;0.0231;0.2703;0.5687;179.3638;359.9894;0.0716;-0.0474;0.0000;-0.0025;2.1876;-3.5823;0.0101;173151;71.76949;Infinity;2406.62;1.0526;-0.5311;1.0826;1.4517;-16.8205;11.5899;354.9358;352.7979;48.0218;185.5279;354.4933;359.2847;LeftFalse_RightFalse;LeftFalse_RightTrue;HandLeft_(-0.4, -0.4, -0.1)_(-0.1, -0.5, 0.8, 0.1)_1.012537_System.String[];HandLeft_(0.2, -0.7, -0.1)_(0.6, 0.6, -0.5, 0.2)_0.9825718_System.String[];HandRight_(-0.3, -0.3, -0.3)_(0.4, 0.3, 0.4, -0.7)_1.012537_System.String[];HandRight_(0.5, -0.6, -0.1)_(0.0, -0.5, -0.4, 0.7)_0.9825718_System.String[];41.6846;-0.0210;0.0986;0.9609;-0.8657;1.1061;1.0627;-16.8074;11.6484;358.7704;354.4661;7.2273;185.0143;356.0612;2.3125
0.0000;-0.5383;False;False;1.3029;-1.2570;-0.0659;-0.0205;-16.7522;11.6983;0.0204;0.2897;0.5435;179.5736;359.9875;0.0768;-0.0648;0.0000;-0.0023;2.1689;-3.3722;0.0062;173154;71.88042;Infinity;2406.67;1.0530;-0.5341;1.0826;1.4515;-16.7295;11.4378;354.9354;352.8178;47.9990;185.7356;354.4901;359.2928;LeftFalse_RightFalse;LeftFalse_RightTrue;HandLeft_(-0.4, -0.4, -0.1)_(-0.1, -0.6, 0.8, 0.1)_1.012537_System.String[];HandLeft_(0.2, -0.7, -0.1)_(0.6, 0.6, -0.5, 0.2)_0.9825718_System.String[];HandRight_(-0.3, -0.3, -0.3)_(0.4, 0.3, 0.4, -0.8)_1.012537_System.String[];HandRight_(0.5, -0.6, -0.1)_(0.0, -0.5, -0.4, 0.7)_0.9825718_System.String[];41.7261;-0.0238;0.1035;0.9612;-0.8691;1.1061;1.0627;-16.7165;11.4984;358.6894;354.4697;7.0967;185.4448;356.0916;2.2839
0.0000;-0.5385;False;False;1.3030;-1.2599;-0.0659;-0.0206;-16.6622;11.5615;0.0175;0.3056;0.5135;179.7843;359.9858;0.0801;-0.0792;0.0000;-0.0022;2.1504;-3.1640;0.0032;173157;71.94321;Infinity;2406.71;1.0532;-0.5379;1.0826;1.4512;-16.6392;11.2948;354.9348;352.8344;47.9707;185.9458;354.4867;359.2987;LeftFalse_RightFalse;LeftFalse_RightTrue;HandLeft_(-0.4, -0.4, -0.1)_(-0.1, -0.6, 0.8, 0.1)_1.012537_System.String[];HandLeft_(0.2, -0.7, -0.1)_(0.6, 0.7, -0.5, 0.2)_0.9825718_System.String[];HandRight_(-0.3, -0.3, -0.3)_(0.4, 0.3, 0.4, -0.8)_1.012537_System.String[];HandRight_(0.5, -0.6, -0.1)_(0.0, -0.5, -0.4, 0.7)_0.9825718_System.String[];41.7678;-0.0241;0.1065;0.9612;-0.8731;1.1061;1.0628;-16.6265;11.3576;358.6264;354.2831;6.9193;185.8239;356.0851;2.2674
0.0000;-0.5387;False;False;1.3031;-1.2635;-0.0659;-0.0206;-16.5729;11.4336;0.0147;0.3182;0.4811;179.9911;359.9848;0.0808;-0.0897;0.0000;-0.0021;2.1320;-2.9576;0.0013;173160;71.97154;Infinity;2406.75;1.0533;-0.5423;1.0827;1.4510;-16.5499;11.1610;354.9338;352.8477;47.9390;186.1541;354.4837;359.3018;LeftFalse_RightFalse;LeftFalse_RightTrue;HandLeft_(-0.4, -0.4, -0.1)_(-0.1, -0.6, 0.8, 0.1)_1.012537_System.String[];HandLeft_(0.2, -0.7, -0.1)_(0.6, 0.6, -0.5, 0.2)_0.9825718_System.String[];HandRight_(-0.3, -0.3, -0.3)_(0.4, 0.3, 0.4, -0.8)_1.012537_System.String[];HandRight_(0.5, -0.6, -0.1)_(0.0, -0.6, -0.4, 0.7)_0.9825718_System.String[];41.8096;-0.0229;0.1070;0.9608;-0.8776;1.1061;1.0628;-16.5373;11.2258;358.5840;354.0303;6.7707;186.1352;356.1024;2.2821
0.0000;-0.5192;False;False;1.3032;-1.2673;-0.0659;-0.0207;-16.4844;11.3147;0.0120;0.3280;0.4487;180.1891;359.9845;0.0790;-0.0966;0.0000;-0.0021;2.1138;-2.7549;0.0007;173163;71.9903;Infinity;2406.79;1.0534;-0.5472;1.0827;1.4509;-16.4614;11.0362;354.9324;352.8585;47.9065;186.3556;354.4813;359.3020;LeftFalse_RightFalse;LeftFalse_RightTrue;HandLeft_(-0.4, -0.4, -0.1)_(-0.1, -0.6, 0.8, 0.1)_1.012537_System.String[];HandLeft_(0.2, -0.7, -0.1)_(0.6, 0.6, -0.5, 0.1)_0.9825718_System.String[];HandRight_(-0.3, -0.3, -0.3)_(0.4, 0.3, 0.4, -0.8)_1.012537_System.String[];HandRight_(0.5, -0.6, -0.1)_(0.0, -0.6, -0.4, 0.7)_0.9825718_System.String[];41.8511;-0.0197;0.1065;0.9601;-0.8828;1.1060;1.0631;-16.4489;11.1028;358.5414;353.8769;6.6517;186.3619;356.1697;2.3071
0.0000;-0.5037;False;False;1.3032;-1.2714;-0.0659;-0.0208;-16.3964;11.2039;0.0095;0.3348;0.4189;180.3756;359.9852;0.0749;-0.1002;0.0000;-0.0020;2.0958;-2.5598;0.0014;173166;71.87355;Infinity;2406.83;1.0534;-0.5524;1.0827;1.4508;-16.3733;10.9200;354.9304;352.8667;47.8756;186.5469;354.4797;359.2995;LeftFalse_RightFalse;LeftFalse_RightTrue;HandLeft_(-0.4, -0.4, -0.1)_(-0.1, -0.6, 0.8, 0.1)_1.012537_System.String[];HandLeft_(0.2, -0.7, -0.1)_(0.6, 0.6, -0.5, 0.1)_0.9825718_System.String[];HandRight_(-0.3, -0.3, -0.3)_(0.4, 0.3, 0.4, -0.8)_1.012537_System.String[];HandRight_(0.5, -0.6, -0.1)_(0.0, -0.6, -0.4, 0.7)_0.9825718_System.String[];41.8928;-0.0149;0.1047;0.9593;-0.8880;1.1060;1.0633;-16.3610;10.9885;358.5076;353.8049;6.5302;186.5204;356.3070;2.3215
0.0000;-0.4919;False;False;1.3033;-1.2756;-0.0659;-0.0209;-16.3095;11.1018;0.0073;0.3387;0.3942;180.5471;359.9867;0.0691;-0.1013;0.0000;-0.0019;2.0779;-2.3712;0.0029;173169;71.93951;Infinity;2406.87;1.0534;-0.5577;1.0827;1.4508;-16.2863;10.8128;354.9279;352.8720;47.8492;186.7240;354.4789;359.2947;LeftFalse_RightFalse;LeftFalse_RightTrue;HandLeft_(-0.4, -0.4, -0.1)_(-0.1, -0.6, 0.8, 0.1)_1.012537_System.String[];HandLeft_(0.2, -0.7, -0.1)_(0.6, 0.6, -0.5, 0.1)_0.9825718_System.String[];HandRight_(-0.3, -0.3, -0.3)_(0.4, 0.3, 0.4, -0.8)_1.012537_System.String[];HandRight_(0.5, -0.6, -0.1)_(0.0, -0.6, -0.4, 0.7)_0.9825718_System.String[];41.9346;-0.0091;0.1027;0.9586;-0.8933;1.1060;1.0634;-16.2739;10.8828;358.4484;353.7429;6.3968;186.6544;356.4066;2.2838
0.0000;-0.4602;False;False;1.3035;-1.2797;-0.0659;-0.0210;-16.2233;11.0077;0.0053;0.3400;0.3759;180.7034;359.9889;0.0618;-0.1001;0.0000;-0.0018;2.0602;-2.1895;0.0055;173172;71.95033;Infinity;2406.92;1.0535;-0.5629;1.0826;1.4508;-16.2000;10.7141;354.9250;352.8749;47.8286;186.8860;354.4786;359.2881;LeftFalse_RightFalse;LeftFalse_RightTrue;HandLeft_(-0.4, -0.4, -0.1)_(-0.1, -0.5, 0.8, 0.1)_1.012537_System.String[];HandLeft_(0.2, -0.7, -0.1)_(0.6, 0.6, -0.5, 0.1)_0.9825718_System.String[];HandRight_(-0.3, -0.3, -0.3)_(0.4, 0.3, 0.4, -0.7)_1.012537_System.String[];HandRight_(0.5, -0.6, -0.1)_(0.0, -0.6, -0.4, 0.7)_0.9825718_System.String[];41.9763;-0.0039;0.1013;0.9579;-0.8984;1.1060;1.0634;-16.1877;10.7853;358.4201;353.7088;6.2289;186.8375;356.4872;2.2335
0.0000;-0.4443;False;False;1.3038;-1.2838;-0.0659;-0.0210;-16.1375;10.9207;0.0034;0.3379;0.3647;180.8456;359.9914;0.0542;-0.0980;0.0000;-0.0014;2.0426;-2.0202;0.0084;173175;71.77317;Infinity;2406.96;1.0537;-0.5680;1.0826;1.4508;-16.1143;10.6232;354.9219;352.8748;47.8152;187.0334;354.4789;359.2803;LeftFalse_RightFalse;LeftFalse_RightTrue;HandLeft_(-0.4, -0.4, -0.1)_(-0.1, -0.5, 0.8, 0.1)_1.012537_System.String[];HandLeft_(0.2, -0.7, -0.1)_(0.6, 0.6, -0.5, 0.1)_0.9825718_System.String[];HandRight_(-0.3, -0.3, -0.3)_(0.5, 0.3, 0.4, -0.7)_1.012537_System.String[];HandRight_(0.5, -0.6, -0.1)_(0.0, -0.5, -0.4, 0.7)_0.9825718_System.String[];42.0181;0.0003;0.1011;0.9573;-0.9034;1.1060;1.0635;-16.1021;10.6955;358.4030;353.7027;6.0286;187.0623;356.5781;2.2232
0.0000;-0.4523;False;False;1.3043;-1.2878;-0.0659;-0.0211;-16.0518;10.8403;0.0018;0.3333;0.3601;180.9758;359.9938;0.0467;-0.0950;0.0000;-0.0012;2.0251;-1.8562;0.0112;173178;71.4303;Infinity;2407.00;1.0541;-0.5730;1.0826;1.4509;-16.0285;10.5390;354.9189;352.8717;47.8085;187.1685;354.4793;359.2723;LeftFalse_RightFalse;LeftFalse_RightTrue;HandLeft_(-0.4, -0.4, -0.1)_(-0.2, -0.5, 0.8, 0.2)_1.012537_System.String[];HandLeft_(0.2, -0.7, -0.1)_(0.6, 0.6, -0.5, 0.1)_0.9825718_System.String[];HandRight_(-0.3, -0.3, -0.3)_(0.5, 0.3, 0.4, -0.7)_1.012537_System.String[];HandRight_(0.5, -0.6, -0.1)_(0.0, -0.5, -0.4, 0.7)_0.9825718_System.String[];42.0603;0.0033;0.1011;0.9570;-0.9082;1.1060;1.0635;-16.0165;10.6122;358.4020;353.7013;5.8162;187.2917;356.6753;2.2572
0.0000;-0.4642;False;False;1.3049;-1.2916;-0.0659;-0.0211;-15.9678;10.7682;0.0003;0.3279;0.3608;181.0920;-0.0042;0.0395;-0.0880;0.0000;-0.0010;1.9992;-1.6050;0.0140;173181;71.64809;Infinity;2407.04;1.0546;-0.5778;1.0826;1.4509;-15.9440;10.4628;354.9163;352.8672;47.8077;187.2904;354.4796;359.2644;LeftFalse_RightFalse;LeftFalse_RightTrue;HandLeft_(-0.4, -0.3, -0.1)_(-0.2, -0.5, 0.8, 0.2)_1.012537_System.String[];HandLeft_(0.2, -0.7, -0.1)_(0.6, 0.6, -0.5, 0.1)_0.9825718_System.String[];HandRight_(-0.3, -0.3, -0.3)_(0.4, 0.3, 0.4, -0.7)_1.012537_System.String[];HandRight_(0.5, -0.6, -0.1)_(0.0, -0.6, -0.4, 0.7)_0.9825718_System.String[];42.1021;0.0046;0.1011;0.9570;-0.9128;1.1059;1.0636;-15.9321;10.5367;358.3846;353.7248;5.6586;187.4755;356.7357;2.3032
0.0000;-0.4642;False;False;1.3055;-1.2952;-0.0659;-0.0212;-15.8841;10.7031;-0.0010;0.3228;0.3647;181.1967;-0.0029;0.0326;-0.0820;0.0000;-0.0009;1.9821;-1.4374;0.0151;173184;71.534;Infinity;2407.08;1.0551;-0.5822;1.0826;1.4510;-15.8603;10.3941;354.9142;352.8628;47.8106;187.3998;354.4797;359.2568;LeftFalse_RightFalse;LeftFalse_RightTrue;HandLeft_(-0.4, -0.3, -0.1)_(-0.2, -0.5, 0.8, 0.2)_1.012537_System.String[];HandLeft_(0.2, -0.7, -0.1)_(0.6, 0.6, -0.5, 0.1)_0.9825718_System.String[];HandRight_(-0.3, -0.3, -0.3)_(0.5, 0.3, 0.4, -0.7)_1.012537_System.String[];HandRight_(0.5, -0.6, -0.1)_(0.0, -0.6, -0.4, 0.7)_0.9825718_System.String[];42.1440;0.0049;0.1011;0.9573;-0.9169;1.1059;1.0636;-15.8485;10.4687;358.3958;353.7657;5.5409;187.5972;356.7573;2.3585
0.0040;-0.4444;False;False;1.3061;-1.2984;-0.0659;-0.0212;-15.8015;10.6455;-0.0023;0.3183;0.3698;181.2890;-0.0023;0.0260;-0.0751;0.0000;-0.0007;1.9652;-1.2725;0.0152;173187;71.66524;Infinity;2407.13;1.0558;-0.5863;1.0826;1.4511;-15.7772;10.3329;354.9127;352.8588;47.8155;187.4974;354.4793;359.2496;LeftFalse_RightFalse;LeftFalse_RightTrue;HandLeft_(-0.4, -0.3, -0.1)_(-0.2, -0.5, 0.8, 0.2)_1.012537_System.String[];HandLeft_(0.2, -0.7, -0.1)_(0.6, 0.6, -0.5, 0.1)_0.9825718_System.String[];HandRight_(-0.3, -0.3, -0.3)_(0.5, 0.3, 0.4, -0.7)_1.012537_System.String[];HandRight_(0.5, -0.6, -0.1)_(0.0, -0.6, -0.4, 0.7)_0.9825718_System.String[];42.1858;0.0025;0.1009;0.9577;-0.9205;1.1059;1.0637;-15.7655;10.4079;358.4089;353.7846;5.4955;187.6642;356.6945;2.4290
0.0349;-0.3809;False;False;1.3067;-1.3014;-0.0659;-0.0212;-15.7199;10.5951;-0.0038;0.3136;0.3738;181.3695;-0.0026;0.0199;-0.0679;0.0003;-0.0007;1.9500;-1.1220;0.0140;173190;71.82922;Infinity;2407.17;1.0564;-0.5900;1.0826;1.4511;-15.6954;10.2792;354.9118;352.8550;47.8203;187.5826;354.4783;359.2429;LeftFalse_RightFalse;LeftFalse_RightTrue;HandLeft_(-0.4, -0.3, -0.1)_(-0.2, -0.5, 0.8, 0.2)_1.012537_System.String[];HandLeft_(0.2, -0.7, -0.1)_(0.6, 0.6, -0.5, 0.1)_0.9825718_System.String[];HandRight_(-0.3, -0.3, -0.3)_(0.5, 0.3, 0.4, -0.7)_1.012537_System.String[];HandRight_(0.5, -0.6, -0.1)_(0.0, -0.6, -0.4, 0.7)_0.9825718_System.String[];42.2275;-0.0016;0.0989;0.9583;-0.9238;1.1062;1.0637;-15.6837;10.3547;358.3824;353.7842;5.5661;187.7005;356.5887;2.5084
0.0792;-0.2817;False;False;1.3073;-1.3041;-0.0659;-0.0213;-15.6384;10.5505;359.9941;0.3067;0.3746;181.4399;-0.0037;0.0145;-0.0611;0.0004;-0.0006;1.9386;-0.9962;0.0119;173193;71.6767;Infinity;2407.21;1.0570;-0.5934;1.0826;1.4512;-15.6139;10.2321;354.9112;352.8499;47.8226;187.6571;354.4763;359.2365;LeftFalse_RightFalse;LeftFalse_RightTrue;HandLeft_(-0.4, -0.3, -0.1)_(-0.2, -0.5, 0.8, 0.1)_1.012537_System.String[];HandLeft_(0.2, -0.7, -0.1)_(0.6, 0.6, -0.5, 0.1)_0.9825718_System.String[];HandRight_(-0.3, -0.3, -0.3)_(0.4, 0.3, 0.4, -0.7)_1.012537_System.String[];HandRight_(0.5, -0.6, -0.1)_(0.0, -0.6, -0.4, 0.7)_0.9825718_System.String[];42.2695;-0.0063;0.0955;0.9588;-0.9269;1.1066;1.0638;-15.6023;10.3080;358.3334;353.8123;5.6966;187.7390;356.5763;2.5654
0.1270;-0.1428;False;False;1.3077;-1.3065;-0.0659;-0.0213;-15.5568;10.5105;359.9911;0.2951;0.3703;181.5013;-0.0055;0.0098;-0.0556;0.0004;-0.0007;1.9325;-0.9077;0.0091;173196;71.41563;Infinity;2407.25;1.0575;-0.5964;1.0826;1.4513;-15.5322;10.1900;354.9106;352.8408;47.8204;187.7223;354.4733;359.2304;LeftFalse_RightTrue;LeftFalse_RightTrue;HandLeft_(-0.4, -0.3, -0.1)_(-0.2, -0.5, 0.8, 0.1)_1.012537_System.String[];HandLeft_(0.2, -0.7, -0.1)_(0.6, 0.6, -0.5, 0.1)_0.9825718_System.String[];HandRight_(-0.3, -0.3, -0.3)_(0.4, 0.3, 0.4, -0.7)_1.012537_System.String[];HandRight_(0.5, -0.6, -0.1)_(0.0, -0.5, -0.4, 0.7)_0.9825718_System.String[];42.3118;-0.0110;0.0899;0.9592;-0.9297;1.1068;1.0639;-15.5206;10.2659;358.3521;353.8320;5.8526;187.7861;356.5608;2.6253
0.1736;-0.0198;False;False;1.3080;-1.3087;-0.0658;-0.0213;-15.4759;10.4735;359.9871;0.2764;0.3603;181.5553;359.9923;0.0062;-0.0522;0.0004;-0.0009;1.9318;-0.8652;0.0058;173199;71.55424;Infinity;2407.29;1.0579;-0.5991;1.0827;1.4514;-15.4512;10.1520;354.9096;352.8253;47.8128;187.7792;354.4692;359.2247;LeftFalse_RightTrue;LeftFalse_RightTrue;HandLeft_(-0.4, -0.3, -0.1)_(-0.1, -0.5, 0.8, 0.1)_1.012537_System.String[];HandLeft_(0.2, -0.7, -0.1)_(0.6, 0.6, -0.5, 0.1)_0.9825718_System.String[];HandRight_(-0.3, -0.3, -0.3)_(0.4, 0.3, 0.4, -0.8)_1.012537_System.String[];HandRight_(0.5, -0.6, -0.1)_(0.0, -0.5, -0.4, 0.7)_0.9825718_System.String[];42.3535;-0.0156;0.0833;0.9596;-0.9323;1.1070;1.0640;-15.4397;10.2278;358.3963;353.8475;5.9720;187.8339;356.5756;2.6762
0.2083;0.0000;False;False;1.3081;-1.3109;-0.0658;-0.0214;-15.3943;10.4371;359.9820;0.2499;0.3441;181.6049;359.9900;0.0038;-0.0505;0.0004;-0.0011;1.9354;-0.8545;0.0027;173202;71.29832;Infinity;2407.34;1.0581;-0.6016;1.0827;1.4515;-15.3705;10.1158;354.9081;352.8016;47.7991;187.8304;354.4641;359.2193;LeftFalse_RightTrue;LeftFalse_RightTrue;HandLeft_(-0.4, -0.4, -0.1)_(-0.1, -0.5, 0.8, 0.1)_1.012537_System.String[];HandLeft_(0.2, -0.7, -0.1)_(0.6, 0.6, -0.5, 0.2)_0.9825718_System.String[];HandRight_(-0.3, -0.3, -0.3)_(0.4, 0.3, 0.4, -0.8)_1.012537_System.String[];HandRight_(0.5, -0.6, -0.1)_(0.0, -0.5, -0.5, 0.7)_0.9825718_System.String[];42.3958;-0.0199;0.0771;0.9596;-0.9347;1.1071;1.0641;-15.3593;10.1912;358.4141;353.8636;6.0545;187.8574;356.6257;2.7118
0.2359;0.0000;False;False;1.3081;-1.3129;-0.0658;-0.0214;-15.3133;10.4015;359.9761;0.2201;0.3224;181.6502;359.9877;0.0022;-0.0488;0.0004;-0.0013;1.9426;-0.8476;-0.0009;173205;71.57622;Infinity;2407.38;1.0582;-0.6040;1.0827;1.4517;-15.2891;10.0799;354.9059;352.7725;47.7796;187.8779;354.4583;359.2142;LeftFalse_RightTrue;LeftFalse_RightTrue;HandLeft_(-0.4, -0.4, -0.1)_(-0.1, -0.5, 0.8, 0.1)_1.012537_System.String[];HandLeft_(0.2, -0.7, -0.1)_(0.5, 0.6, -0.5, 0.2)_0.9825718_System.String[];HandRight_(-0.3, -0.3, -0.3)_(0.4, 0.3, 0.4, -0.8)_1.012537_System.String[];HandRight_(0.5, -0.6, -0.2)_(0.0, -0.5, -0.5, 0.7)_0.9825718_System.String[];42.4375;-0.0244;0.0709;0.9594;-0.9367;1.1071;1.0643;-15.2781;10.1547;358.4023;353.8899;6.0829;187.8750;356.6730;2.7136
0.2624;0.0000;False;False;1.3080;-1.3149;-0.0658;-0.0215;-15.2312;10.3658;359.9696;0.1901;0.2943;181.6918;359.9855;0.0009;-0.0470;0.0004;-0.0014;1.9529;-0.8408;-0.0048;173208;71.40527;Infinity;2407.42;1.0581;-0.6062;1.0828;1.4518;-15.2079;10.0446;354.9033;352.7427;47.7542;187.9212;354.4522;359.2095;LeftFalse_RightTrue;LeftFalse_RightTrue;HandLeft_(-0.4, -0.4, -0.1)_(-0.1, -0.6, 0.8, 0.1)_1.012537_System.String[];HandLeft_(0.2, -0.7, -0.1)_(0.5, 0.6, -0.5, 0.2)_0.9825718_System.String[];HandRight_(-0.3, -0.3, -0.3)_(0.4, 0.3, 0.4, -0.8)_1.012537_System.String[];HandRight_(0.5, -0.6, -0.2)_(0.0, -0.5, -0.5, 0.8)_0.9825718_System.String[];42.4795;-0.0286;0.0653;0.9592;-0.9388;1.1072;1.0645;-15.1971;10.1188;358.3388;353.9888;6.0372;187.8591;356.7264;2.7459
0.2883;0.0000;False;False;1.3076;-1.3168;-0.0658;-0.0215;-15.1492;10.3307;359.9629;0.1626;0.2600;181.7294;359.9835;0.0000;-0.0449;0.0004;-0.0014;1.9735;-0.8306;-0.0107;173211;71.60766;Infinity;2407.46;1.0578;-0.6084;1.0828;1.4519;-15.1259;10.0095;354.9004;352.7145;47.7224;187.9607;354.4458;359.2054;LeftFalse_RightTrue;LeftFalse_RightTrue;HandLeft_(-0.4, -0.4, -0.1)_(-0.1, -0.6, 0.8, 0.1)_1.012537_System.String[];HandLeft_(0.2, -0.7, -0.1)_(0.5, 0.6, -0.5, 0.2)_0.9825718_System.String[];HandRight_(-0.3, -0.3, -0.3)_(0.4, 0.3, 0.4, -0.8)_1.012537_System.String[];HandRight_(0.5, -0.6, -0.2)_(0.1, -0.5, -0.5, 0.8)_0.9825718_System.String[];42.5212;-0.0323;0.0605;0.9588;-0.9404;1.1072;1.0646;-15.1152;10.0828;358.2945;354.1424;5.9995;187.7893;356.7014;2.8047
0.3139;0.0000;False;False;1.3071;-1.3187;-0.0658;-0.0216;-15.0656;10.2956;359.9560;0.1383;0.2199;181.7644;359.9817;-0.0005;-0.0435;0.0003;-0.0013;1.9904;-0.8238;-0.0147;173214;71.33139;Infinity;2407.50;1.0574;-0.6105;1.0828;1.4520;-15.0431;9.9746;354.8971;352.6892;47.6848;187.9971;354.4394;359.2020;LeftFalse_RightTrue;LeftFalse_RightTrue;HandLeft_(-0.4, -0.4, -0.1)_(-0.1, -0.6, 0.8, 0.1)_1.012537_System.String[];HandLeft_(0.2, -0.7, -0.1)_(0.5, 0.6, -0.6, 0.2)_0.9825718_System.String[];HandRight_(-0.3, -0.3, -0.3)_(0.4, 0.3, 0.4, -0.8)_1.012537_System.String[];HandRight_(0.5, -0.6, -0.2)_(0.1, -0.4, -0.5, 0.8)_0.9825718_System.String[];42.5635;-0.0360;0.0561;0.9585;-0.9420;1.1073;1.0648;-15.0323;10.0471;358.3373;354.2920;6.0328;187.6535;356.6625;2.8974
0.3368;0.0000;False;False;1.3064;-1.3205;-0.0657;-0.0217;-14.9822;10.2612;359.9491;0.1178;0.1747;181.7963;359.9800;-0.0007;-0.0424;0.0005;-0.0012;2.0100;-0.8171;-0.0189;173217;71.58273;Infinity;2407.55;1.0567;-0.6125;1.0829;1.4521;-14.9600;9.9401;354.8937;352.6676;47.6418;188.0303;354.4332;359.1993;LeftFalse_RightTrue;LeftFalse_RightTrue;HandLeft_(-0.4, -0.4, -0.1)_(-0.1, -0.6, 0.8, 0.1)_1.012537_System.String[];HandLeft_(0.2, -0.7, -0.1)_(0.5, 0.6, -0.6, 0.2)_0.9825718_System.String[];HandRight_(-0.3, -0.3, -0.3)_(0.4, 0.3, 0.4, -0.8)_1.012537_System.String[];HandRight_(0.5, -0.6, -0.2)_(0.1, -0.4, -0.5, 0.8)_0.9825718_System.String[];42.6052;-0.0395;0.0523;0.9581;-0.9434;1.1074;1.0649;-14.9491;10.0117;358.4291;354.4229;6.1352;187.4201;356.6317;3.0070
0.3575;0.0000;False;False;1.3055;-1.3223;-0.0657;-0.0217;-14.8968;10.2267;359.9427;0.1007;0.1231;181.8259;359.9785;-0.0008;-0.0413;0.0007;-0.0011;2.0319;-0.8105;-0.0235;173220;71.29996;Infinity;2407.59;1.0559;-0.6145;1.0829;1.4521;-14.8758;9.9057;354.8904;352.6495;47.5931;188.0608;354.4272;359.1971;LeftFalse_RightTrue;LeftFalse_RightTrue;HandLeft_(-0.4, -0.4, -0.1)_(-0.1, -0.6, 0.8, 0.0)_1.012537_System.String[];HandLeft_(0.2, -0.7, -0.1)_(0.5, 0.6, -0.5, 0.2)_0.9825718_System.String[];HandRight_(-0.3, -0.3, -0.3)_(0.4, 0.3, 0.4, -0.8)_1.012537_System.String[];HandRight_(0.5, -0.6, -0.2)_(0.1, -0.4, -0.5, 0.8)_0.9825718_System.String[];42.6475;-0.0436;0.0489;0.9577;-0.9448;1.1075;1.0647;-14.8647;9.9768;358.5256;354.5774;6.2790;187.1252;356.5840;3.1023
0.3776;0.0000;False;False;1.3045;-1.3240;-0.0657;-0.0218;-14.8118;10.1930;359.9366;0.0869;0.0665;181.8530;359.9770;-0.0008;-0.0404;0.0008;-0.0010;2.0555;-0.8039;-0.0284;173223;71.66344;Infinity;2407.63;1.0549;-0.6163;1.0829;1.4521;-14.7910;9.8718;354.8873;352.6348;47.5387;188.0889;354.4216;359.1955;LeftFalse_RightTrue;LeftFalse_RightTrue;HandLeft_(-0.4, -0.4, -0.1)_(-0.1, -0.6, 0.8, 0.1)_1.012537_System.String[];HandLeft_(0.2, -0.7, -0.1)_(0.5, 0.6, -0.5, 0.2)_0.9825718_System.String[];HandRight_(-0.3, -0.3, -0.3)_(0.4, 0.2, 0.4, -0.8)_1.012537_System.String[];HandRight_(0.5, -0.6, -0.2)_(0.1, -0.4, -0.5, 0.8)_0.9825718_System.String[];42.6892;-0.0478;0.0471;0.9572;-0.9461;1.1075;1.0645;-14.7799;9.9422;358.5890;354.7421;6.4178;186.8233;356.5169;3.1570
0.3954;0.0000;False;False;1.3032;-1.3257;-0.0657;-0.0218;-14.7256;10.1595;359.9308;0.0760;0.0034;181.8787;359.9753;-0.0005;-0.0400;0.0008;-0.0009;2.0812;-0.7973;-0.0340;173226;71.82416;Infinity;2407.67;1.0536;-0.6182;1.0830;1.4522;-14.7055;9.8382;354.8845;352.6229;47.4783;188.1152;354.4162;359.1944;LeftFalse_RightTrue;LeftFalse_RightTrue;HandLeft_(-0.4, -0.4, -0.1)_(-0.1, -0.6, 0.8, 0.1)_1.012537_System.String[];HandLeft_(0.2, -0.7, -0.1)_(0.5, 0.6, -0.6, 0.2)_0.9825718_System.String[];HandRight_(-0.3, -0.3, -0.3)_(0.4, 0.2, 0.4, -0.8)_1.012537_System.String[];HandRight_(0.5, -0.6, -0.2)_(0.1, -0.5, -0.5, 0.8)_0.9825718_System.String[];42.7307;-0.0523;0.0467;0.9566;-0.9476;1.1076;1.0644;-14.6942;9.9081;358.6110;354.9147;6.5225;186.5537;356.4110;3.1435
0.4087;0.0000;False;False;1.3016;-1.3274;-0.0656;-0.0218;-14.6374;10.1261;359.9253;0.0672;359.9323;181.9038;359.9736;-0.0001;-0.0398;0.0009;-0.0008;2.1086;-0.7908;-0.0402;173229;71.51566;Infinity;2407.71;1.0521;-0.6200;1.0830;1.4522;-14.6190;9.8049;354.8820;352.6136;47.4110;188.1403;354.4109;359.1938;LeftFalse_RightTrue;LeftFalse_RightTrue;HandLeft_(-0.4, -0.4, -0.1)_(0.0, -0.6, 0.8, 0.0)_1.012537_System.String[];HandLeft_(0.2, -0.7, -0.1)_(0.5, 0.6, -0.6, 0.2)_0.9825718_System.String[];HandRight_(-0.3, -0.3, -0.3)_(0.4, 0.2, 0.4, -0.8)_1.012537_System.String[];HandRight_(0.5, -0.6, -0.2)_(0.1, -0.4, -0.5, 0.8)_0.9825718_System.String[];42.7729;-0.0562;0.0467;0.9556;-0.9492;1.1073;1.0643;-14.6075;9.8744;358.6835;355.0652;6.5783;186.3416;356.2753;3.0935
0.4183;0.0000;False;False;1.2998;-1.3290;-0.0656;-0.0219;-14.5486;10.0932;359.9201;0.0605;359.8548;181.9283;359.9719;0.0005;-0.0397;0.0009;-0.0007;2.1371;-0.7843;-0.0459;173232;71.68578;Infinity;2407.75;1.0503;-0.6218;1.0831;1.4522;-14.5303;9.7715;354.8796;352.6061;47.3354;188.1653;354.4058;359.1935;LeftFalse_RightTrue;LeftFalse_RightTrue;HandLeft_(-0.4, -0.4, -0.1)_(0.0, -0.6, 0.8, 0.1)_1.012537_System.String[];HandLeft_(0.2, -0.7, -0.1)_(0.5, 0.6, -0.5, 0.2)_0.9825718_System.String[];HandRight_(-0.3, -0.3, -0.3)_(0.4, 0.2, 0.4, -0.8)_1.012537_System.String[];HandRight_(0.5, -0.6, -0.2)_(0.1, -0.4, -0.5, 0.8)_0.9825718_System.String[];42.8147;-0.0589;0.0473;0.9541;-0.9509;1.1071;1.0642;-14.5187;9.8404;358.7863;355.2029;6.5611;186.1821;356.2151;3.0224
0.4254;0.0000;False;False;1.2977;-1.3307;-0.0655;-0.0219;-14.4587;10.0606;359.9152;0.0553;359.7714;181.9529;359.9704;0.0011;-0.0399;0.0010;-0.0006;2.1665;-0.7778;-0.0515;173235;71.80633;Infinity;2407.80;1.0483;-0.6236;1.0831;1.4522;-14.4412;9.7387;354.8774;352.6004;47.2542;188.1897;354.4010;359.1935;LeftFalse_RightTrue;LeftFalse_RightTrue;HandLeft_(-0.4, -0.4, -0.1)_(0.0, -0.6, 0.8, 0.1)_1.012537_System.String[];HandLeft_(0.2, -0.7, -0.1)_(0.5, 0.7, -0.5, 0.2)_0.9825718_System.String[];HandRight_(-0.3, -0.3, -0.3)_(0.4, 0.3, 0.4, -0.8)_1.012537_System.String[];HandRight_(0.5, -0.6, -0.2)_(0.1, -0.4, -0.5, 0.8)_0.9825718_System.String[];42.8564;-0.0598;0.0489;0.9523;-0.9526;1.1071;1.0639;-14.4296;9.8073;358.8223;355.3079;6.5000;186.0897;356.1901;2.9456
0.4306;0.0188;False;False;1.2954;-1.3324;-0.0655;-0.0219;-14.3676;10.0283;359.9106;0.0513;359.6839;181.9778;359.9693;0.0019;-0.0403;0.0010;-0.0006;2.1966;-0.7715;-0.0565;173238;71.89809;Infinity;2407.84;1.0460;-0.6253;1.0832;1.4522;-14.3510;9.7061;354.8752;352.5960;47.1682;188.2145;354.3967;359.1937;LeftFalse_RightTrue;LeftFalse_RightTrue;HandLeft_(-0.4, -0.4, -0.1)_(0.0, -0.6, 0.8, 0.0)_1.012537_System.String[];HandLeft_(0.2, -0.7, -0.1)_(0.5, 0.6, -0.6, 0.2)_0.9825718_System.String[];HandRight_(-0.3, -0.3, -0.3)_(0.3, 0.3, 0.4, -0.8)_1.012537_System.String[];HandRight_(0.5, -0.6, -0.2)_(0.1, -0.5, -0.5, 0.8)_0.9825718_System.String[];42.8979;-0.0598;0.0504;0.9501;-0.9543;1.1070;1.0636;-14.3395;9.7745;358.8545;355.4002;6.4050;186.0517;356.2032;2.8739
0.4336;0.0690;False;False;1.2929;-1.3341;-0.0655;-0.0219;-14.2751;9.9963;359.9065;0.0480;359.5937;182.0034;359.9686;0.0026;-0.0409;0.0010;-0.0005;2.2271;-0.7677;-0.0611;173241;71.94861;Infinity;2407.88;1.0436;-0.6272;1.0832;1.4521;-14.2594;9.6738;354.8729;352.5925;47.0791;188.2398;354.3930;359.1941;LeftFalse_RightTrue;LeftFalse_RightTrue;HandLeft_(-0.4, -0.4, -0.1)_(0.0, -0.6, 0.8, 0.0)_1.012537_System.String[];HandLeft_(0.2, -0.7, -0.1)_(0.5, 0.6, -0.6, 0.2)_0.9825718_System.String[];HandRight_(-0.3, -0.3, -0.3)_(0.3, 0.3, 0.4, -0.8)_1.012537_System.String[];HandRight_(0.5, -0.6, -0.2)_(0.1, -0.5, -0.5, 0.8)_0.9825718_System.String[];42.9397;-0.0594;0.0518;0.9477;-0.9561;1.1068;1.0633;-14.2480;9.7419;358.9218;355.5168;6.3170;186.0450;356.2336;2.8159
0.4336;0.1446;False;False;1.2902;-1.3358;-0.0654;-0.0220;-14.1807;9.9640;359.9026;0.0447;359.5012;182.0301;359.9684;0.0034;-0.0423;0.0011;-0.0005;2.2730;-0.7724;-0.0673;173244;71.69644;Infinity;2407.92;1.0409;-0.6290;1.0833;1.4521;-14.1661;9.6414;354.8705;352.5892;46.9876;188.2661;354.3898;359.1945;LeftFalse_RightTrue;LeftFalse_RightTrue;HandLeft_(-0.4, -0.4, -0.1)_(0.0, -0.6, 0.8, 0.0)_1.012537_System.String[];HandLeft_(0.2, -0.7, -0.1)_(0.5, 0.6, -0.6, 0.2)_0.9825718_System.String[];HandRight_(-0.3, -0.3, -0.3)_(0.3, 0.3, 0.4, -0.8)_1.012537_System.String[];HandRight_(0.5, -0.6, -0.2)_(0.1, -0.5, -0.5, 0.8)_0.9825718_System.String[];42.9817;-0.0587;0.0531;0.9450;-0.9580;1.1062;1.0629;-14.1548;9.7091;359.0097;355.6373;6.2254;186.0314;356.2871;2.8004
0.4322;0.2219;False;False;1.2873;-1.3376;-0.0654;-0.0220;-14.0852;9.9315;359.8992;0.0407;359.4082;182.0578;359.9684;0.0041;-0.0438;0.0011;-0.0005;2.3034;-0.7849;-0.0713;173247;71.76386;Infinity;2407.96;1.0380;-0.6309;1.0833;1.4521;-14.0714;9.6087;354.8681;352.5855;46.8948;188.2934;354.3871;359.1948;LeftFalse_RightTrue;LeftFalse_RightTrue;HandLeft_(-0.4, -0.4, -0.1)_(0.0, -0.6, 0.8, 0.1)_1.012537_System.String[];HandLeft_(0.2, -0.7, -0.1)_(0.5, 0.7, -0.5, 0.2)_0.9825718_System.String[];HandRight_(-0.3, -0.3, -0.3)_(0.4, 0.3, 0.4, -0.8)_1.012537_System.String[];HandRight_(0.5, -0.6, -0.2)_(0.1, -0.5, -0.5, 0.8)_0.9825718_System.String[];43.0234;-0.0577;0.0537;0.9420;-0.9599;1.1060;1.0626;-14.0599;9.6763;359.1081;355.7736;6.1122;186.0107;356.3377;2.7882
0.4275;0.2872;False;False;1.2843;-1.3395;-0.0653;-0.0220;-13.9881;9.8983;359.8962;0.0356;359.3146;182.0868;359.9687;0.0048;-0.0455;0.0011;-0.0006;2.3333;-0.8048;-0.0750;173250;71.60207;Infinity;2408.01;1.0349;-0.6329;1.0834;1.4521;-13.9754;9.5756;354.8658;352.5807;46.8017;188.3218;354.3849;359.1950;LeftFalse_RightTrue;LeftFalse_RightTrue;HandLeft_(-0.4, -0.4, -0.1)_(0.0, -0.6, 0.8, 0.1)_1.012537_System.String[];HandLeft_(0.2, -0.7, -0.1)_(0.5, 0.7, -0.5, 0.2)_0.9825718_System.String[];HandRight_(-0.3, -0.3, -0.3)_(0.4, 0.3, 0.4, -0.8)_1.012537_System.String[];HandRight_(0.5, -0.6, -0.2)_(0.0, -0.5, -0.5, 0.8)_0.9825718_System.String[];43.0654;-0.0559;0.0539;0.9387;-0.9619;1.1061;1.0624;-13.9639;9.6429;359.2375;355.9024;5.9735;185.9872;356.3571;2.7654
0.4235;0.3356;False;False;1.2811;-1.3414;-0.0653;-0.0220;-13.8896;9.8640;359.8935;0.0294;359.2221;182.1171;359.9693;0.0054;-0.0475;0.0011;-0.0006;2.3625;-0.8304;-0.0779;173253;71.5611;Infinity;2408.05;1.0317;-0.6350;1.0834;1.4521;-13.8776;9.5414;354.8636;352.5749;46.7085;188.3518;354.3832;359.1950;LeftFalse_RightTrue;LeftFalse_RightTrue;HandLeft_(-0.4, -0.4, -0.1)_(0.0, -0.6, 0.8, 0.1)_1.012537_System.String[];HandLeft_(0.2, -0.7, -0.1)_(0.5, 0.7, -0.5, 0.2)_0.9825718_System.String[];HandRight_(-0.3, -0.3, -0.3)_(0.4, 0.2, 0.4, -0.8)_1.012537_System.String[];HandRight_(0.5, -0.6, -0.2)_(0.1, -0.4, -0.5, 0.8)_0.9825718_System.String[];43.1074;-0.0526;0.0539;0.9353;-0.9640;1.1060;1.0621;-13.8661;9.6083;359.4029;356.0041;5.8273;185.9612;356.4144;2.7438
0.4206;0.3731;False;False;1.2778;-1.3434;-0.0652;-0.0221;-13.7907;9.8289;359.8912;0.0224;359.1327;182.1484;359.9703;0.0060;-0.0497;0.0012;-0.0007;2.3913;-0.8596;-0.0800;173256;71.78639;Infinity;2408.09;1.0283;-0.6372;1.0835;1.4521;-13.7795;9.5064;354.8613;352.5681;46.6182;188.3827;354.3820;359.1949;LeftFalse_RightTrue;LeftFalse_RightTrue;HandLeft_(-0.4, -0.4, -0.1)_(-0.1, -0.6, 0.8, 0.1)_1.012537_System.String[];HandLeft_(0.2, -0.7, -0.1)_(0.5, 0.7, -0.5, 0.2)_0.9825718_System.String[];HandRight_(-0.3, -0.3, -0.3)_(0.3, 0.3, 0.4, -0.8)_1.012537_System.String[];HandRight_(0.5, -0.6, -0.2)_(0.1, -0.4, -0.5, 0.8)_0.9825718_System.String[];43.1492;-0.0478;0.0539;0.9317;-0.9662;1.1057;1.0618;-13.7680;9.5731;359.5596;356.0893;5.6903;185.9561;356.5462;2.7175
0.4184;0.4080;False;False;1.2745;-1.3456;-0.0652;-0.0221;-13.6904;9.7923;359.8891;0.0150;359.0480;182.1811;359.9722;0.0065;-0.0522;0.0015;-0.0007;2.4196;-0.8924;-0.0806;173259;71.86179;Infinity;2408.13;1.0249;-0.6394;1.0835;1.4521;-13.6800;9.4702;354.8587;352.5608;46.5315;188.4149;354.3815;359.1946;LeftFalse_RightTrue;LeftFalse_RightTrue;HandLeft_(-0.4, -0.4, -0.1)_(-0.1, -0.6, 0.8, 0.1)_1.012537_System.String[];HandLeft_(0.2, -0.7, -0.1)_(0.5, 0.7, -0.6, 0.2)_0.9825718_System.String[];HandRight_(-0.3, -0.3, -0.3)_(0.3, 0.3, 0.4, -0.8)_1.012537_System.String[];HandRight_(0.5, -0.6, -0.2)_(0.1, -0.4, -0.5, 0.8)_0.9825718_System.String[];43.1907;-0.0405;0.0539;0.9276;-0.9685;1.1056;1.0616;-13.6686;9.5364;359.7457;356.1576;5.5414;185.9875;356.7450;2.6772
0.4169;0.4471;False;False;1.2711;-1.3478;-0.0651;-0.0221;-13.5889;9.7543;359.8867;0.0073;358.9716;182.2151;359.9748;0.0070;-0.0549;0.0017;-0.0008;2.4476;-0.9287;-0.0794;173262;71.9341;Infinity;2408.17;1.0215;-0.6418;1.0836;1.4521;-13.5794;9.4325;354.8554;352.5531;46.4519;188.4485;354.3813;359.1943;LeftFalse_RightTrue;LeftFalse_RightTrue;HandLeft_(-0.4, -0.4, -0.1)_(-0.1, -0.6, 0.8, 0.1)_1.012537_System.String[];HandLeft_(0.2, -0.7, -0.1)_(0.5, 0.7, -0.5, 0.2)_0.9825718_System.String[];HandRight_(-0.3, -0.3, -0.3)_(0.3, 0.3, 0.4, -0.8)_1.012537_System.String[];HandRight_(0.5, -0.6, -0.2)_(0.1, -0.4, -0.5, 0.8)_0.9825718_System.String[];43.2324;-0.0324;0.0539;0.9233;-0.9709;1.1055;1.0615;-13.5682;9.4985;359.9030;356.2291;5.3649;186.0501;356.9550;2.6306
0.4153;0.4939;False;False;1.2679;-1.3502;-0.0650;-0.0222;-13.4863;9.7146;359.8842;-0.0005;358.9062;182.2508;359.9782;0.0075;-0.0579;0.0018;-0.0008;2.4753;-0.9692;-0.0767;173265;71.97477;Infinity;2408.21;1.0181;-0.6443;1.0836;1.4521;-13.4775;9.3931;354.8515;352.5453;46.3824;188.4837;354.3817;359.1939;LeftFalse_RightTrue;LeftFalse_RightTrue;HandLeft_(-0.4, -0.4, -0.1)_(-0.1, -0.6, 0.8, 0.1)_1.012537_System.String[];HandLeft_(0.2, -0.7, -0.1)_(0.5, 0.7, -0.5, 0.2)_0.9825718_System.String[];HandRight_(-0.3, -0.3, -0.3)_(0.4, 0.3, 0.4, -0.8)_1.012537_System.String[];HandRight_(0.5, -0.6, -0.2)_(0.1, -0.4, -0.5, 0.8)_0.9825718_System.String[];43.2742;-0.0240;0.0539;0.9188;-0.9734;1.1055;1.0611;-13.4666;9.4590;0.0440;356.3160;5.1395;186.1381;357.2083;2.5871
0.4128;0.5435;False;False;1.2648;-1.3527;-0.0650;-0.0222;-13.3824;9.6731;359.8817;359.9916;358.8531;182.2883;359.9821;0.0081;-0.0612;0.0019;-0.0009;2.5027;-1.0137;-0.0739;173268;71.97091;Infinity;2408.26;1.0148;-0.6469;1.0837;1.4521;-13.3744;9.3520;354.8469;352.5374;46.3255;188.5206;354.3825;359.1936;LeftFalse_RightTrue;LeftFalse_RightTrue;HandLeft_(-0.4, -0.4, -0.1)_(-0.1, -0.6, 0.8, 0.1)_1.012537_System.String[];HandLeft_(0.2, -0.7, -0.1)_(0.5, 0.7, -0.5, 0.2)_0.9825718_System.String[];HandRight_(-0.3, -0.3, -0.3)_(0.4, 0.3, 0.4, -0.8)_1.012537_System.String[];HandRight_(0.5, -0.6, -0.2)_(0.1, -0.5, -0.5, 0.8)_0.9825718_System.String[];43.3157;-0.0173;0.0539;0.9147;-0.9760;1.1055;1.0608;-13.3638;9.4178;0.1615;356.3804;4.9059;186.2322;357.4526;2.5731
0.4088;0.5857;False;False;1.2618;-1.3554;-0.0649;-0.0222;-13.2759;9.6289;359.8793;359.9834;358.8112;182.3284;359.9861;0.0086;-0.0649;0.0020;-0.0009;2.5295;-1.0630;-0.0707;173271;71.45742;Infinity;2408.30;1.0117;-0.6498;1.0837;1.4521;-13.2691;9.3084;354.8423;352.5294;46.2799;188.5598;354.3833;359.1933;LeftFalse_RightTrue;LeftFalse_RightTrue;HandLeft_(-0.4, -0.4, -0.1)_(-0.1, -0.5, 0.8, 0.2)_1.012537_System.String[];HandLeft_(0.2, -0.7, -0.1)_(0.5, 0.7, -0.5, 0.2)_0.9825718_System.String[];HandRight_(-0.3, -0.3, -0.3)_(0.4, 0.4, 0.4, -0.7)_1.012537_System.String[];HandRight_(0.5, -0.6, -0.2)_(0.1, -0.5, -0.5, 0.8)_0.9825718_System.String[];43.3579;-0.0115;0.0539;0.9107;-0.9789;1.1054;1.0607;-13.2591;9.3740;0.2677;356.4072;4.6647;186.3202;357.7009;2.5609
0.4055;0.6135;False;False;1.2589;-1.3582;-0.0648;-0.0223;-13.1689;9.5826;359.8769;359.9752;358.7804;182.3704;359.9896;0.0092;-0.0689;0.0020;-0.0010;2.5558;-1.1164;-0.0678;173274;71.41904;Infinity;2408.34;1.0086;-0.6528;1.0838;1.4521;-13.1623;9.2624;354.8380;352.5211;46.2457;188.6013;354.3841;359.1930;LeftFalse_RightTrue;LeftFalse_RightTrue;HandLeft_(-0.4, -0.4, -0.1)_(-0.2, -0.5, 0.8, 0.2)_1.012537_System.String[];HandLeft_(0.2, -0.7, -0.1)_(0.5, 0.7, -0.5, 0.2)_0.9825718_System.String[];HandRight_(-0.3, -0.3, -0.3)_(0.4, 0.3, 0.4, -0.7)_1.012537_System.String[];HandRight_(0.5, -0.6, -0.2)_(0.1, -0.4, -0.5, 0.8)_0.9825718_System.String[];43.3999;-0.0088;0.0533;0.9070;-0.9819;1.1054;1.0606;-13.1527;9.3279;0.2394;356.4388;4.4288;186.3785;357.8841;2.5640
0.4005;0.6314;False;False;1.2562;-1.3612;-0.0647;-0.0223;-13.0606;9.5338;359.8746;359.9670;358.7576;182.4144;359.9923;0.0098;-0.0751;0.0021;-0.0010;2.5941;-1.2007;-0.0658;173277;71.38597;Infinity;2408.38;1.0058;-0.6560;1.0839;1.4521;-13.0547;9.2142;354.8342;352.5129;46.2206;188.6447;354.3844;359.1926;LeftFalse_RightTrue;LeftFalse_RightTrue;HandLeft_(-0.4, -0.4, -0.1)_(-0.2, -0.5, 0.8, 0.2)_1.012537_System.String[];HandLeft_(0.2, -0.7, -0.1)_(0.5, 0.7, -0.5, 0.2)_0.9825718_System.String[];HandRight_(-0.3, -0.3, -0.3)_(0.4, 0.3, 0.4, -0.7)_1.012537_System.String[];HandRight_(0.5, -0.6, -0.2)_(0.0, -0.4, -0.5, 0.8)_0.9825718_System.String[];43.4421;-0.0080;0.0523;0.9034;-0.9851;1.1055;1.0605;-13.0454;9.2797;0.1730;356.5099;4.2256;186.3950;357.9608;2.5809
0.3896;0.6445;False;False;1.2534;-1.3645;-0.0646;-0.0223;-12.9514;9.4826;359.8724;359.9592;358.7392;182.4600;359.9939;0.0102;-0.0792;0.0022;-0.0010;2.6184;-1.2586;-0.0659;173280;71.42863;Infinity;2408.42;1.0030;-0.6594;1.0840;1.4521;-12.9459;9.1635;354.8312;352.5049;46.2010;188.6898;354.3840;359.1922;LeftFalse_RightTrue;LeftFalse_RightTrue;HandLeft_(-0.4, -0.4, -0.1)_(-0.1, -0.5, 0.8, 0.2)_1.012537_System.String[];HandLeft_(0.2, -0.7, -0.1)_(0.5, 0.7, -0.5, 0.2)_0.9825718_System.String[];HandRight_(-0.3, -0.3, -0.3)_(0.4, 0.4, 0.4, -0.7)_1.012537_System.String[];HandRight_(0.5, -0.6, -0.2)_(0.0, -0.4, -0.5, 0.8)_0.9825718_System.String[];43.4839;-0.0080;0.0511;0.9000;-0.9885;1.1055;1.0605;-12.9367;9.2290;0.1591;356.6129;4.0559;186.3929;358.0217;2.5952
0.3664;0.6540;False;False;1.2506;-1.3678;-0.0645;-0.0224;-12.8415;9.4290;359.8708;359.9519;358.7228;182.5067;-0.0052;0.0105;-0.0832;0.0025;-0.0011;2.6407;-1.3176;-0.0666;173283;71.57394;Infinity;2408.47;1.0002;-0.6630;1.0841;1.4521;-12.8360;9.1102;354.8291;352.4974;46.1842;188.7364;354.3834;359.1918;LeftFalse_RightTrue;LeftFalse_RightTrue;HandLeft_(-0.4, -0.4, -0.1)_(-0.1, -0.5, 0.8, 0.2)_1.012537_System.String[];HandLeft_(0.2, -0.7, -0.1)_(0.5, 0.7, -0.5, 0.2)_0.9825718_System.String[];HandRight_(-0.3, -0.3, -0.3)_(0.4, 0.4, 0.4, -0.7)_1.012537_System.String[];HandRight_(0.5, -0.6, -0.2)_(0.0, -0.4, -0.5, 0.8)_0.9825718_System.String[];43.5259;-0.0080;0.0495;0.8967;-0.9920;1.1056;1.0601;-12.8268;9.1758;0.1475;356.7166;3.9092;186.3747;358.0706;2.6030
0.3267;0.6621;False;False;1.2479;-1.3714;-0.0644;-0.0224;-12.7310;9.3730;359.8699;359.9452;358.7074;182.5541;-0.0052;0.0108;-0.0872;0.0027;-0.0011;2.6593;-1.3772;-0.0674;173286;71.75142;Infinity;2408.51;0.9974;-0.6667;1.0842;1.4521;-12.7261;9.0547;354.8282;352.4905;46.1686;188.7836;354.3828;359.1913;LeftFalse_RightTrue;LeftFalse_RightTrue;HandLeft_(-0.4, -0.4, -0.1)_(-0.1, -0.5, 0.8, 0.1)_1.012537_System.String[];HandLeft_(0.2, -0.7, -0.1)_(0.5, 0.7, -0.5, 0.2)_0.9825718_System.String[];HandRight_(-0.3, -0.3, -0.2)_(0.4, 0.4, 0.5, -0.7)_1.012537_System.String[];HandRight_(0.5, -0.6, -0.2)_(0.0, -0.4, -0.5, 0.8)_0.9825718_System.String[];43.5676;-0.0081;0.0479;0.8934;-0.9957;1.1058;1.0598;-12.7166;9.1204;0.0454;356.7950;3.7383;186.3593;358.1621;2.5760
0.2693;0.6694;False;False;1.2450;-1.3752;-0.0643;-0.0225;-12.6182;9.3135;359.8699;359.9390;358.6920;182.6031;-0.0056;0.0109;-0.0914;0.0028;-0.0011;2.6732;-1.4374;-0.0683;173289;71.26036;Infinity;2408.55;0.9945;-0.6707;1.0843;1.4521;-12.6146;8.9962;354.8282;352.4843;46.1533;188.8319;354.3824;359.1908;LeftFalse_RightTrue;LeftFalse_RightTrue;HandLeft_(-0.4, -0.4, -0.1)_(-0.1, -0.5, 0.8, 0.1)_1.012537_System.String[];HandLeft_(0.2, -0.7, -0.1)_(0.5, 0.7, -0.5, 0.2)_0.9825718_System.String[];HandRight_(-0.3, -0.3, -0.2)_(0.3, 0.4, 0.5, -0.7)_1.012537_System.String[];HandRight_(0.5, -0.6, -0.2)_(0.0, -0.4, -0.5, 0.8)_0.9825718_System.String[];43.6099;-0.0080;0.0467;0.8902;-0.9996;1.1059;1.0596;-12.6050;9.0622;359.9854;356.8403;3.6068;186.3732;358.2502;2.5014
0.1989;0.6757;False;False;1.2421;-1.3791;-0.0642;-0.0225;-12.5054;9.2516;359.8711;359.9335;358.6770;182.6528;359.9940;0.0111;-0.0958;0.0029;-0.0011;2.6797;-1.4981;-0.0687;173292;71.22295;Infinity;2408.59;0.9916;-0.6749;1.0844;1.4521;-12.5011;8.9343;354.8290;352.4785;46.1380;188.8816;354.3826;359.1903;LeftFalse_RightTrue;LeftFalse_RightTrue;HandLeft_(-0.4, -0.4, -0.1)_(-0.1, -0.5, 0.9, 0.2)_1.012537_System.String[];HandLeft_(0.2, -0.7, -0.1)_(0.5, 0.7, -0.5, 0.2)_0.9825718_System.String[];HandRight_(-0.3, -0.3, -0.2)_(0.3, 0.4, 0.5, -0.7)_1.012537_System.String[];HandRight_(0.5, -0.6, -0.2)_(0.0, -0.4, -0.5, 0.8)_0.9825718_System.String[];43.6521;-0.0070;0.0459;0.8871;-1.0038;1.1060;1.0595;-12.4914;9.0004;359.8849;356.8539;3.5992;186.4125;358.2608;2.4121
0.1450;0.6810;False;False;1.2392;-1.3832;-0.0641;-0.0226;-12.3938;9.1877;359.8737;359.9285;358.6632;182.7029;359.9936;0.0113;-0.1005;0.0029;-0.0012;2.6783;-1.5592;-0.0687;173295;71.61124;Infinity;2408.63;0.9888;-0.6792;1.0845;1.4520;-12.3892;8.8708;354.8307;352.4733;46.1236;188.9315;354.3839;359.1899;LeftFalse_RightTrue;LeftFalse_RightTrue;HandLeft_(-0.4, -0.4, -0.1)_(-0.1, -0.5, 0.8, 0.2)_1.012537_System.String[];HandLeft_(0.2, -0.7, -0.1)_(0.5, 0.7, -0.5, 0.2)_0.9825718_System.String[];HandRight_(-0.3, -0.3, -0.2)_(0.3, 0.4, 0.5, -0.7)_1.012537_System.String[];HandRight_(0.5, -0.6, -0.2)_(0.0, -0.4, -0.5, 0.8)_0.9825718_System.String[];43.6936;-0.0062;0.0454;0.8841;-1.0081;1.1064;1.0594;-12.3796;8.9370;359.6645;356.8714;3.6778;186.4629;358.2171;2.3502
0.1057;0.6860;False;False;1.2364;-1.3875;-0.0639;-0.0226;-12.2820;9.1210;359.8776;359.9240;358.6506;182.7545;359.9933;0.0117;-0.1054;0.0030;-0.0012;2.6717;-1.6207;-0.0686;173298;71.66138;Infinity;2408.68;0.9859;-0.6837;1.0846;1.4520;-12.2777;8.8046;354.8333;352.4687;46.1105;188.9825;354.3863;359.1898;LeftFalse_RightTrue;LeftFalse_RightTrue;HandLeft_(-0.4, -0.4, -0.1)_(-0.1, -0.5, 0.8, 0.2)_1.012537_System.String[];HandLeft_(0.2, -0.7, -0.1)_(0.5, 0.7, -0.5, 0.2)_0.9825718_System.String[];HandRight_(-0.3, -0.3, -0.2)_(0.3, 0.4, 0.5, -0.7)_1.012537_System.String[];HandRight_(0.5, -0.6, -0.2)_(0.1, -0.4, -0.5, 0.8)_0.9825718_System.String[];43.7354;-0.0062;0.0453;0.8818;-1.0126;1.1069;1.0594;-12.2683;8.8708;359.4276;356.9276;3.8307;186.4937;358.0323;2.3412
0.0771;0.6899;False;False;1.2335;-1.3921;-0.0638;-0.0227;-12.1701;9.0512;359.8824;359.9199;358.6388;182.8082;359.9931;0.0122;-0.1107;0.0030;-0.0012;2.6607;-1.6824;-0.0686;173301;71.54715;Infinity;2408.72;0.9830;-0.6885;1.0848;1.4520;-12.1654;8.7351;354.8366;352.4644;46.0982;189.0357;354.3895;359.1897;LeftFalse_RightTrue;LeftFalse_RightTrue;HandLeft_(-0.4, -0.4, -0.1)_(-0.1, -0.5, 0.8, 0.2)_1.012537_System.String[];HandLeft_(0.2, -0.7, -0.1)_(0.5, 0.7, -0.5, 0.2)_0.9825718_System.String[];HandRight_(-0.3, -0.3, -0.2)_(0.3, 0.4, 0.5, -0.7)_1.012537_System.String[];HandRight_(0.5, -0.6, -0.2)_(0.0, -0.4, -0.5, 0.8)_0.9825718_System.String[];43.7776;-0.0064;0.0453;0.8797;-1.0174;1.1072;1.0593;-12.1564;8.8013;359.2168;357.0150;4.1217;186.5139;357.7614;2.3555
0.0669;0.6943;False;False;1.2306;-1.3969;-0.0637;-0.0227;-12.0593;8.9790;359.8877;359.9161;358.6273;182.8636;359.9927;0.0128;-0.1162;0.0030;-0.0012;2.6465;-1.7444;-0.0688;173304;71.66488;Infinity;2408.76;0.9801;-0.6935;1.0849;1.4519;-12.0542;8.6631;354.8403;352.4605;46.0863;189.0905;354.3931;359.1899;LeftFalse_RightTrue;LeftFalse_RightTrue;HandLeft_(-0.4, -0.4, -0.1)_(-0.1, -0.5, 0.8, 0.2)_1.012537_System.String[];HandLeft_(0.2, -0.7, -0.1)_(0.5, 0.7, -0.5, 0.2)_0.9825718_System.String[];HandRight_(-0.3, -0.3, -0.2)_(0.3, 0.4, 0.5, -0.7)_1.012537_System.String[];HandRight_(0.5, -0.6, -0.2)_(0.0, -0.4, -0.5, 0.8)_0.9825718_System.String[];43.8193;-0.0077;0.0453;0.8778;-1.0224;1.1075;1.0593;-12.0456;8.7294;359.1044;357.0587;4.4274;186.5327;357.5578;2.3859
0.0712;0.6977;False;False;1.2277;-1.4019;-0.0635;-0.0228;-11.9495;8.9044;359.8929;359.9127;358.6147;182.9207;359.9920;0.0135;-0.1247;0.0030;-0.0013;2.6241;-1.8378;-0.0702;173307;71.82792;Infinity;2408.80;0.9772;-0.6988;1.0850;1.4519;-11.9441;8.5887;354.8443;352.4569;46.0739;189.1469;354.3966;359.1902;LeftFalse_RightTrue;LeftFalse_RightTrue;HandLeft_(-0.4, -0.4, -0.1)_(-0.1, -0.5, 0.8, 0.2)_1.012537_System.String[];HandLeft_(0.2, -0.7, -0.1)_(0.5, 0.7, -0.5, 0.2)_0.9825718_System.String[];HandRight_(-0.3, -0.3, -0.3)_(0.3, 0.4, 0.5, -0.8)_1.012537_System.String[];HandRight_(0.5, -0.6, -0.2)_(0.0, -0.4, -0.5, 0.8)_0.9825718_System.String[];43.8611;-0.0098;0.0443;0.8759;-1.0276;1.1076;1.0593;-11.9360;8.6553;359.0251;357.0958;4.6846;186.5325;357.3939;2.4397
0.0808;0.7002;False;False;1.2247;-1.4072;-0.0634;-0.0228;-11.8400;8.8268;359.8975;359.9077;358.6000;182.9792;359.9911;0.0105;-0.1304;0.0030;0.0012;2.6100;-1.8994;-0.0721;173310;71.77355;Infinity;2408.84;0.9743;-0.7043;1.0851;1.4519;-11.8347;8.5116;354.8482;352.4531;46.0598;189.2052;354.3996;359.1891;LeftFalse_RightTrue;LeftFalse_RightTrue;HandLeft_(-0.4, -0.4, -0.1)_(-0.1, -0.5, 0.8, 0.2)_1.012537_System.String[];HandLeft_(0.2, -0.7, -0.1)_(0.5, 0.7, -0.5, 0.2)_0.9825718_System.String[];HandRight_(-0.3, -0.3, -0.3)_(0.3, 0.3, 0.5, -0.8)_1.012537_System.String[];HandRight_(0.5, -0.6, -0.2)_(0.1, -0.4, -0.5, 0.8)_0.9825718_System.String[];43.9028;-0.0129;0.0423;0.8740;-1.0329;1.1079;1.0592;-11.8269;8.5784;358.9227;357.1273;4.8879;186.5017;357.2120;2.5151
0.0971;0.7009;False;False;1.2217;-1.4127;-0.0633;-0.0227;-11.7314;8.7468;359.9013;359.8978;358.5815;183.0375;359.9897;0.0046;-0.1353;0.0030;0.0047;2.5975;-1.9604;-0.0750;173313;71.88497;Infinity;2408.88;0.9713;-0.7103;1.0853;1.4521;-11.7256;8.4318;354.8519;352.4457;46.0425;189.2646;354.4018;359.1815;LeftFalse_RightTrue;LeftFalse_RightTrue;HandLeft_(-0.4, -0.4, -0.1)_(-0.1, -0.5, 0.8, 0.1)_1.012537_System.String[];HandLeft_(0.2, -0.7, -0.1)_(0.5, 0.7, -0.5, 0.2)_0.9825718_System.String[];HandRight_(-0.3, -0.3, -0.3)_(0.3, 0.3, 0.5, -0.8)_1.012537_System.String[];HandRight_(0.5, -0.6, -0.2)_(0.1, -0.4, -0.5, 0.8)_0.9825718_System.String[];43.9443;-0.0171;0.0401;0.8721;-1.0383;1.1084;1.0594;-11.7181;8.4988;358.8277;357.1609;5.0533;186.4213;357.0409;2.6000
0.1149;0.6982;False;False;1.2185;-1.4184;-0.0632;-0.0225;-11.6234;8.6640;359.9040;359.8828;358.5574;183.0954;359.9878;0.0020;-0.1398;0.0030;0.0067;2.5871;-2.0211;-0.0790;173316;71.93964;Infinity;2408.93;0.9682;-0.7163;1.0854;1.4524;-11.6174;8.3496;354.8552;352.4325;46.0204;189.3234;354.4029;359.1768;LeftFalse_RightTrue;LeftFalse_RightTrue;HandLeft_(-0.4, -0.4, -0.1)_(-0.1, -0.5, 0.8, 0.1)_1.012537_System.String[];HandLeft_(0.2, -0.7, -0.1)_(0.5, 0.7, -0.5, 0.2)_0.9825718_System.String[];HandRight_(-0.3, -0.3, -0.3)_(0.3, 0.3, 0.5, -0.8)_1.012537_System.String[];HandRight_(0.5, -0.6, -0.2)_(0.1, -0.4, -0.5, 0.8)_0.9825718_System.String[];43.9861;-0.0215;0.0385;0.8699;-1.0438;1.1088;1.0597;-11.6100;8.4167;358.7422;357.2127;5.2086;186.3100;356.8907;2.6838
0.1297;0.6902;False;False;1.2151;-1.4243;-0.0630;-0.0222;-11.5156;8.5786;359.9055;359.8648;358.5265;183.1530;359.9856;0.0005;-0.1447;0.0031;0.0079;2.5788;-2.0811;-0.0835;173319;71.92663;Infinity;2408.97;0.9649;-0.7225;1.0855;1.4528;-11.5097;8.2649;354.8582;352.4157;45.9918;189.3815;354.4028;359.1731;LeftFalse_RightTrue;LeftFalse_RightTrue;HandLeft_(-0.4, -0.4, -0.1)_(-0.1, -0.6, 0.8, 0.1)_1.012537_System.String[];HandLeft_(0.2, -0.7, -0.1)_(0.5, 0.7, -0.5, 0.2)_0.9825718_System.String[];HandRight_(-0.3, -0.3, -0.3)_(0.3, 0.3, 0.5, -0.8)_1.012537_System.String[];HandRight_(0.5, -0.6, -0.2)_(0.1, -0.4, -0.5, 0.8)_0.9825718_System.String[];44.0278;-0.0251;0.0381;0.8678;-1.0494;1.1091;1.0598;-11.5023;8.3321;358.6737;357.2752;5.3718;186.1422;356.7615;2.7628
0.1416;0.6773;False;False;1.2115;-1.4304;-0.0629;-0.0218;-11.4080;8.4904;359.9053;359.8452;358.4891;183.2110;359.9836;-0.0001;-0.1502;0.0034;0.0087;2.5717;-2.1399;-0.0874;173322;71.8758;Infinity;2409.01;0.9614;-0.7289;1.0857;1.4532;-11.4020;8.1772;354.8600;352.3967;45.9565;189.4397;354.4018;359.1701;LeftFalse_RightTrue;LeftFalse_RightTrue;HandLeft_(-0.4, -0.4, -0.1)_(-0.1, -0.6, 0.8, 0.1)_1.012537_System.String[];HandLeft_(0.2, -0.7, -0.1)_(0.5, 0.7, -0.5, 0.2)_0.9825718_System.String[];HandRight_(-0.3, -0.3, -0.3)_(0.2, 0.3, 0.5, -0.8)_1.012537_System.String[];HandRight_(0.5, -0.6, -0.2)_(0.1, -0.5, -0.5, 0.8)_0.9825718_System.String[];44.0696;-0.0267;0.0381;0.8655;-1.0548;1.1094;1.0599;-11.3944;8.2444;358.6624;357.3623;5.5521;185.8573;356.6315;2.8688
0.1523;0.6608;False;False;1.2078;-1.4368;-0.0628;-0.0214;-11.3009;8.3998;359.9040;359.8247;358.4473;183.2699;359.9818;-0.0002;-0.1559;0.0035;0.0091;2.5662;-2.1970;-0.0906;173325;71.91338;Infinity;2409.05;0.9577;-0.7355;1.0858;1.4537;-11.2951;8.0874;354.8607;352.3766;45.9162;189.4985;354.3997;359.1676;LeftFalse_RightTrue;LeftFalse_RightTrue;HandLeft_(-0.4, -0.4, -0.1)_(-0.1, -0.6, 0.8, 0.1)_1.012537_System.String[];HandLeft_(0.2, -0.7, -0.1)_(0.5, 0.7, -0.5, 0.2)_0.9825718_System.String[];HandRight_(-0.3, -0.3, -0.3)_(0.2, 0.3, 0.5, -0.8)_1.012537_System.String[];HandRight_(0.5, -0.6, -0.2)_(0.1, -0.4, -0.5, 0.8)_0.9825718_System.String[];44.1113;-0.0267;0.0381;0.8631;-1.0599;1.1097;1.0602;-11.2872;8.1545;358.6415;357.4566;5.7741;185.3026;356.4622;3.1263
0.1605;0.6436;False;False;1.2040;-1.4435;-0.0626;-0.0211;-11.1939;8.3068;359.9017;359.8040;358.4033;183.3301;359.9807;0.0002;-0.1618;0.0035;0.0094;2.5619;-2.2519;-0.0928;173328;71.89282;Infinity;2409.09;0.9539;-0.7424;1.0860;1.4542;-11.1884;7.9951;354.8604;352.3561;45.8729;189.5584;354.3974;359.1656;LeftFalse_RightTrue;LeftFalse_RightTrue;HandLeft_(-0.4, -0.4, -0.1)_(-0.1, -0.6, 0.8, 0.1)_1.012537_System.String[];HandLeft_(0.2, -0.7, -0.1)_(0.5, 0.7, -0.4, 0.2)_0.9825718_System.String[];HandRight_(-0.3, -0.3, -0.3)_(0.2, 0.3, 0.5, -0.8)_1.012537_System.String[];HandRight_(0.5, -0.6, -0.2)_(0.0, -0.4, -0.5, 0.8)_0.9825718_System.String[];44.1531;-0.0251;0.0381;0.8605;-1.0644;1.1098;1.0606;-11.1802;8.0622;358.6760;357.5132;6.0545;184.0316;356.2772;3.4870
0.1665;0.6247;False;False;1.2000;-1.4504;-0.0625;-0.0207;-11.0866;8.2110;359.8988;359.7834;358.3592;183.3919;359.9805;0.0005;-0.1677;0.0035;0.0096;2.5585;-2.3049;-0.0942;173331;71.6809;Infinity;2409.13;0.9500;-0.7496;1.0861;1.4547;-11.0818;7.9002;354.8589;352.3355;45.8289;189.6198;354.3950;359.1638;LeftFalse_RightTrue;LeftFalse_RightTrue;HandLeft_(-0.4, -0.4, -0.1)_(-0.1, -0.6, 0.8, 0.1)_1.012537_System.String[];HandLeft_(0.2, -0.8, -0.1)_(0.5, 0.7, -0.5, 0.2)_0.9825718_System.String[];HandRight_(-0.3, -0.3, -0.3)_(0.2, 0.3, 0.5, -0.8)_1.012537_System.String[];HandRight_(0.5, -0.6, -0.2)_(0.1, -0.4, -0.5, 0.8)_0.9825718_System.String[];44.1948;-0.0229;0.0381;0.8579;-1.0682;1.1097;1.0610;-11.0732;7.9674;358.7835;357.5501;6.3797;182.0448;356.1702;3.7953
0.1689;0.6078;False;False;1.1961;-1.4576;-0.0623;-0.0202;-10.9796;8.1131;359.8955;359.7633;358.3172;183.4548;359.9810;0.0004;-0.1737;0.0035;0.0100;2.5558;-2.3555;-0.0947;173334;71.72128;Infinity;2409.18;0.9460;-0.7571;1.0863;1.4552;-10.9743;7.8022;354.8564;352.3152;45.7860;189.6830;354.3929;359.1614;LeftFalse_RightTrue;LeftFalse_RightTrue;HandLeft_(-0.4, -0.4, -0.1)_(-0.1, -0.6, 0.8, 0.1)_1.012537_System.String[];HandLeft_(0.2, -0.8, -0.1)_(0.5, 0.7, -0.5, 0.2)_0.9825718_System.String[];HandRight_(-0.3, -0.3, -0.3)_(0.3, 0.3, 0.5, -0.8)_1.012537_System.String[];HandRight_(0.5, -0.6, -0.2)_(0.1, -0.4, -0.5, 0.8)_0.9825718_System.String[];44.2368;-0.0197;0.0381;0.8552;-1.0717;1.1097;1.0614;-10.9654;7.8697;358.8718;357.6064;6.7084;179.4897;356.1194;4.1417
0.1679;0.5930;False;False;1.1922;-1.4650;-0.0622;-0.0198;-10.8731;8.0134;359.8921;359.7442;358.2793;183.5188;359.9825;0.0006;-0.1797;0.0037;0.0103;2.5533;-2.4039;-0.0942;173337;71.86027;Infinity;2409.22;0.9420;-0.7647;1.0864;1.4557;-10.8681;7.7030;354.8533;352.2959;45.7467;189.7469;354.3911;359.1594;LeftFalse_RightTrue;LeftFalse_RightTrue;HandLeft_(-0.4, -0.4, -0.1)_(-0.1, -0.6, 0.8, 0.1)_1.012537_System.String[];HandLeft_(0.2, -0.8, -0.1)_(0.5, 0.7, -0.5, 0.2)_0.9825718_System.String[];HandRight_(-0.3, -0.3, -0.3)_(0.3, 0.3, 0.4, -0.8)_1.012537_System.String[];HandRight_(0.5, -0.6, -0.2)_(0.1, -0.4, -0.5, 0.8)_0.9825718_System.String[];44.2786;-0.0154;0.0381;0.8526;-1.0751;1.1098;1.0618;-10.8590;7.7711;358.9815;357.6500;7.0665;176.7215;356.0684;4.5257
0.1620;0.5805;False;False;1.1883;-1.4727;-0.0620;-0.0194;-10.7660;7.9110;359.8891;359.7255;358.2469;183.5846;359.9847;0.0010;-0.1856;0.0039;0.0105;2.5507;-2.4504;-0.0925;173340;71.66073;Infinity;2409.26;0.9380;-0.7727;1.0866;1.4562;-10.7613;7.6010;354.8497;352.2772;45.7125;189.8124;354.3902;359.1577;LeftFalse_RightTrue;LeftFalse_RightTrue;HandLeft_(-0.4, -0.4, -0.1)_(-0.1, -0.6, 0.8, 0.1)_1.012537_System.String[];HandLeft_(0.2, -0.8, -0.1)_(0.5, 0.7, -0.5, 0.2)_0.9825718_System.String[];HandRight_(-0.3, -0.3, -0.3)_(0.3, 0.3, 0.5, -0.8)_1.012537_System.String[];HandRight_(0.5, -0.7, -0.2)_(-0.1, -0.4, -0.5, 0.7)_0.9825718_System.String[];44.3206;-0.0100;0.0381;0.8504;-1.0788;1.1098;1.0622;-10.7521;7.6698;358.9933;357.6470;7.5943;174.0117;355.9926;4.8251
0.1446;0.5702;False;False;1.1845;-1.4807;-0.0618;-0.0189;-10.6592;7.8067;359.8867;359.7072;358.2228;183.6514;359.9875;0.0014;-0.1946;0.0041;0.0108;2.5452;-2.5175;-0.0881;173343;71.6929;Infinity;2409.30;0.9341;-0.7810;1.0867;1.4568;-10.6544;7.4968;354.8460;352.2588;45.6854;189.8792;354.3900;359.1561;LeftFalse_RightTrue;LeftFalse_RightTrue;HandLeft_(-0.4, -0.4, -0.1)_(-0.1, -0.6, 0.8, 0.2)_1.012537_System.String[];HandLeft_(0.2, -0.8, -0.1)_(0.5, 0.7, -0.5, 0.2)_0.9825718_System.String[];HandRight_(-0.3, -0.3, -0.3)_(0.3, 0.3, 0.4, -0.8)_1.012537_System.String[];HandRight_(0.5, -0.7, -0.2)_(-0.1, -0.4, -0.5, 0.7)_0.9825718_System.String[];44.3623;-0.0039;0.0381;0.8485;-1.0828;1.1099;1.0625;-10.6454;7.5667;358.9716;357.6372;8.3347;171.4651;355.9156;5.1672
0.1169;0.5603;False;False;1.1809;-1.4889;-0.0617;-0.0185;-10.5530;7.7009;359.8848;359.6890;358.2073;183.7192;359.9906;0.0018;-0.2007;0.0042;0.0109;2.5387;-2.5606;-0.0838;173346;71.75853;Infinity;2409.34;0.9304;-0.7895;1.0869;1.4573;-10.5485;7.3916;354.8424;352.2408;45.6669;189.9466;354.3904;359.1545;LeftFalse_RightTrue;LeftFalse_RightTrue;HandLeft_(-0.4, -0.4, -0.1)_(-0.2, -0.6, 0.8, 0.2)_1.012537_System.String[];HandLeft_(0.2, -0.8, -0.1)_(0.5, 0.7, -0.4, 0.2)_0.9825718_System.String[];HandRight_(-0.3, -0.3, -0.3)_(0.3, 0.3, 0.4, -0.8)_1.012537_System.String[];HandRight_(0.5, -0.6, -0.2)_(0.0, -0.4, -0.5, 0.8)_0.9825718_System.String[];44.4041;0.0025;0.0381;0.8464;-1.0870;1.1100;1.0629;-10.5397;7.4628;358.9619;357.5851;9.0304;168.9487;355.8395;5.4200
0.0865;0.5462;False;False;1.1775;-1.4974;-0.0615;-0.0180;-10.4471;7.5932;359.8836;359.6708;358.2020;183.7881;359.9940;0.0022;-0.2068;0.0042;0.0110;2.5287;-2.6021;-0.0788;173349;71.8034;Infinity;2409.39;0.9269;-0.7983;1.0870;1.4579;-10.4424;7.2840;354.8390;352.2226;45.6579;190.0155;354.3916;359.1529;LeftFalse_RightTrue;LeftFalse_RightTrue;HandLeft_(-0.4, -0.4, -0.1)_(-0.2, -0.5, 0.8, 0.2)_1.012537_System.String[];HandLeft_(0.2, -0.8, -0.1)_(0.4, 0.7, -0.5, 0.2)_0.9825718_System.String[];HandRight_(-0.3, -0.4, -0.3)_(0.3, 0.3, 0.4, -0.8)_1.012537_System.String[];HandRight_(0.5, -0.6, -0.2)_(0.1, -0.5, -0.4, 0.8)_0.9825718_System.String[];44.4458;0.0083;0.0381;0.8443;-1.0912;1.1101;1.0632;-10.4338;7.3565;358.9340;357.5223;9.5079;166.2749;355.7343;5.6223
0.0631;0.5220;False;False;1.1743;-1.5062;-0.0613;-0.0176;-10.3416;7.4836;359.8833;359.6526;358.2068;183.8582;-0.0025;0.0025;-0.2129;0.0042;0.0110;2.5155;-2.6415;-0.0735;173352;71.74477;Infinity;2409.43;0.9235;-0.8073;1.0872;1.4584;-10.3370;7.1749;354.8360;352.2045;45.6592;190.0852;354.3936;359.1512;LeftFalse_RightTrue;LeftFalse_RightTrue;HandLeft_(-0.4, -0.4, -0.1)_(-0.2, -0.5, 0.8, 0.2)_1.012537_System.String[];HandLeft_(0.2, -0.8, -0.1)_(0.4, 0.7, -0.5, 0.2)_0.9825718_System.String[];HandRight_(-0.3, -0.4, -0.3)_(0.3, 0.3, 0.4, -0.8)_1.012537_System.String[];HandRight_(0.5, -0.6, -0.2)_(0.0, -0.4, -0.5, 0.8)_0.9825718_System.String[];44.4878;0.0137;0.0381;0.8423;-1.0951;1.1102;1.0635;-10.3288;7.2491;358.8674;357.5115;9.8298;163.1298;355.6211;5.7778
0.0482;0.4762;False;False;1.1714;-1.5152;-0.0611;-0.0171;-10.2370;7.3726;359.8838;359.6344;358.2208;183.9291;0.0007;0.0030;-0.2187;0.0042;0.0111;2.5004;-2.6775;-0.0684;173355;71.83817;Infinity;2409.47;0.9205;-0.8166;1.0874;1.4590;-10.2318;7.0639;354.8337;352.1863;45.6700;190.1562;354.3960;359.1497;LeftFalse_RightTrue;LeftFalse_RightTrue;HandLeft_(-0.4, -0.4, -0.1)_(-0.2, -0.5, 0.8, 0.2)_1.012537_System.String[];HandLeft_(0.2, -0.8, -0.1)_(0.4, 0.7, -0.5, 0.2)_0.9825718_System.String[];HandRight_(-0.3, -0.4, -0.3)_(0.4, 0.4, 0.4, -0.7)_1.012537_System.String[];HandRight_(0.4, -0.6, -0.1)_(-0.1, -0.4, -0.5, 0.8)_0.9825718_System.String[];44.5293;0.0185;0.0377;0.8404;-1.0987;1.1103;1.0637;-10.2241;7.1399;358.8371;357.5579;10.0547;159.4154;355.4915;5.9112
0.0395;0.4011;False;False;1.1686;-1.5244;-0.0610;-0.0166;-10.1332;7.2604;359.8846;359.6166;358.2432;184.0002;0.0036;0.0033;-0.2238;0.0042;0.0111;2.4839;-2.7071;-0.0630;173358;71.94154;Infinity;2409.51;0.9176;-0.8261;1.0875;1.4595;-10.1277;6.9516;354.8321;352.1684;45.6894;190.2276;354.3986;359.1481;LeftFalse_RightTrue;LeftFalse_RightTrue;HandLeft_(-0.4, -0.4, -0.1)_(-0.3, -0.5, 0.8, 0.3)_1.012537_System.String[];HandLeft_(0.2, -0.8, -0.1)_(0.4, 0.8, -0.4, 0.3)_0.9825718_System.String[];HandRight_(-0.3, -0.4, -0.2)_(0.4, 0.4, 0.5, -0.7)_1.012537_System.String[];HandRight_(0.5, -0.6, -0.1)_(-0.2, -0.3, -0.5, 0.8)_0.9825718_System.String[];44.5710;0.0229;0.0365;0.8388;-1.1025;1.1104;1.0642;-10.1201;7.0298;358.7753;357.5742;10.2587;155.4322;355.3672;6.1072
0.0349;0.2985;False;False;1.1661;-1.5339;-0.0608;-0.0162;-10.0290;7.1458;359.8858;359.5996;358.2741;184.0713;0.0061;0.0032;-0.2274;0.0042;0.0111;2.4666;-2.7267;-0.0574;173361;71.57564;Infinity;2409.55;0.9150;-0.8360;1.0877;1.4601;-10.0233;6.8372;354.8309;352.1511;45.7172;190.2993;354.4012;359.1463;LeftFalse_RightTrue;LeftFalse_RightTrue;HandLeft_(-0.4, -0.4, -0.1)_(-0.3, -0.5, 0.8, 0.3)_1.012537_System.String[];HandLeft_(0.2, -0.8, -0.1)_(0.4, 0.7, -0.4, 0.3)_0.9825718_System.String[];HandRight_(-0.3, -0.4, -0.2)_(0.4, 0.4, 0.5, -0.7)_1.012537_System.String[];HandRight_(0.5, -0.6, -0.2)_(0.0, -0.2, -0.5, 0.8)_0.9825718_System.String[];44.6130;0.0277;0.0345;0.8376;-1.1070;1.1105;1.0649;-10.0160;6.9174;358.7255;357.3312;10.5335;151.6319;355.2578;6.3619
0.0319;0.2176;False;False;1.1639;-1.5435;-0.0606;-0.0157;-9.9267;7.0319;359.8870;359.5844;358.3123;184.1393;0.0083;0.0028;-0.2299;0.0042;0.0111;2.4490;-2.7360;-0.0520;173364;71.79435;Infinity;2409.59;0.9126;-0.8459;1.0879;1.4606;-9.9203;6.7227;354.8299;352.1354;45.7528;190.3686;354.4037;359.1442;LeftFalse_RightTrue;LeftFalse_RightTrue;HandLeft_(-0.4, -0.3, -0.1)_(-0.3, -0.5, 0.8, 0.3)_1.012537_System.String[];HandLeft_(0.2, -0.8, -0.1)_(0.4, 0.7, -0.4, 0.3)_0.9825718_System.String[];HandRight_(-0.3, -0.4, -0.2)_(0.4, 0.3, 0.5, -0.7)_1.012537_System.String[];HandRight_(0.5, -0.6, -0.2)_(0.0, -0.3, -0.6, 0.8)_0.9825718_System.String[];44.6548;0.0327;0.0323;0.8367;-1.1124;1.1110;1.0656;-9.9133;6.8049;358.6548;357.0543;10.8716;148.4388;355.1618;6.4699
0.0297;0.1587;False;False;1.1619;-1.5532;-0.0604;-0.0152;-9.8243;6.9169;359.8882;359.5707;358.3583;184.2045;0.0104;0.0020;-0.2311;0.0041;0.0111;2.4312;-2.7362;-0.0459;173367;71.64352;Infinity;2409.64;0.9105;-0.8560;1.0880;1.4612;-9.8174;6.6072;354.8292;352.1214;45.7962;190.4353;354.4060;359.1419;LeftFalse_RightTrue;LeftFalse_RightTrue;HandLeft_(-0.4, -0.3, -0.1)_(-0.3, -0.5, 0.8, 0.3)_1.012537_System.String[];HandLeft_(0.2, -0.7, -0.1)_(0.4, 0.7, -0.5, 0.3)_0.9825718_System.String[];HandRight_(-0.3, -0.4, -0.2)_(0.4, 0.4, 0.5, -0.7)_1.012537_System.String[];HandRight_(0.5, -0.6, -0.2)_(0.1, -0.5, -0.5, 0.7)_0.9825718_System.String[];44.6968;0.0383;0.0307;0.8363;-1.1192;1.1113;1.0664;-9.8108;6.6911;358.5237;356.9565;11.3390;145.8598;355.0897;6.4344
0.0240;0.1157;False;False;1.1602;-1.5628;-0.0603;-0.0148;-9.7235;6.8030;359.8890;359.5584;358.4122;184.2655;0.0125;0.0009;-0.2318;0.0041;0.0111;2.4132;-2.7297;-0.0391;173370;71.82659;Infinity;2409.68;0.9087;-0.8660;1.0882;1.4617;-9.7161;6.4927;354.8283;352.1089;45.8472;190.4977;354.4081;359.1395;LeftFalse_RightTrue;LeftFalse_RightTrue;HandLeft_(-0.4, -0.3, -0.1)_(-0.3, -0.5, 0.8, 0.3)_1.012537_System.String[];HandLeft_(0.2, -0.8, -0.1)_(0.4, 0.7, -0.5, 0.3)_0.9825718_System.String[];HandRight_(-0.3, -0.4, -0.2)_(0.4, 0.4, 0.5, -0.7)_1.012537_System.String[];HandRight_(0.5, -0.6, -0.2)_(0.1, -0.5, -0.5, 0.7)_0.9825718_System.String[];44.7385;0.0448;0.0305;0.8365;-1.1268;1.1116;1.0670;-9.7098;6.5780;358.4523;356.9742;11.9373;144.2417;354.9858;6.6297
0.0175;0.0843;False;False;1.1588;-1.5726;-0.0601;-0.0143;-9.6226;6.6885;359.8897;359.5468;358.4761;184.3245;0.0149;0.0000;-0.2327;0.0041;0.0110;2.3947;-2.7181;-0.0315;173373;71.6142;Infinity;2409.72;0.9072;-0.8761;1.0883;1.4623;-9.6151;6.3781;354.8271;352.0973;45.9076;190.5575;354.4102;359.1373;LeftFalse_RightTrue;LeftFalse_RightTrue;HandLeft_(-0.4, -0.3, -0.1)_(-0.3, -0.5, 0.8, 0.3)_1.012537_System.String[];HandLeft_(0.2, -0.7, -0.1)_(0.4, 0.7, -0.5, 0.3)_0.9825718_System.String[];HandRight_(-0.3, -0.4, -0.2)_(0.4, 0.4, 0.5, -0.7)_1.012537_System.String[];HandRight_(0.5, -0.6, -0.2)_(0.1, -0.5, -0.5, 0.7)_0.9825718_System.String[];44.7805;0.0519;0.0305;0.8371;-1.1351;1.1117;1.0676;-9.6092;6.4642;358.3734;356.9930;12.6421;143.2816;354.9361;6.8740
0.0127;0.0615;False;False;1.1577;-1.5824;-0.0599;-0.0140;-9.5235;6.5757;359.8903;359.5406;358.5499;184.3819;0.0176;0.0087;-0.2336;0.0040;0.0050;2.3658;-2.6963;-0.0191;173376;71.78569;Infinity;2409.76;0.9061;-0.8861;1.0885;1.4626;-9.5150;6.2642;354.8256;352.0884;45.9778;190.6148;354.4124;359.1416;LeftFalse_RightTrue;LeftFalse_RightTrue;HandLeft_(-0.4, -0.3, -0.1)_(-0.3, -0.5, 0.8, 0.2)_1.012537_System.String[];HandLeft_(0.2, -0.8, -0.1)_(0.4, 0.7, -0.5, 0.3)_0.9825718_System.String[];HandRight_(-0.3, -0.4, -0.2)_(0.4, 0.4, 0.5, -0.7)_1.012537_System.String[];HandRight_(0.5, -0.6, -0.2)_(0.1, -0.5, -0.5, 0.7)_0.9825718_System.String[];44.8223;0.0597;0.0311;0.8378;-1.1440;1.1119;1.0676;-9.5094;6.3510;358.2929;357.0844;13.2440;142.8700;354.8538;6.9799
0.0093;0.0448;False;False;1.1571;-1.5922;-0.0598;-0.0138;-9.4242;6.4625;359.8904;359.5416;358.6347;184.4391;0.0208;0.0128;-0.2351;0.0057;0.0021;2.3456;-2.6794;-0.0099;173379;71.6106;Infinity;2409.80;0.9053;-0.8961;1.0887;1.4628;-9.4151;6.1501;354.8240;352.0862;46.0587;190.6714;354.4145;359.1476;LeftFalse_RightTrue;LeftFalse_RightTrue;HandLeft_(-0.4, -0.3, -0.1)_(-0.3, -0.4, 0.8, 0.2)_1.012537_System.String[];HandLeft_(0.2, -0.8, -0.1)_(0.4, 0.7, -0.5, 0.3)_0.9825718_System.String[];HandRight_(-0.3, -0.4, -0.2)_(0.4, 0.4, 0.5, -0.7)_1.012537_System.String[];HandRight_(0.5, -0.6, -0.2)_(0.1, -0.5, -0.5, 0.7)_0.9825718_System.String[];44.8643;0.0685;0.0329;0.8389;-1.1536;1.1123;1.0676;-9.4097;6.2373;358.2011;357.1381;13.7696;142.8724;354.7130;6.8551
0.0068;0.0327;False;False;1.1569;-1.6022;-0.0594;-0.0137;-9.3259;6.3501;359.8845;359.5466;358.7320;184.4972;0.0287;0.0153;-0.2375;0.0098;0.0003;2.3238;-2.6608;0.0007;173382;71.48935;Infinity;2409.85;0.9049;-0.9063;1.0889;1.4628;-9.3163;6.0369;354.8165;352.0898;46.1513;190.7284;354.4170;359.1509;LeftFalse_RightTrue;LeftFalse_RightTrue;HandLeft_(-0.4, -0.3, -0.1)_(-0.3, -0.4, 0.8, 0.2)_1.012537_System.String[];HandLeft_(0.2, -0.7, -0.1)_(0.4, 0.7, -0.5, 0.3)_0.9825718_System.String[];HandRight_(-0.3, -0.4, -0.2)_(0.4, 0.4, 0.5, -0.7)_1.012537_System.String[];HandRight_(0.5, -0.6, -0.2)_(0.0, -0.5, -0.5, 0.7)_0.9825718_System.String[];44.9063;0.0783;0.0355;0.8409;-1.1648;1.1128;1.0676;-9.3111;6.1235;358.0548;357.1324;14.3882;143.7183;354.5299;6.5760
0.0049;-0.0079;False;False;1.1572;-1.6123;-0.0590;-0.0137;-9.2279;6.2380;359.8720;359.5537;358.8425;184.5580;0.0338;0.0171;-0.2405;0.0123;-0.0007;2.3020;-2.6413;0.0118;173385;71.26672;Infinity;2409.89;0.9049;-0.9167;1.0893;1.4628;-9.2178;5.9236;354.8051;352.0961;46.2578;190.7879;354.4131;359.1536;LeftFalse_RightTrue;LeftFalse_RightTrue;HandLeft_(-0.4, -0.3, -0.1)_(-0.3, -0.4, 0.8, 0.2)_1.012537_System.String[];HandLeft_(0.2, -0.7, -0.1)_(0.4, 0.7, -0.5, 0.3)_0.9825718_System.String[];HandRight_(-0.3, -0.4, -0.2)_(0.4, 0.4, 0.5, -0.7)_1.012537_System.String[];HandRight_(0.5, -0.6, -0.2)_(0.0, -0.5, -0.5, 0.7)_0.9825718_System.String[];44.9485;0.0879;0.0395;0.8438;-1.1784;1.1133;1.0679;-9.2131;6.0083;357.9154;357.1695;15.3401;146.2535;354.3772;6.1948
0.0036;-0.1255;False;False;1.1579;-1.6225;-0.0584;-0.0138;-9.1315;6.1276;359.8558;359.5621;358.9656;184.6228;0.0379;0.0190;-0.2430;0.0137;-0.0012;2.2800;-2.6044;0.0234;173388;71.32352;Infinity;2409.93;0.9055;-0.9272;1.0898;1.4627;-9.1207;5.8116;354.7916;352.1036;46.3773;190.8507;354.4048;359.1563;LeftFalse_RightTrue;LeftFalse_RightTrue;HandLeft_(-0.4, -0.3, -0.1)_(-0.3, -0.4, 0.8, 0.2)_1.012537_System.String[];HandLeft_(0.2, -0.7, -0.1)_(0.4, 0.7, -0.4, 0.3)_0.9825718_System.String[];HandRight_(-0.3, -0.4, -0.2)_(0.4, 0.4, 0.5, -0.7)_1.012537_System.String[];HandRight_(0.5, -0.6, -0.2)_(0.0, -0.5, -0.5, 0.7)_0.9825718_System.String[];44.9907;0.0964;0.0446;0.8477;-1.1952;1.1139;1.0679;-9.1167;5.8933;357.8298;357.2567;16.7129;151.4268;354.2871;6.2130
0.0026;-0.2096;False;False;1.1591;-1.6326;-0.0578;-0.0138;-9.0368;6.0206;359.8374;359.5756;359.1003;184.6924;0.0410;0.0184;-0.2434;0.0145;0.0009;2.2581;-2.5317;0.0349;173391;71.64605;Infinity;2409.97;0.9066;-0.9378;1.0904;1.4626;-9.0254;5.7024;354.7770;352.1141;46.5090;190.9182;354.3939;359.1593;LeftFalse_RightTrue;LeftFalse_RightTrue;HandLeft_(-0.4, -0.3, -0.1)_(-0.3, -0.4, 0.8, 0.2)_1.012537_System.String[];HandLeft_(0.2, -0.7, -0.1)_(0.4, 0.7, -0.4, 0.3)_0.9825718_System.String[];HandRight_(-0.3, -0.4, -0.2)_(0.4, 0.4, 0.5, -0.7)_1.012537_System.String[];HandRight_(0.5, -0.6, -0.2)_(0.0, -0.4, -0.5, 0.7)_0.9825718_System.String[];45.0322;0.1039;0.0507;0.8523;-1.2144;1.1147;1.0678;-9.0222;5.7812;357.7646;357.3555;18.3007;158.5768;354.1920;6.4984
0.0019;-0.2447;False;False;1.1609;-1.6427;-0.0572;-0.0137;-8.9428;5.9171;359.8177;359.5984;359.2469;184.7676;0.0434;0.0095;-0.2424;0.0148;0.0027;2.2362;-2.4350;0.0461;173394;71.68497;Infinity;2410.01;0.9082;-0.9486;1.0910;1.4626;-8.9308;5.5960;354.7620;352.1349;46.6530;190.9921;354.3814;359.1542;LeftFalse_RightTrue;LeftFalse_RightTrue;HandLeft_(-0.4, -0.3, -0.1)_(-0.3, -0.4, 0.9, 0.2)_1.012537_System.String[];HandLeft_(0.2, -0.7, -0.1)_(0.4, 0.7, -0.4, 0.3)_0.9825718_System.String[];HandRight_(-0.3, -0.5, -0.2)_(0.4, 0.4, 0.5, -0.7)_1.012537_System.String[];HandRight_(0.5, -0.6, -0.2)_(0.1, -0.4, -0.6, 0.7)_0.9825718_System.String[];45.0742;0.1105;0.0569;0.8577;-1.2362;1.1157;1.0681;-8.9283;5.6726;357.7130;357.1998;19.8571;167.2416;354.1198;6.8474
0.0014;-0.2195;False;False;1.1631;-1.6527;-0.0566;-0.0135;-8.8497;5.8182;359.7975;359.6304;359.4027;184.8487;0.0448;0.0067;-0.2395;0.0149;0.0072;2.2144;-2.3307;0.0563;173397;71.73423;Infinity;2410.06;0.9104;-0.9593;1.0916;1.4627;-8.8372;5.4939;354.7471;352.1645;46.8075;191.0717;354.3677;359.1516;LeftFalse_RightTrue;LeftFalse_RightTrue;HandLeft_(-0.4, -0.3, -0.1)_(-0.3, -0.4, 0.8, 0.2)_1.012537_System.String[];HandLeft_(0.2, -0.7, -0.1)_(0.5, 0.8, -0.3, 0.3)_0.9825718_System.String[];HandRight_(-0.3, -0.5, -0.2)_(0.4, 0.4, 0.5, -0.7)_1.012537_System.String[];HandRight_(0.5, -0.6, -0.2)_(-0.1, -0.3, -0.6, 0.8)_0.9825718_System.String[];45.1160;0.1169;0.0639;0.8633;-1.2588;1.1165;1.0687;-8.8352;5.5700;357.6958;356.8782;21.2601;176.3695;354.0093;7.1043
0.0010;-0.1856;False;False;1.1657;-1.6627;-0.0560;-0.0131;-8.7579;5.7239;359.7773;359.6657;359.5663;184.9359;0.0456;0.0065;-0.2382;0.0148;0.0090;2.1927;-2.2368;0.0666;173400;71.86673;Infinity;2410.10;0.9130;-0.9699;1.0923;1.4629;-8.7448;5.3964;354.7327;352.1993;46.9698;191.1563;354.3534;359.1548;LeftFalse_RightTrue;LeftFalse_RightTrue;HandLeft_(-0.4, -0.3, -0.1)_(-0.3, -0.4, 0.8, 0.2)_1.012537_System.String[];HandLeft_(0.2, -0.7, -0.1)_(0.5, 0.8, -0.3, 0.2)_0.9825718_System.String[];HandRight_(-0.3, -0.5, -0.2)_(0.4, 0.4, 0.4, -0.7)_1.012537_System.String[];HandRight_(0.5, -0.6, -0.2)_(-0.1, -0.3, -0.6, 0.8)_0.9825718_System.String[];45.1575;0.1223;0.0721;0.8691;-1.2816;1.1172;1.0694;-8.7435;5.4734;357.7219;356.5381;22.5079;185.4828;353.8672;7.0732
0.0007;-0.1670;False;False;1.1688;-1.6726;-0.0554;-0.0127;-8.6667;5.6329;359.7572;359.6998;359.7378;185.0314;0.0460;0.0073;-0.2388;0.0147;0.0101;2.1711;-2.1543;0.0765;173403;71.76905;Infinity;2410.14;0.9160;-0.9805;1.0929;1.4631;-8.6532;5.3025;354.7188;352.2337;47.1400;191.2482;354.3388;359.1591;LeftFalse_RightTrue;LeftFalse_RightTrue;HandLeft_(-0.4, -0.3, -0.1)_(-0.3, -0.4, 0.8, 0.2)_1.012537_System.String[];HandLeft_(0.2, -0.7, -0.1)_(0.5, 0.7, -0.4, 0.2)_0.9825718_System.String[];HandRight_(-0.3, -0.5, -0.2)_(0.4, 0.4, 0.4, -0.7)_1.012537_System.String[];HandRight_(0.5, -0.7, -0.2)_(0.0, -0.3, -0.6, 0.7)_0.9825718_System.String[];45.1995;0.1271;0.0825;0.8751;-1.3037;1.1178;1.0703;-8.6524;5.3819;357.8010;356.1990;23.6031;194.1365;353.7141;6.7450
0.0005;-0.1760;False;False;1.1723;-1.6826;-0.0548;-0.0123;-8.5768;5.5457;359.7380;359.7307;359.9149;185.1366;0.0457;0.0090;-0.2417;0.0146;0.0107;2.1388;-2.0385;0.0904;173406;71.88595;Infinity;2410.18;0.9195;-0.9911;1.0935;1.4633;-8.5623;5.2120;354.7056;352.2654;47.3169;191.3495;354.3243;359.1641;LeftFalse_RightTrue;LeftFalse_RightTrue;HandLeft_(-0.4, -0.3, -0.1)_(-0.3, -0.4, 0.8, 0.2)_1.012537_System.String[];HandLeft_(0.2, -0.7, -0.1)_(0.5, 0.7, -0.4, 0.2)_0.9825718_System.String[];HandRight_(-0.3, -0.5, -0.2)_(0.4, 0.4, 0.4, -0.7)_1.012537_System.String[];HandRight_(0.5, -0.7, -0.2)_(0.0, -0.4, -0.6, 0.7)_0.9825718_System.String[];45.2410;0.1314;0.0950;0.8815;-1.3243;1.1185;1.0712;-8.5619;5.2944;357.8378;355.8056;24.5510;201.7665;353.5386;6.3114
0.0004;-0.1965;False;False;1.1762;-1.6928;-0.0542;-0.0118;-8.4877;5.4618;359.7193;359.7588;0.0970;185.2521;0.0448;0.0110;-0.2441;0.0144;0.0106;2.1175;-1.9570;0.0998;173409;71.87592;Infinity;2410.22;0.9235;-1.0020;1.0942;1.4636;-8.4726;5.1249;354.6934;352.2940;47.4986;191.4607;354.3099;359.1692;LeftFalse_RightTrue;LeftFalse_RightTrue;HandLeft_(-0.4, -0.3, -0.1)_(-0.3, -0.3, 0.8, 0.2)_1.012537_System.String[];HandLeft_(0.2, -0.7, -0.1)_(0.5, 0.7, -0.4, 0.2)_0.9825718_System.String[];HandRight_(-0.3, -0.5, -0.2)_(0.4, 0.4, 0.4, -0.7)_1.012537_System.String[];HandRight_(0.5, -0.7, -0.1)_(0.0, -0.5, -0.6, 0.7)_0.9825718_System.String[];45.2827;0.1355;0.1079;0.8877;-1.3433;1.1191;1.0721;-8.4724;5.2109;357.8621;355.3885;25.3522;208.0665;353.3902;6.0696
0.0003;-0.2010;False;False;1.1805;-1.7030;-0.0536;-0.0114;-8.3995;5.3815;359.7011;359.7846;0.2836;185.3788;0.0434;0.0133;-0.2460;0.0142;0.0103;2.0963;-1.8713;0.1085;173412;71.8966;Infinity;2410.26;0.9278;-1.0129;1.0948;1.4638;-8.3836;5.0411;354.6819;352.3202;47.6852;191.5831;354.2955;359.1743;LeftFalse_RightTrue;LeftFalse_RightTrue;HandLeft_(-0.4, -0.3, -0.1)_(-0.3, -0.3, 0.9, 0.3)_1.012537_System.String[];HandLeft_(0.2, -0.7, -0.1)_(0.6, 0.7, -0.4, 0.2)_0.9825718_System.String[];HandRight_(-0.3, -0.5, -0.2)_(0.5, 0.4, 0.4, -0.7)_1.012537_System.String[];HandRight_(0.5, -0.7, -0.1)_(0.0, -0.5, -0.5, 0.6)_0.9825718_System.String[];45.3245;0.1403;0.1213;0.8942;-1.3607;1.1197;1.0727;-8.3837;5.1307;357.9475;355.0235;25.9585;213.0618;353.2660;5.9850
0.0002;-0.2014;False;False;1.1851;-1.7133;-0.0530;-0.0110;-8.3122;5.3049;359.6834;359.8086;0.4751;185.5166;0.0422;0.0155;-0.2478;0.0140;0.0098;2.0752;-1.7851;0.1176;173415;71.8376;Infinity;2410.31;0.9325;-1.0241;1.0954;1.4641;-8.2956;4.9611;354.6708;352.3444;47.8759;191.7162;354.2814;359.1793;LeftFalse_RightTrue;LeftFalse_RightTrue;HandLeft_(-0.4, -0.3, -0.1)_(-0.3, -0.3, 0.9, 0.3)_1.012537_System.String[];HandLeft_(0.2, -0.7, -0.1)_(0.6, 0.6, -0.5, 0.1)_0.9825718_System.String[];HandRight_(-0.3, -0.5, -0.2)_(0.5, 0.4, 0.4, -0.7)_1.012537_System.String[];HandRight_(0.5, -0.7, -0.1)_(-0.1, -0.6, -0.5, 0.6)_0.9825718_System.String[];45.3662;0.1453;0.1357;0.9006;-1.3768;1.1203;1.0730;-8.2957;5.0544;358.0206;354.8275;26.3835;217.0010;353.1642;5.9206
0.0002;-0.2056;False;False;1.1903;-1.7237;-0.0524;-0.0106;-8.2253;5.2316;359.6660;359.8305;0.6726;185.6658;0.0410;0.0174;-0.2496;0.0137;0.0093;2.0541;-1.6994;0.1268;173418;71.63891;Infinity;2410.35;0.9376;-1.0354;1.0960;1.4644;-8.2080;4.8843;354.6598;352.3667;48.0730;191.8612;354.2676;359.1838;LeftFalse_RightTrue;LeftFalse_RightTrue;HandLeft_(-0.4, -0.3, -0.1)_(-0.4, -0.3, 0.8, 0.3)_1.012537_System.String[];HandLeft_(0.2, -0.7, -0.1)_(0.6, 0.6, -0.5, 0.1)_0.9825718_System.String[];HandRight_(-0.3, -0.5, -0.2)_(0.5, 0.4, 0.4, -0.7)_1.012537_System.String[];HandRight_(0.5, -0.7, -0.1)_(-0.1, -0.6, -0.5, 0.6)_0.9825718_System.String[];45.4082;0.1505;0.1509;0.9070;-1.3919;1.1210;1.0733;-8.2080;4.9810;358.0735;354.8039;26.5112;220.0544;353.1130;5.9146
0.0001;-0.2217;False;False;1.1957;-1.7341;-0.0518;-0.0102;-8.1400;5.1626;359.6493;359.8504;0.8734;185.8224;0.0403;0.0186;-0.2496;0.0133;0.0088;2.0333;-1.6114;0.1358;173421;71.81162;Infinity;2410.39;0.9432;-1.0469;1.0966;1.4646;-8.1216;4.8114;354.6490;352.3869;48.2739;192.0151;354.2544;359.1875;LeftFalse_RightTrue;LeftFalse_RightTrue;HandLeft_(-0.4, -0.3, -0.1)_(-0.4, -0.3, 0.8, 0.3)_1.012537_System.String[];HandLeft_(0.1, -0.7, -0.2)_(0.6, 0.6, -0.5, 0.1)_0.9825718_System.String[];HandRight_(-0.3, -0.5, -0.2)_(0.5, 0.4, 0.4, -0.7)_1.012537_System.String[];HandRight_(0.5, -0.7, -0.1)_(-0.1, -0.6, -0.5, 0.6)_0.9825718_System.String[];45.4500;0.1555;0.1665;0.9137;-1.4059;1.1215;1.0735;-8.1215;4.9113;358.0435;354.8472;26.5074;222.4275;353.0138;5.9813
0.0001;-0.2377;False;False;1.2016;-1.7445;-0.0513;-0.0099;-8.0557;5.0975;359.6331;359.8689;1.0786;185.9865;0.0400;0.0191;-0.2487;0.0130;0.0082;2.0126;-1.5194;0.1447;173424;71.90642;Infinity;2410.43;0.9490;-1.0583;1.0971;1.4649;-8.0364;4.7426;354.6382;352.4056;48.4788;192.1763;354.2421;359.1903;LeftFalse_RightTrue;LeftFalse_RightTrue;HandLeft_(-0.4, -0.3, -0.2)_(-0.4, -0.3, 0.8, 0.3)_1.012537_System.String[];HandLeft_(0.1, -0.8, -0.2)_(0.6, 0.5, -0.6, 0.1)_0.9825718_System.String[];HandRight_(-0.3, -0.5, -0.2)_(0.5, 0.4, 0.4, -0.7)_1.012537_System.String[];HandRight_(0.5, -0.7, -0.1)_(-0.1, -0.5, -0.5, 0.6)_0.9825718_System.String[];45.4917;0.1596;0.1835;0.9204;-1.4191;1.1221;1.0738;-8.0361;4.8452;358.0062;354.6921;26.5551;224.3404;352.9132;6.0735
0.0001;-0.2537;False;False;1.2078;-1.7548;-0.0507;-0.0095;-7.9722;5.0365;359.6172;359.8864;1.2881;186.1575;0.0396;0.0191;-0.2469;0.0128;0.0076;1.9921;-1.4220;0.1533;173427;71.94846;Infinity;2410.47;0.9553;-1.0698;1.0977;1.4651;-7.9520;4.6777;354.6277;352.4233;48.6881;192.3447;354.2300;359.1924;LeftFalse_RightTrue;LeftFalse_RightTrue;HandLeft_(-0.4, -0.3, -0.2)_(-0.4, -0.3, 0.8, 0.2)_1.012537_System.String[];HandLeft_(0.1, -0.8, -0.2)_(0.6, 0.5, -0.6, 0.1)_0.9825718_System.String[];HandRight_(-0.3, -0.5, -0.2)_(0.4, 0.4, 0.3, -0.7)_1.012537_System.String[];HandRight_(0.5, -0.7, -0.1)_(-0.2, -0.5, -0.5, 0.6)_0.9825718_System.String[];45.5332;0.1632;0.2048;0.9274;-1.4315;1.1227;1.0744;-7.9514;4.7828;358.0278;354.2942;26.7276;225.7092;352.8487;6.0044
0.0000;-0.2656;False;False;1.2144;-1.7650;-0.0502;-0.0092;-7.8896;4.9798;359.6016;359.9033;1.5008;186.3345;0.0391;0.0186;-0.2429;0.0126;0.0070;1.9717;-1.3223;0.1613;173430;71.9741;Infinity;2410.51;0.9620;-1.0813;1.0982;1.4653;-7.8685;4.6170;354.6174;352.4404;48.9010;192.5201;354.2181;359.1941;LeftFalse_RightTrue;LeftFalse_RightTrue;HandLeft_(-0.4, -0.3, -0.2)_(-0.4, -0.3, 0.8, 0.2)_1.012537_System.String[];HandLeft_(0.1, -0.8, -0.2)_(0.6, 0.5, -0.6, 0.1)_0.9825718_System.String[];HandRight_(-0.3, -0.5, -0.2)_(0.4, 0.5, 0.3, -0.7)_1.012537_System.String[];HandRight_(0.5, -0.7, -0.1)_(-0.2, -0.5, -0.5, 0.6)_0.9825718_System.String[];45.5750;0.1657;0.2274;0.9349;-1.4434;1.1229;1.0751;-7.8675;4.7243;358.0782;353.9020;26.9920;226.7818;352.8478;5.8608
0.0000;-0.2816;False;False;1.2213;-1.7750;-0.0497;-0.0090;-7.8078;4.9275;359.5862;359.9193;1.7153;186.5159;0.0382;0.0173;-0.2380;0.0124;0.0064;1.9516;-1.2179;0.1687;173433;71.98251;Infinity;2410.56;0.9690;-1.0926;1.0988;1.4656;-7.7859;4.5607;354.6075;352.4566;49.1161;192.7000;354.2061;359.1948;LeftFalse_RightTrue;LeftFalse_RightTrue;HandLeft_(-0.4, -0.3, -0.2)_(-0.4, -0.3, 0.8, 0.2)_1.012537_System.String[];HandLeft_(0.1, -0.8, -0.2)_(0.6, 0.5, -0.6, 0.1)_0.9825718_System.String[];HandRight_(-0.3, -0.5, -0.2)_(0.4, 0.5, 0.3, -0.7)_1.012537_System.String[];HandRight_(0.5, -0.8, -0.1)_(-0.2, -0.6, -0.5, 0.6)_0.9825718_System.String[];45.6167;0.1673;0.2507;0.9428;-1.4547;1.1232;1.0758;-7.7846;4.6699;358.1473;353.7842;27.3566;227.6247;352.8628;5.8412
0.0000;-0.2935;False;False;1.2285;-1.7847;-0.0492;-0.0087;-7.7269;4.8798;359.5710;359.9348;1.9308;186.6999;0.0370;0.0153;-0.2307;0.0122;0.0058;1.9317;-1.1100;0.1756;173436;71.96269;Infinity;2410.60;0.9763;-1.1038;1.0993;1.4658;-7.7040;4.5089;354.5980;352.4724;49.3327;192.8836;354.1941;359.1948;LeftFalse_RightTrue;LeftFalse_RightTrue;HandLeft_(-0.4, -0.3, -0.2)_(-0.4, -0.3, 0.8, 0.3)_1.012537_System.String[];HandLeft_(0.1, -0.8, -0.2)_(0.6, 0.5, -0.6, 0.1)_0.9825718_System.String[];HandRight_(-0.3, -0.5, -0.2)_(0.5, 0.4, 0.3, -0.7)_1.012537_System.String[];HandRight_(0.4, -0.8, -0.1)_(-0.4, -0.6, -0.5, 0.5)_0.9825718_System.String[];45.6584;0.1689;0.2728;0.9508;-1.4652;1.1236;1.0759;-7.7025;4.6197;358.2130;353.9565;27.7952;228.1962;352.8667;5.9060
0.0000;-0.3055;False;False;1.2361;-1.7941;-0.0487;-0.0085;-7.6465;4.8367;359.5560;359.9495;2.1477;186.8834;0.0356;0.0120;-0.2204;0.0121;0.0053;1.9120;-0.9995;0.1821;173439;71.77748;Infinity;2410.64;0.9840;-1.1146;1.0998;1.4659;-7.6228;4.4618;354.5888;352.4876;49.5502;193.0677;354.1820;359.1935;LeftFalse_RightTrue;LeftFalse_RightTrue;HandLeft_(-0.4, -0.3, -0.2)_(-0.4, -0.3, 0.8, 0.3)_1.012537_System.String[];HandLeft_(0.2, -0.6, -0.2)_(0.8, 0.4, -0.4, -0.1)_0.9825718_System.String[];HandRight_(-0.3, -0.5, -0.2)_(0.5, 0.4, 0.3, -0.7)_1.012537_System.String[];HandRight_(0.4, -0.8, -0.1)_(-0.4, -0.5, -0.5, 0.6)_0.9825718_System.String[];45.7002;0.1707;0.2953;0.9591;-1.4751;1.1241;1.0757;-7.6208;4.5736;358.2668;354.1744;28.2680;228.5865;352.8943;5.9696
0.0000;-0.3293;False;False;1.2440;-1.8028;-0.0482;-0.0083;-7.5669;4.7985;359.5411;359.9634;2.3648;187.0611;0.0340;0.0072;-0.1982;0.0117;0.0044;1.8826;-0.8293;0.1918;173442;71.72066;Infinity;2410.68;0.9920;-1.1250;1.1004;1.4661;-7.5421;4.4195;354.5798;352.5022;49.7688;193.2485;354.1699;359.1908;LeftFalse_RightTrue;LeftFalse_RightTrue;HandLeft_(-0.4, -0.3, -0.2)_(-0.4, -0.3, 0.8, 0.3)_1.012537_System.String[];HandLeft_(0.2, -0.6, -0.2)_(0.8, 0.4, -0.4, -0.1)_0.9825718_System.String[];HandRight_(-0.3, -0.5, -0.2)_(0.5, 0.4, 0.3, -0.7)_1.012537_System.String[];HandRight_(0.4, -0.8, -0.1)_(-0.4, -0.5, -0.5, 0.5)_0.9825718_System.String[];45.7422;0.1731;0.3173;0.9675;-1.4840;1.1246;1.0755;-7.5399;4.5315;358.3406;354.4306;28.7665;228.9187;352.9400;5.9752
0.0000;-0.3610;False;False;1.2520;-1.8108;-0.0477;-0.0081;-7.4886;4.7657;359.5266;359.9764;2.5810;187.2257;0.0321;0.0006;-0.1777;0.0115;0.0038;1.8633;-0.7069;0.1983;173445;71.85593;Infinity;2410.72;1.0002;-1.1346;1.1009;1.4663;-7.4629;4.3825;354.5713;352.5160;49.9859;193.4182;354.1578;359.1862;LeftFalse_RightTrue;LeftFalse_RightTrue;HandLeft_(-0.4, -0.3, -0.2)_(-0.4, -0.3, 0.8, 0.3)_1.012537_System.String[];HandLeft_(0.3, -0.6, -0.2)_(0.9, 0.3, -0.3, -0.2)_0.9825718_System.String[];HandRight_(-0.3, -0.5, -0.2)_(0.5, 0.4, 0.3, -0.7)_1.012537_System.String[];HandRight_(0.4, -0.8, 0.0)_(-0.5, -0.5, -0.4, 0.6)_0.9825718_System.String[];45.7839;0.1760;0.3383;0.9760;-1.4921;1.1251;1.0753;-7.4605;4.4948;358.4027;354.6082;29.2332;229.0908;353.0246;6.0712
0.0000;-0.3611;False;False;1.2604;-1.8178;-0.0472;-0.0079;-7.4112;4.7382;359.5125;359.9892;2.7982;187.3732;0.0302;359.9923;-0.1529;0.0114;0.0032;1.8439;-0.5799;0.2051;173448;71.92314;Infinity;2410.77;1.0087;-1.1432;1.1014;1.4665;-7.3846;4.3511;354.5631;352.5296;50.2038;193.5729;354.1460;359.1799;LeftFalse_RightTrue;LeftFalse_RightTrue;HandLeft_(-0.4, -0.3, -0.2)_(-0.4, -0.2, 0.8, 0.3)_1.012537_System.String[];HandLeft_(0.3, -0.5, -0.2)_(0.9, 0.2, -0.3, -0.2)_0.9825718_System.String[];HandRight_(-0.3, -0.5, -0.1)_(0.5, 0.4, 0.3, -0.7)_1.012537_System.String[];HandRight_(0.4, -0.8, 0.0)_(-0.5, -0.4, -0.4, 0.6)_0.9825718_System.String[];45.8254;0.1795;0.3567;0.9844;-1.4990;1.1255;1.0753;-7.3822;4.4631;358.3856;354.6308;29.6883;229.1128;353.0802;6.1785
0.0000;-0.3095;False;False;1.2685;-1.8237;-0.0445;-0.0078;-7.3339;4.7161;359.4019;0.0009;3.0148;187.4998;359.8399;359.9828;-0.1275;0.0812;0.0026;1.8225;-0.4629;0.2375;173451;71.90913;Infinity;2410.81;1.0190;-1.1507;1.1035;1.4667;-7.3077;4.3253;354.5937;352.5428;50.4310;193.7079;354.0320;359.1720;LeftFalse_RightTrue;LeftFalse_RightTrue;HandLeft_(-0.4, -0.3, -0.2)_(-0.4, -0.2, 0.8, 0.3)_1.012537_System.String[];HandLeft_(0.3, -0.5, -0.2)_(0.9, 0.1, -0.3, -0.1)_0.9825718_System.String[];HandRight_(-0.3, -0.5, -0.1)_(0.5, 0.4, 0.3, -0.7)_1.012537_System.String[];HandRight_(0.4, -0.8, 0.0)_(-0.5, -0.3, -0.4, 0.7)_0.9825718_System.String[];45.8672;0.1843;0.3755;0.9947;-1.5044;1.1276;1.0755;-7.3054;4.4367;358.3443;354.5602;30.0579;229.0166;353.0580;6.3000
0.0000;-0.2301;False;False;1.2782;-1.8285;-0.0393;-0.0077;-7.2569;4.6987;359.1829;0.0092;3.2371;187.6045;359.8614;359.9733;-0.1048;0.1239;0.0020;1.8075;-0.3659;0.2201;173454;71.94991;Infinity;2410.85;1.0303;-1.1569;1.1086;1.4669;-7.2336;4.3049;354.5471;352.5535;50.6691;193.8208;353.8140;359.1634;LeftFalse_RightTrue;LeftFalse_RightTrue;HandLeft_(-0.4, -0.3, -0.2)_(-0.4, -0.2, 0.8, 0.3)_1.012537_System.String[];HandLeft_(0.3, -0.5, -0.2)_(0.9, 0.1, -0.4, -0.1)_0.9825718_System.String[];HandRight_(-0.3, -0.5, -0.1)_(0.5, 0.4, 0.3, -0.7)_1.012537_System.String[];HandRight_(0.4, -0.8, 0.0)_(-0.6, -0.2, -0.3, 0.7)_0.9825718_System.String[];45.9089;0.1897;0.3945;1.0057;-1.5082;1.1328;1.0761;-7.2316;4.4151;358.2308;354.4466;30.3219;228.7732;352.9417;6.4721
0.0000;-0.1230;False;False;1.2880;-1.8324;-0.0350;-0.0077;-7.1806;4.6849;359.0065;0.0120;3.4662;187.6920;359.9456;359.9653;-0.0884;0.0779;0.0016;1.7915;-0.2973;0.2207;173457;71.85063;Infinity;2410.89;1.0381;-1.1620;1.1133;1.4670;-7.1602;4.2889;354.3302;352.5593;50.9061;193.9144;353.7310;359.1552;LeftFalse_RightTrue;LeftFalse_RightTrue;HandLeft_(-0.4, -0.3, -0.2)_(-0.4, -0.2, 0.8, 0.3)_1.012537_System.String[];HandLeft_(0.3, -0.5, -0.2)_(0.9, 0.1, -0.4, -0.1)_0.9825718_System.String[];HandRight_(-0.3, -0.5, -0.1)_(0.5, 0.5, 0.2, -0.7)_1.012537_System.String[];HandRight_(0.4, -0.8, 0.0)_(-0.6, -0.2, -0.3, 0.7)_0.9825718_System.String[];45.9507;0.1953;0.4138;1.0132;-1.5112;1.1373;1.0765;-7.1583;4.3981;357.9779;354.4300;30.5431;228.4806;353.0133;6.7219
0.0000;0.0000;False;False;1.2977;-1.8358;-0.0325;-0.0076;-7.1058;4.6736;358.9029;0.0085;3.6970;187.7762;359.9915;359.9599;-0.0777;0.0466;0.0010;1.7745;-0.2406;0.2287;173460;71.92374;Infinity;2410.93;1.0467;-1.1663;1.1161;1.4672;-7.0862;4.2759;354.2043;352.5583;51.1431;193.9955;353.6762;359.1488;LeftFalse_RightTrue;LeftFalse_RightTrue;HandLeft_(-0.4, -0.2, -0.2)_(-0.4, -0.2, 0.8, 0.3)_1.012537_System.String[];HandLeft_(0.3, -0.5, -0.2)_(0.9, 0.0, -0.3, -0.2)_0.9825718_System.String[];HandRight_(-0.3, -0.5, -0.1)_(0.5, 0.4, 0.2, -0.7)_1.012537_System.String[];HandRight_(0.4, -0.8, 0.0)_(-0.6, -0.2, -0.3, 0.7)_0.9825718_System.String[];45.9924;0.2017;0.4326;1.0214;-1.5135;1.1402;1.0768;-7.0841;4.3844;357.7958;354.5100;30.8281;228.1776;353.0611;7.0028
0.0000;0.0000;False;False;1.3078;-1.8390;-0.0311;-0.0076;-7.0313;4.6636;358.8467;-0.0018;3.9333;187.8596;0.0177;359.9570;-0.0755;0.0257;0.0009;1.7570;-0.2361;0.2391;173463;71.73122;Infinity;2410.97;1.0561;-1.1702;1.1178;1.4673;-7.0117;4.2649;354.1339;352.5513;51.3816;194.0856;353.6457;359.1440;LeftFalse_RightTrue;LeftFalse_RightTrue;HandLeft_(-0.4, -0.2, -0.2)_(-0.4, -0.2, 0.8, 0.3)_1.012537_System.String[];HandLeft_(0.3, -0.5, -0.2)_(0.9, -0.1, -0.3, -0.2)_0.9825718_System.String[];HandRight_(-0.3, -0.5, -0.1)_(0.5, 0.4, 0.2, -0.7)_1.012537_System.String[];HandRight_(0.4, -0.8, 0.0)_(-0.6, -0.2, -0.3, 0.7)_0.9825718_System.String[];46.0344;0.2085;0.4496;1.0306;-1.5156;1.1418;1.0771;-7.0095;4.3730;357.6815;354.5587;31.1123;227.9229;353.1304;7.2674
0.0000;0.0000;False;False;1.3183;-1.8422;-0.0303;-0.0075;-6.9574;4.6536;358.8216;359.9823;4.1761;187.9358;0.0327;359.9566;-0.0753;0.0123;0.0007;1.7396;-0.2320;0.2492;173466;71.33089;Infinity;2411.02;1.0661;-1.1739;1.1186;1.4674;-6.9378;4.2545;354.0985;352.5368;51.6224;194.1620;353.6332;359.1414;LeftFalse_RightTrue;LeftFalse_RightTrue;HandLeft_(-0.4, -0.2, -0.2)_(-0.4, -0.2, 0.8, 0.3)_1.012537_System.String[];HandLeft_(0.4, -0.5, -0.2)_(0.9, -0.1, -0.3, -0.3)_0.9825718_System.String[];HandRight_(-0.3, -0.5, -0.1)_(0.5, 0.4, 0.2, -0.7)_1.012537_System.String[];HandRight_(0.4, -0.8, 0.0)_(-0.6, -0.2, -0.3, 0.7)_0.9825718_System.String[];46.0767;0.2156;0.4651;1.0405;-1.5181;1.1427;1.0775;-6.9353;4.3624;357.6609;354.4824;31.3160;227.7380;353.1991;7.4672
0.0000;0.0000;False;False;1.3291;-1.8454;-0.0301;-0.0075;-6.8845;4.6438;358.8158;359.9648;4.4238;188.0122;0.0412;359.9576;-0.0755;0.0039;0.0005;1.7221;-0.2274;0.2594;173469;71.1935;Infinity;2411.06;1.0768;-1.1775;1.1190;1.4675;-6.8638;4.2442;354.0836;352.5196;51.8685;194.2382;353.6321;359.1402;LeftFalse_RightTrue;LeftFalse_RightTrue;HandLeft_(-0.4, -0.2, -0.2)_(-0.4, -0.1, 0.8, 0.3)_1.012537_System.String[];HandLeft_(0.4, -0.6, -0.2)_(0.9, -0.1, -0.2, -0.3)_0.9825718_System.String[];HandRight_(-0.3, -0.5, -0.1)_(0.5, 0.4, 0.3, -0.7)_1.012537_System.String[];HandRight_(0.4, -0.8, 0.0)_(-0.6, -0.2, -0.3, 0.7)_0.9825718_System.String[];46.1187;0.2227;0.4803;1.0503;-1.5210;1.1431;1.0783;-6.8609;4.3522;357.6597;354.2747;31.1689;227.5618;353.3000;7.5502
0.0000;0.0000;False;False;1.3404;-1.8486;-0.0301;-0.0075;-6.8130;4.6344;358.8213;359.9479;4.6759;188.0892;0.0460;359.9591;-0.0756;-0.0024;0.0004;1.6960;-0.2204;0.2739;173472;71.46004;Infinity;2411.10;1.0881;-1.1812;1.1190;1.4676;-6.7901;4.2341;354.0811;352.5022;52.1205;194.3156;353.6379;359.1397;LeftFalse_RightTrue;LeftFalse_RightTrue;HandLeft_(-0.4, -0.2, -0.2)_(-0.4, -0.1, 0.8, 0.4)_1.012537_System.String[];HandLeft_(0.4, -0.6, -0.2)_(0.9, -0.1, -0.2, -0.3)_0.9825718_System.String[];HandRight_(-0.3, -0.5, -0.1)_(0.5, 0.4, 0.3, -0.7)_1.012537_System.String[];HandRight_(0.5, -0.6, -0.1)_(0.0, -0.2, -0.6, 0.8)_0.9825718_System.String[];46.1606;0.2299;0.4950;1.0600;-1.5242;1.1432;1.0788;-6.7863;4.3422;357.5788;354.1321;30.3911;227.2726;353.3689;7.5858
0.0000;0.0000;False;False;1.3519;-1.8518;-0.0302;-0.0075;-6.7426;4.6252;358.8326;359.9328;4.9321;188.1664;0.0484;359.9605;-0.0757;-0.0041;0.0004;1.6787;-0.2158;0.2833;173475;71.72274;Infinity;2411.14;1.0997;-1.1848;1.1189;1.4677;-6.7182;4.2243;354.0854;352.4864;52.3739;194.3926;353.6472;359.1394;LeftFalse_RightTrue;LeftFalse_RightTrue;HandLeft_(-0.4, -0.2, -0.2)_(-0.4, -0.1, 0.8, 0.3)_1.012537_System.String[];HandLeft_(0.4, -0.6, -0.2)_(0.9, -0.1, -0.2, -0.3)_0.9825718_System.String[];HandRight_(-0.3, -0.5, -0.1)_(0.5, 0.4, 0.3, -0.7)_1.012537_System.String[];HandRight_(0.5, -0.6, -0.1)_(0.1, -0.3, -0.5, 0.8)_0.9825718_System.String[];46.2021;0.2371;0.5094;1.0692;-1.5274;1.1432;1.0792;-6.7133;4.3327;357.5282;354.1035;29.0532;226.7891;353.4186;7.5844
0.0065;0.0000;False;False;1.3639;-1.8550;-0.0304;-0.0074;-6.6730;4.6161;358.8463;359.9199;5.1942;188.2444;0.0497;359.9619;-0.0758;-0.0047;0.0004;1.6615;-0.2111;0.2927;173478;71.85456;Infinity;2411.18;1.1118;-1.1885;1.1187;1.4678;-6.6469;4.2147;354.0930;352.4727;52.6329;194.4704;353.6580;359.1393;LeftFalse_RightTrue;LeftFalse_RightTrue;HandLeft_(-0.4, -0.2, -0.2)_(-0.4, -0.1, 0.9, 0.3)_1.012537_System.String[];HandLeft_(0.4, -0.6, -0.2)_(0.9, -0.1, -0.2, -0.3)_0.9825718_System.String[];HandRight_(-0.3, -0.5, -0.1)_(0.5, 0.4, 0.3, -0.7)_1.012537_System.String[];HandRight_(0.4, -0.5, -0.2)_(0.2, -0.4, -0.5, 0.8)_0.9825718_System.String[];46.2439;0.2439;0.5240;1.0784;-1.5307;1.1432;1.0794;-6.6408;4.3234;357.4712;354.1463;27.3026;226.2355;353.5005;7.5860
0.0285;0.0000;False;False;1.3763;-1.8582;-0.0305;-0.0074;-6.6041;4.6073;358.8621;359.9092;5.4616;188.3230;0.0468;359.9632;-0.0765;-0.0024;0.0005;1.6448;-0.2076;0.3026;173481;71.93029;Infinity;2411.23;1.1243;-1.1921;1.1186;1.4679;-6.5764;4.2052;354.1035;352.4612;52.8975;194.5488;353.6686;359.1393;LeftFalse_RightTrue;LeftFalse_RightTrue;HandLeft_(-0.4, -0.2, -0.2)_(-0.4, -0.1, 0.8, 0.3)_1.012537_System.String[];HandLeft_(0.4, -0.6, -0.2)_(0.9, -0.1, -0.2, -0.3)_0.9825718_System.String[];HandRight_(-0.3, -0.5, -0.1)_(0.6, 0.3, 0.3, -0.7)_1.012537_System.String[];HandRight_(0.4, -0.6, -0.2)_(0.2, -0.4, -0.4, 0.8)_0.9825718_System.String[];46.2856;0.2511;0.5378;1.0875;-1.5342;1.1432;1.0796;-6.5686;4.3142;357.3751;354.2031;25.1658;225.7435;353.6349;7.5075
0.0590;-0.4500;False;False;1.3891;-1.8614;-0.0306;-0.0074;-6.5356;4.5987;358.8800;359.9005;5.7361;188.4023;0.0386;359.9643;-0.0766;-0.0007;0.0005;1.6309;-0.2032;0.3134;173484;71.79201;Infinity;2411.27;1.1373;-1.1958;1.1185;1.4679;-6.5063;4.1958;354.1206;352.4517;53.1682;194.6277;353.6768;359.1396;LeftFalse_RightTrue;LeftFalse_RightTrue;HandLeft_(-0.4, -0.2, -0.2)_(-0.4, -0.1, 0.8, 0.3)_1.012537_System.String[];HandLeft_(0.4, -0.6, -0.2)_(0.9, -0.1, -0.2, -0.3)_0.9825718_System.String[];HandRight_(-0.3, -0.5, -0.1)_(0.6, 0.3, 0.3, -0.7)_1.012537_System.String[];HandRight_(0.4, -0.6, -0.2)_(0.1, -0.4, -0.3, 0.9)_0.9825718_System.String[];46.3274;0.2591;0.0000;1.0960;-1.5377;1.1433;1.0797;-6.4966;4.3052;357.2862;354.2214;22.3174;225.4614;353.8154;7.3563
0.0998;0.0364;False;False;1.4025;-1.8636;-0.0306;-0.0074;-6.4670;4.5911;358.8988;359.8972;6.0203;188.4380;0.0295;359.9569;-0.0526;0.0023;0.0005;1.6197;-0.1572;0.3245;173487;71.45231;Infinity;2411.31;1.1511;-1.1990;1.1185;1.4680;-6.4360;4.1872;354.1403;352.4467;53.4488;194.6808;353.6836;359.1338;LeftFalse_RightTrue;LeftFalse_RightFalse;HandLeft_(-0.4, -0.2, -0.2)_(-0.4, -0.1, 0.8, 0.3)_1.012537_System.String[];HandLeft_(0.4, -0.6, -0.2)_(0.9, -0.1, -0.2, -0.3)_0.9825718_System.String[];HandRight_(-0.3, -0.5, -0.1)_(0.6, 0.3, 0.3, -0.7)_1.012537_System.String[];HandRight_(0.4, -0.6, -0.2)_(0.1, -0.3, -0.3, 0.9)_0.9825718_System.String[];46.3696;0.2689;0.5630;1.1042;-1.5406;1.1435;1.0798;-6.4242;4.2972;357.2001;354.2825;18.7920;225.3492;354.0049;7.1941
0.1437;0.0301;False;False;1.4163;-1.8660;-0.0304;-0.0074;-6.3997;4.5846;358.9194;359.8953;6.3109;188.4940;0.0261;359.9579;-0.0591;0.0045;0.0006;1.6124;-0.1535;0.3370;173490;71.62041;Infinity;2411.35;1.1651;-1.2015;1.1186;1.4681;-6.3669;4.1801;354.1574;352.4454;53.7346;194.7261;353.6954;359.1321;LeftFalse_RightTrue;LeftFalse_RightFalse;HandLeft_(-0.3, -0.2, -0.2)_(-0.5, 0.0, 0.8, 0.3)_1.012537_System.String[];HandLeft_(0.4, -0.6, -0.2)_(0.9, -0.1, -0.2, -0.3)_0.9825718_System.String[];HandRight_(-0.3, -0.5, -0.1)_(0.6, 0.3, 0.3, -0.7)_1.012537_System.String[];HandRight_(0.4, -0.6, -0.2)_(0.1, -0.4, -0.3, 0.9)_0.9825718_System.String[];46.4114;0.2790;0.5761;1.1125;-1.5429;1.1438;1.0798;-6.3531;4.2906;357.0915;354.2776;15.1028;225.4616;354.1757;7.0201
0.1845;0.0535;False;False;1.4309;-1.8686;-0.0302;-0.0073;-6.3318;4.5781;358.9402;359.8926;6.6166;188.5599;0.0247;359.9599;-0.0608;0.0062;0.0006;1.6094;-0.1524;0.3512;173493;71.37043;Infinity;2411.39;1.1799;-1.2045;1.1188;1.4681;-6.2971;4.1729;354.1731;352.4427;54.0352;194.7905;353.7096;359.1338;LeftFalse_RightTrue;LeftFalse_RightFalse;HandLeft_(-0.4, -0.2, -0.2)_(-0.5, 0.1, 0.8, 0.3)_1.012537_System.String[];HandLeft_(0.4, -0.6, -0.2)_(0.9, -0.1, -0.2, -0.3)_0.9825718_System.String[];HandRight_(-0.3, -0.5, -0.1)_(0.6, 0.3, 0.3, -0.7)_1.012537_System.String[];HandRight_(0.4, -0.6, -0.2)_(0.1, -0.4, -0.3, 0.8)_0.9825718_System.String[];46.4536;0.2894;0.5942;1.1219;-1.5457;1.1441;1.0798;-6.2813;4.2840;356.9871;354.2687;11.7420;225.7366;354.4469;6.9638
0.2218;0.0975;False;False;1.4459;-1.8712;-0.0299;-0.0073;-6.2648;4.5717;358.9600;359.8895;6.9314;188.6284;0.0245;359.9619;-0.0631;0.0074;0.0006;1.6101;-0.1537;0.3662;173496;71.63235;Infinity;2411.44;1.1950;-1.2074;1.1191;1.4681;-6.2284;4.1658;354.1870;352.4395;54.3442;194.8577;353.7241;359.1355;LeftFalse_RightTrue;LeftFalse_RightFalse;HandLeft_(-0.4, -0.2, -0.2)_(-0.5, 0.1, 0.8, 0.3)_1.012537_System.String[];HandLeft_(0.4, -0.6, -0.2)_(0.9, -0.1, -0.2, -0.3)_0.9825718_System.String[];HandRight_(-0.3, -0.5, -0.1)_(0.6, 0.3, 0.3, -0.7)_1.012537_System.String[];HandRight_(0.5, -0.6, -0.2)_(0.1, -0.4, -0.4, 0.8)_0.9825718_System.String[];46.4954;0.2997;0.6117;1.1323;-1.5485;1.1445;1.0799;-6.2108;4.2774;356.9949;354.2399;8.9219;225.9399;354.9094;7.0212
0.2583;0.1463;False;False;1.4617;-1.8739;-0.0296;-0.0073;-6.1976;4.5651;358.9787;359.8860;7.2600;188.7010;0.0250;359.9641;-0.0677;0.0083;0.0006;1.6142;-0.1593;0.3831;173499;71.72431;Infinity;2411.48;1.2109;-1.2106;1.1194;1.4681;-6.1596;4.1586;354.1996;352.4359;54.6662;194.9287;353.7384;359.1372;LeftFalse_RightTrue;LeftFalse_RightFalse;HandLeft_(-0.3, -0.2, -0.2)_(-0.5, 0.1, 0.8, 0.3)_1.012537_System.String[];HandLeft_(0.4, -0.6, -0.2)_(0.9, -0.1, -0.2, -0.3)_0.9825718_System.String[];HandRight_(-0.3, -0.5, -0.1)_(0.6, 0.3, 0.3, -0.7)_1.012537_System.String[];HandRight_(0.5, -0.6, -0.2)_(0.1, -0.4, -0.4, 0.8)_0.9825718_System.String[];46.5371;0.3106;0.6312;1.1439;-1.5513;1.1449;1.0796;-6.1404;4.2705;356.9839;354.2321;6.6646;225.9451;355.5264;7.2033
0.2943;0.1919;False;False;1.4783;-1.8770;-0.0292;-0.0073;-6.1299;4.5582;358.9963;359.8822;7.6053;188.7803;0.0263;359.9668;-0.0743;0.0089;0.0006;1.6218;-0.1688;0.4017;173502;71.67138;Infinity;2411.52;1.2277;-1.2140;1.1197;1.4681;-6.0901;4.1510;354.2110;352.4320;55.0051;195.0050;353.7525;359.1392;LeftFalse_RightTrue;LeftFalse_RightFalse;HandLeft_(-0.3, -0.2, -0.2)_(-0.5, 0.1, 0.8, 0.3)_1.012537_System.String[];HandLeft_(0.4, -0.6, -0.2)_(0.9, -0.1, -0.2, -0.3)_0.9825718_System.String[];HandRight_(-0.3, -0.5, -0.1)_(0.6, 0.3, 0.3, -0.7)_1.012537_System.String[];HandRight_(0.5, -0.6, -0.2)_(0.1, -0.4, -0.5, 0.8)_0.9825718_System.String[];46.5791;0.3217;0.6512;1.1573;-1.5542;1.1454;1.0793;-6.0692;4.2632;357.0368;354.3047;4.9713;225.8468;356.0929;7.3142
0.3323;0.2415;False;False;1.4957;-1.8804;-0.0288;-0.0072;-6.0619;4.5507;359.0128;359.8779;7.9668;188.8709;0.0281;359.9703;-0.0877;0.0095;0.0007;1.6392;-0.1899;0.4327;173505;71.74317;Infinity;2411.56;1.2453;-1.2178;1.1201;1.4681;-6.0203;4.1428;354.2211;352.4274;55.3602;195.0916;353.7661;359.1422;LeftFalse_RightTrue;LeftFalse_RightFalse;HandLeft_(-0.3, -0.3, -0.2)_(-0.5, 0.2, 0.8, 0.4)_1.012537_System.String[];HandLeft_(0.4, -0.6, -0.2)_(0.9, -0.1, -0.2, -0.3)_0.9825718_System.String[];HandRight_(-0.3, -0.5, -0.1)_(0.6, 0.3, 0.3, -0.7)_1.012537_System.String[];HandRight_(0.5, -0.7, -0.2)_(0.1, -0.5, -0.5, 0.7)_0.9825718_System.String[];46.6208;0.3341;0.6699;1.1723;-1.5577;1.1458;1.0791;-5.9980;4.2555;357.1192;354.3541;3.8685;225.8172;356.4973;7.2419
0.3713;0.3050;False;False;1.5141;-1.8842;-0.0284;-0.0072;-5.9935;4.5426;359.0283;359.8736;8.3455;188.9734;0.0303;359.9738;-0.0989;0.0098;0.0007;1.6546;-0.2086;0.4562;173508;71.8582;Infinity;2411.60;1.2637;-1.2221;1.1205;1.4682;-5.9502;4.1338;354.2303;352.4227;55.7313;195.1892;353.7792;359.1452;LeftFalse_RightTrue;LeftFalse_RightFalse;HandLeft_(-0.3, -0.3, -0.2)_(-0.5, 0.2, 0.8, 0.3)_1.012537_System.String[];HandLeft_(0.3, -0.7, -0.1)_(1.0, 0.0, -0.2, 0.0)_0.9825718_System.String[];HandRight_(-0.3, -0.5, -0.1)_(0.6, 0.3, 0.3, -0.7)_1.012537_System.String[];HandRight_(0.5, -0.7, -0.1)_(0.0, -0.5, -0.6, 0.7)_0.9825718_System.String[];46.6626;0.3479;0.6880;1.1889;-1.5617;1.1460;1.0790;-5.9264;4.2470;357.2560;354.3212;3.2152;225.9054;356.7757;7.0753
0.4115;0.3741;False;False;1.5336;-1.8886;-0.0280;-0.0072;-5.9242;4.5335;359.0431;359.8690;8.7463;189.0923;0.0332;359.9780;-0.1141;0.0100;0.0008;1.6731;-0.2335;0.4826;173511;71.81343;Infinity;2411.64;1.2832;-1.2269;1.1208;1.4682;-5.8794;4.1239;354.2385;352.4179;56.1226;195.3015;353.7921;359.1486;LeftFalse_RightTrue;LeftFalse_RightFalse;HandLeft_(-0.3, -0.3, -0.2)_(-0.5, 0.2, 0.8, 0.3)_1.012537_System.String[];HandLeft_(0.3, -0.8, -0.1)_(1.0, -0.1, -0.2, 0.1)_0.9825718_System.String[];HandRight_(-0.3, -0.5, -0.1)_(0.6, 0.3, 0.3, -0.7)_1.012537_System.String[];HandRight_(0.5, -0.7, -0.1)_(-0.1, -0.5, -0.5, 0.7)_0.9825718_System.String[];46.7043;0.3613;0.7032;1.2072;-1.5662;1.1462;1.0790;-5.8542;4.2377;357.4139;354.2549;2.9448;226.0348;356.8777;6.9330
0.4580;0.4355;False;False;1.5544;-1.8937;-0.0276;-0.0071;-5.8536;4.5232;359.0573;359.8640;9.1747;189.2326;0.0370;359.9831;-0.1324;0.0102;0.0009;1.6952;-0.2638;0.5123;173514;71.53582;Infinity;2411.69;1.3040;-1.2326;1.1212;1.4682;-5.8071;4.1126;354.2456;352.4126;56.5398;195.4335;353.8051;359.1529;LeftFalse_RightTrue;LeftFalse_RightFalse;HandLeft_(-0.3, -0.3, -0.2)_(-0.5, 0.2, 0.7, 0.3)_1.012537_System.String[];HandLeft_(0.3, -0.8, -0.1)_(1.0, 0.0, -0.2, 0.1)_0.9825718_System.String[];HandRight_(-0.3, -0.5, -0.1)_(0.6, 0.3, 0.3, -0.7)_1.012537_System.String[];HandRight_(0.5, -0.7, -0.1)_(-0.1, -0.5, -0.5, 0.7)_0.9825718_System.String[];46.7463;0.3762;0.7177;1.2278;-1.5716;1.1464;1.0790;-5.7807;4.2272;357.5812;354.1721;3.3646;226.1656;356.8369;6.8590
0.5071;0.4834;False;False;1.5764;-1.8996;-0.0272;-0.0071;-5.7824;4.5115;359.0709;359.8588;9.6279;189.3958;0.0416;359.9889;-0.1534;0.0104;0.0011;1.7211;-0.2983;0.5453;173517;71.67699;Infinity;2411.73;1.3262;-1.2392;1.1216;1.4682;-5.7338;4.0997;354.2517;352.4068;56.9840;195.5883;353.8183;359.1579;LeftFalse_RightTrue;LeftFalse_RightFalse;HandLeft_(-0.3, -0.3, -0.2)_(-0.5, 0.3, 0.7, 0.3)_1.012537_System.String[];HandLeft_(0.3, -0.8, -0.1)_(0.9, 0.0, -0.3, 0.3)_0.9825718_System.String[];HandRight_(-0.3, -0.5, -0.1)_(0.6, 0.3, 0.3, -0.7)_1.012537_System.String[];HandRight_(0.5, -0.7, -0.1)_(-0.1, -0.5, -0.6, 0.6)_0.9825718_System.String[];46.7881;0.3918;0.7314;1.2515;-1.5778;1.1463;1.0790;-5.7062;4.2150;357.8492;354.0869;4.7011;226.3000;356.8392;6.8042
0.5545;0.5204;False;False;1.6001;-1.9066;-0.0267;-0.0071;-5.7096;4.4983;359.0841;359.8536;10.1129;189.5861;0.0467;-0.0051;-0.1761;0.0106;0.0012;1.7505;-0.3354;0.5808;173520;71.55982;Infinity;2411.77;1.3499;-1.2469;1.1220;1.4682;-5.6593;4.0850;354.2571;352.4009;57.4570;195.7686;353.8316;359.1633;LeftFalse_RightTrue;LeftFalse_RightFalse;HandLeft_(-0.3, -0.3, -0.2)_(-0.5, 0.3, 0.7, 0.3)_1.012537_System.String[];HandLeft_(0.2, -0.8, -0.1)_(0.9, 0.1, -0.3, 0.4)_0.9825718_System.String[];HandRight_(-0.3, -0.5, -0.1)_(0.6, 0.3, 0.3, -0.7)_1.012537_System.String[];HandRight_(0.5, -0.7, -0.1)_(-0.2, -0.6, -0.6, 0.6)_0.9825718_System.String[];46.8303;0.4070;0.7446;1.2791;-1.5847;1.1463;1.0790;-5.6311;4.2009;358.2073;354.0085;7.5847;226.4482;356.9347;6.7626
0.6032;0.5521;False;False;1.6255;-1.9146;-0.0263;-0.0070;-5.6350;4.4832;359.0972;359.8488;10.6333;189.8064;0.0526;0.0012;-0.2011;0.0108;0.0014;1.7834;-0.3747;0.6202;173523;71.28496;Infinity;2411.81;1.3752;-1.2559;1.1225;1.4682;-5.5833;4.0684;354.2618;352.3954;57.9611;195.9765;353.8450;359.1689;LeftFalse_RightTrue;LeftFalse_RightFalse;HandLeft_(-0.3, -0.3, -0.2)_(-0.6, 0.3, 0.7, 0.3)_1.012537_System.String[];HandLeft_(0.2, -0.8, -0.1)_(0.7, 0.3, -0.4, 0.5)_0.9825718_System.String[];HandRight_(-0.3, -0.5, -0.1)_(0.6, 0.3, 0.3, -0.7)_1.012537_System.String[];HandRight_(0.4, -0.7, -0.1)_(-0.2, -0.6, -0.5, 0.6)_0.9825718_System.String[];46.8723;0.4218;0.7570;1.3106;-1.5925;1.1461;1.0791;-5.5552;4.1848;358.5960;354.0336;12.0614;226.5073;357.0831;6.9020
0.6513;0.5852;False;False;1.6526;-1.9237;-0.0258;-0.0069;-5.5596;4.4665;359.1100;359.8446;11.1850;190.0559;0.0592;0.0076;-0.2281;0.0110;0.0016;1.8201;-0.4159;0.6633;173526;71.47093;Infinity;2411.85;1.4025;-1.2662;1.1229;1.4682;-5.5052;4.0495;354.2659;352.3902;58.5034;196.2163;353.8590;359.1749;LeftFalse_RightTrue;LeftFalse_RightFalse;HandLeft_(-0.3, -0.3, -0.2)_(-0.6, 0.2, 0.6, 0.3)_1.012537_System.String[];HandLeft_(0.2, -0.8, 0.0)_(0.7, 0.3, -0.4, 0.6)_0.9825718_System.String[];HandRight_(-0.3, -0.5, -0.1)_(0.6, 0.3, 0.3, -0.7)_1.012537_System.String[];HandRight_(0.4, -0.7, -0.1)_(-0.3, -0.6, -0.5, 0.5)_0.9825718_System.String[];46.9143;0.4361;0.7680;1.3455;-1.6012;1.1460;1.0790;-5.4783;4.1663;358.8963;353.9719;17.5707;226.5136;357.3121;7.0580
0.6937;0.6264;False;False;1.6816;-1.9340;-0.0254;-0.0069;-5.4826;4.4480;359.1228;359.8412;11.7722;190.3373;0.0663;0.0138;-0.2566;0.0111;0.0019;1.8605;-0.4591;0.7086;173529;71.61572;Infinity;2411.90;1.4315;-1.2780;1.1233;1.4682;-5.4262;4.0286;354.2694;352.3859;59.0767;196.4859;353.8732;359.1808;LeftFalse_RightTrue;LeftFalse_RightFalse;HandLeft_(-0.3, -0.4, -0.2)_(-0.7, 0.2, 0.6, 0.3)_1.012537_System.String[];HandLeft_(0.2, -0.9, -0.1)_(0.5, 0.3, -0.4, 0.7)_0.9825718_System.String[];HandRight_(-0.3, -0.5, -0.1)_(0.6, 0.3, 0.3, -0.7)_1.012537_System.String[];HandRight_(0.4, -0.8, -0.1)_(-0.3, -0.6, -0.6, 0.5)_0.9825718_System.String[];46.9561;0.4485;0.7769;1.3825;-1.6111;1.1460;1.0789;-5.4013;4.1458;359.0007;353.9286;23.2695;226.4881;357.5131;7.2933
0.7342;0.6798;False;False;1.7130;-1.9458;-0.0249;-0.0068;-5.4027;4.4273;359.1356;359.8384;12.4045;190.6573;0.0740;0.0201;-0.2882;0.0113;0.0021;1.9036;-0.5049;0.7578;173532;71.1956;Infinity;2411.94;1.4628;-1.2913;1.1237;1.4682;-5.3447;4.0053;354.2725;352.3823;59.6910;196.7914;353.8877;359.1867;LeftFalse_RightTrue;LeftFalse_RightFalse;HandLeft_(-0.3, -0.4, -0.2)_(-0.7, 0.2, 0.6, 0.3)_1.012537_System.String[];HandLeft_(0.1, -0.9, -0.1)_(0.5, 0.4, -0.4, 0.7)_0.9825718_System.String[];HandRight_(-0.3, -0.5, -0.1)_(0.6, 0.3, 0.3, -0.7)_1.012537_System.String[];HandRight_(0.4, -0.8, -0.1)_(-0.4, -0.5, -0.6, 0.5)_0.9825718_System.String[];46.9985;0.4607;0.7854;1.4215;-1.6230;1.1461;1.0788;-5.3221;4.1234;359.0282;353.8291;28.7639;226.5602;357.6110;7.4658
0.7733;0.7325;False;False;1.7462;-1.9589;-0.0244;-0.0067;-5.3222;4.4048;359.1484;359.8362;13.0666;191.0111;0.0822;0.0268;-0.3234;0.0115;0.0024;1.9493;-0.5542;0.8108;173535;71.59297;Infinity;2411.98;1.4965;-1.3065;1.1242;1.4682;-5.2610;3.9794;354.2752;352.3792;60.3447;197.1347;353.9027;359.1930;LeftFalse_RightTrue;LeftFalse_RightFalse;HandLeft_(-0.3, -0.4, -0.2)_(-0.7, 0.2, 0.6, 0.3)_1.012537_System.String[];HandLeft_(0.1, -0.9, -0.1)_(0.5, 0.4, -0.4, 0.7)_0.9825718_System.String[];HandRight_(-0.3, -0.5, -0.1)_(0.6, 0.3, 0.3, -0.7)_1.012537_System.String[];HandRight_(0.4, -0.8, -0.1)_(-0.4, -0.5, -0.6, 0.5)_0.9825718_System.String[];47.0400;0.4706;0.7926;1.4619;-1.6368;1.1465;1.0788;-5.2410;4.0990;359.0400;353.7589;33.4771;226.8239;357.6177;7.5527
0.8102;0.7761;False;False;1.7821;-1.9737;-0.0239;-0.0066;-5.2391;4.3799;359.1616;359.8344;13.7726;191.4093;0.0908;0.0341;-0.3822;0.0119;0.0028;2.0229;-0.6342;0.8961;173538;71.59764;Infinity;2412.02;1.5324;-1.3234;1.1246;1.4682;-5.1759;3.9511;354.2777;352.3766;61.0331;197.5160;353.9181;359.1999;LeftFalse_RightTrue;LeftFalse_RightFalse;HandLeft_(-0.3, -0.4, -0.2)_(-0.7, 0.2, 0.6, 0.3)_1.012537_System.String[];HandLeft_(0.1, -0.9, -0.1)_(0.5, 0.4, -0.4, 0.7)_0.9825718_System.String[];HandRight_(-0.3, -0.5, -0.1)_(0.6, 0.3, 0.3, -0.7)_1.012537_System.String[];HandRight_(0.4, -0.8, -0.1)_(-0.4, -0.5, -0.6, 0.5)_0.9825718_System.String[];47.0820;0.4800;0.7996;1.5038;-1.6524;1.1469;1.0789;-5.1585;4.0722;359.1809;353.7597;37.6414;227.2234;357.5306;7.6504
0.8442;0.8114;False;False;1.8207;-1.9904;-0.0234;-0.0064;-5.1536;4.3525;359.1754;359.8332;14.5208;191.8533;0.0993;0.0416;-0.4252;0.0123;0.0031;2.0742;-0.6900;0.9575;173541;71.49706;Infinity;2412.06;1.5711;-1.3425;1.1251;1.4683;-5.0877;3.9197;354.2806;352.3743;61.7665;197.9438;353.9339;359.2072;LeftFalse_RightTrue;LeftFalse_RightFalse;HandLeft_(-0.3, -0.4, -0.2)_(-0.7, 0.2, 0.6, 0.3)_1.012537_System.String[];HandLeft_(0.1, -0.9, -0.1)_(0.5, 0.4, -0.4, 0.7)_0.9825718_System.String[];HandRight_(-0.3, -0.5, -0.1)_(0.6, 0.3, 0.3, -0.7)_1.012537_System.String[];HandRight_(0.4, -0.8, -0.1)_(-0.4, -0.5, -0.6, 0.5)_0.9825718_System.String[];47.1240;0.4880;0.8062;1.5476;-1.6703;1.1472;1.0790;-5.0728;4.0427;359.2659;353.7823;41.2302;227.7511;357.3466;7.7063
0.8760;0.8411;False;False;1.8617;-2.0090;-0.0231;-0.0063;-5.0662;4.3228;359.2002;359.8326;15.3105;192.3430;0.0864;0.0494;-0.4714;-0.0306;0.0034;2.1016;-0.7471;1.0190;173544;71.57911;Infinity;2412.11;1.6127;-1.3640;1.1255;1.4683;-4.9971;3.8853;354.2837;352.3726;62.5409;198.4181;353.9503;359.2149;LeftFalse_RightTrue;LeftFalse_RightFalse;HandLeft_(-0.3, -0.4, -0.2)_(-0.7, 0.2, 0.6, 0.3)_1.012537_System.String[];HandLeft_(0.1, -0.9, -0.1)_(0.5, 0.4, -0.4, 0.7)_0.9825718_System.String[];HandRight_(-0.3, -0.5, -0.1)_(0.6, 0.3, 0.3, -0.7)_1.012537_System.String[];HandRight_(0.4, -0.8, -0.1)_(-0.4, -0.5, -0.6, 0.5)_0.9825718_System.String[];47.1658;0.4951;0.8120;1.5932;-1.6910;1.1472;1.0791;-4.9845;4.0109;359.3383;353.7922;44.3270;228.4201;357.1899;7.7019
0.9080;0.8692;False;False;1.9032;-2.0295;-0.0258;-0.0062;-4.9798;4.2907;359.3592;359.8327;16.1329;192.8784;359.8189;0.0574;-0.5202;-0.1066;0.0037;2.0578;-0.8054;1.0677;173547;71.78596;Infinity;2412.15;1.6594;-1.3877;1.1248;1.4684;-4.9057;3.8483;354.4780;352.3716;63.3598;198.9358;353.9135;359.2228;LeftFalse_RightTrue;LeftFalse_RightFalse;HandLeft_(-0.3, -0.4, -0.2)_(-0.7, 0.2, 0.6, 0.3)_1.012537_System.String[];HandLeft_(0.1, -0.9, -0.1)_(0.5, 0.4, -0.4, 0.7)_0.9825718_System.String[];HandRight_(-0.3, -0.5, -0.1)_(0.6, 0.3, 0.3, -0.7)_1.012537_System.String[];HandRight_(0.4, -0.8, -0.1)_(-0.4, -0.5, -0.6, 0.5)_0.9825718_System.String[];47.2075;0.5013;0.8162;1.6431;-1.7142;1.1462;1.0792;-4.8954;3.9765;359.5534;353.7898;47.0093;229.1482;356.9854;7.7000
0.9330;0.8988;False;False;1.9455;-2.0523;-0.0314;-0.0060;-4.8954;4.2558;359.6632;359.8337;16.9438;193.4666;359.3170;0.0654;-0.5715;-0.1700;0.0040;2.0079;-0.8646;1.1153;173550;71.654;Infinity;2412.19;1.7125;-1.4140;1.1217;1.4684;-4.8151;3.8081;354.9685;352.3714;64.1777;199.5037;353.8127;359.2309;LeftFalse_RightTrue;LeftFalse_RightFalse;HandLeft_(-0.3, -0.4, -0.2)_(-0.7, 0.3, 0.6, 0.3)_1.012537_System.String[];HandLeft_(0.1, -0.9, -0.1)_(0.5, 0.4, -0.4, 0.7)_0.9825718_System.String[];HandRight_(-0.3, -0.5, -0.1)_(0.6, 0.3, 0.3, -0.7)_1.012537_System.String[];HandRight_(0.4, -0.8, -0.1)_(-0.4, -0.5, -0.6, 0.5)_0.9825718_System.String[];47.2495;0.5112;0.8199;1.6989;-1.7400;1.1432;1.0791;-4.8067;3.9394;359.9120;353.8228;49.4027;229.9519;356.6647;7.6647
0.9511;0.9256;False;False;1.9881;-2.0775;-0.0387;-0.0058;-4.8133;4.2182;0.1266;359.8355;17.7459;194.1081;358.5512;0.0737;-0.6266;-0.1412;0.0044;1.9530;-0.9242;1.1705;173553;71.51836;Infinity;2412.23;1.7711;-1.4433;1.1166;1.4685;-4.7253;3.7645;355.6856;352.3721;64.9931;200.1266;353.6765;359.2393;LeftFalse_RightTrue;LeftFalse_RightFalse;HandLeft_(-0.3, -0.4, -0.2)_(-0.7, 0.3, 0.6, 0.3)_1.012537_System.String[];HandLeft_(0.2, -0.8, -0.1)_(0.5, 0.7, -0.5, 0.3)_0.9825718_System.String[];HandRight_(-0.3, -0.5, -0.1)_(0.6, 0.3, 0.3, -0.7)_1.012537_System.String[];HandRight_(0.4, -0.8, -0.1)_(-0.4, -0.5, -0.6, 0.5)_0.9825718_System.String[];47.2915;0.5212;0.8249;1.7597;-1.7689;1.1381;1.0790;-4.7184;3.8991;0.5614;353.8787;51.4728;230.8462;356.2395;7.6006
0.9644;0.9458;False;False;2.0356;-2.1053;-0.0365;-0.0056;-4.7327;4.1781;0.3441;359.8383;18.5578;194.8037;358.3513;0.0824;-0.6853;0.5541;0.0047;1.9511;-0.9837;1.1183;173556;71.51385;Infinity;2412.27;1.8394;-1.4756;1.1132;1.4685;-4.6368;3.7176;356.8931;352.3736;65.8054;200.8043;353.4250;359.2481;LeftFalse_RightTrue;LeftFalse_RightFalse;HandLeft_(-0.3, -0.4, -0.2)_(-0.7, 0.3, 0.5, 0.3)_1.012537_System.String[];HandLeft_(0.2, -0.8, -0.1)_(0.4, 0.7, -0.4, 0.4)_0.9825718_System.String[];HandRight_(-0.3, -0.5, -0.1)_(0.6, 0.3, 0.3, -0.7)_1.012537_System.String[];HandRight_(0.4, -0.8, -0.1)_(-0.4, -0.5, -0.6, 0.5)_0.9825718_System.String[];47.3335;0.5316;0.8294;1.8297;-1.8007;1.1349;1.0787;-4.6310;3.8558;1.6601;353.9984;53.2220;231.8334;355.7010;7.5259
0.9740;0.9605;False;False;2.0888;-2.1354;-0.0189;-0.0054;-4.6485;4.1357;359.7717;359.8420;19.4600;195.5490;359.5509;0.0914;-0.7467;0.3433;0.0050;2.0168;-1.0429;1.0842;173559;71.7511;Infinity;2412.32;1.8651;-1.5107;1.1280;1.4686;-4.5535;3.6680;355.4072;352.3760;66.6440;201.5303;353.9254;359.2575;LeftFalse_RightTrue;LeftFalse_RightFalse;HandLeft_(-0.3, -0.4, -0.2)_(-0.7, 0.3, 0.5, 0.3)_1.012537_System.String[];HandLeft_(0.2, -0.8, -0.1)_(0.4, 0.8, -0.3, 0.4)_0.9825718_System.String[];HandRight_(-0.3, -0.5, -0.1)_(0.6, 0.3, 0.3, -0.7)_1.012537_System.String[];HandRight_(0.4, -0.8, -0.1)_(-0.4, -0.5, -0.6, 0.5)_0.9825718_System.String[];47.3752;0.5408;0.8326;1.8556;-1.8351;1.1494;1.0785;-4.5487;3.8100;0.3857;354.1803;54.7925;232.8827;356.4942;7.4662
0.9811;0.9712;False;False;2.1397;-2.1667;-0.0085;-0.0074;-4.5630;4.0932;359.4377;359.9502;20.4143;196.3717;0.1131;359.9024;-0.7993;0.1993;-0.0775;2.0416;-1.0138;1.1558;173562;71.87017;Infinity;2412.36;1.9018;-1.5513;1.1377;1.4686;-4.4675;3.6157;354.6091;352.4392;67.5729;202.3417;354.1158;359.1752;LeftFalse_RightTrue;LeftFalse_RightFalse;HandLeft_(-0.3, -0.5, -0.2)_(-0.7, 0.3, 0.5, 0.3)_1.012537_System.String[];HandLeft_(0.2, -0.8, -0.1)_(0.5, 0.8, -0.3, 0.3)_0.9825718_System.String[];HandRight_(-0.3, -0.5, -0.1)_(0.6, 0.3, 0.3, -0.7)_1.012537_System.String[];HandRight_(0.4, -0.8, -0.1)_(-0.5, -0.5, -0.6, 0.5)_0.9825718_System.String[];47.4167;0.5432;0.8334;1.8928;-1.8737;1.1588;1.0777;-4.4635;3.7621;359.7080;354.4714;56.2657;233.9669;356.7408;7.3944
0.9862;0.9790;False;False;2.1927;-2.1983;-0.0029;-0.0128;-4.4763;4.0526;359.2645;0.2106;21.4032;197.2077;0.3524;359.4583;-0.8347;0.1039;-0.1494;2.0581;-0.9680;1.2474;173565;71.56161;Infinity;2412.40;1.9482;-1.6005;1.1433;1.4677;-4.3797;3.5635;354.2279;352.6915;68.5444;203.2173;354.1716;358.8287;LeftFalse_RightTrue;LeftFalse_RightFalse;HandLeft_(-0.3, -0.5, -0.2)_(-0.7, 0.2, 0.5, 0.4)_1.012537_System.String[];HandLeft_(0.2, -0.8, -0.1)_(0.5, 0.8, -0.3, 0.3)_0.9825718_System.String[];HandRight_(-0.3, -0.5, -0.1)_(0.6, 0.3, 0.3, -0.7)_1.012537_System.String[];HandRight_(0.4, -0.8, -0.1)_(-0.4, -0.5, -0.6, 0.5)_0.9825718_System.String[];47.4587;0.5433;0.8340;1.9392;-1.9185;1.1643;1.0743;-4.3762;3.7148;359.3765;355.0487;57.6443;235.0403;356.7492;7.2389
0.9899;0.9847;False;False;2.2484;-2.2298;-0.0005;-0.0207;-4.3892;4.0143;359.1972;0.5911;22.4025;198.0327;0.4243;358.8315;-0.8767;0.0218;-0.2311;2.1009;-0.9065;1.3909;173568;71.63752;Infinity;2412.44;2.0027;-1.6566;1.1461;1.4657;-4.2892;3.5118;354.0771;353.1003;69.5486;204.1213;354.1782;358.2885;LeftFalse_RightTrue;LeftFalse_RightFalse;HandLeft_(-0.3, -0.4, -0.2)_(-0.7, 0.2, 0.5, 0.4)_1.012537_System.String[];HandLeft_(0.2, -0.8, -0.1)_(0.5, 0.8, -0.3, 0.3)_0.9825718_System.String[];HandRight_(-0.3, -0.5, -0.1)_(0.6, 0.3, 0.3, -0.7)_1.012537_System.String[];HandRight_(0.4, -0.8, -0.1)_(-0.5, -0.5, -0.6, 0.5)_0.9825718_System.String[];47.5007;0.5433;0.8342;1.9935;-1.9686;1.1671;1.0688;-4.2861;3.6684;359.2122;355.8147;58.9795;236.0526;356.6516;7.0136
0.9927;0.9880;False;False;2.3075;-2.2612;0.0002;-0.0307;-4.3014;3.9781;359.2005;1.0601;23.4116;198.8451;0.4287;358.0779;-0.8963;0.0845;-0.2694;2.1432;-0.8716;1.4693;173571;71.82801;Infinity;2412.48;2.0625;-1.7167;1.1472;1.4624;-4.1981;3.4619;354.0541;353.6192;70.5533;205.0225;354.1702;357.6226;LeftFalse_RightTrue;LeftFalse_RightFalse;HandLeft_(-0.3, -0.4, -0.2)_(-0.8, 0.2, 0.5, 0.4)_1.012537_System.String[];HandLeft_(0.2, -0.8, -0.1)_(0.5, 0.8, -0.3, 0.3)_0.9825718_System.String[];HandRight_(-0.3, -0.5, -0.1)_(0.6, 0.3, 0.3, -0.7)_1.012537_System.String[];HandRight_(0.4, -0.8, -0.1)_(-0.5, -0.5, -0.6, 0.5)_0.9825718_System.String[];47.5422;0.5433;0.8342;2.0527;-2.0213;1.1681;1.0615;-4.1948;3.6241;359.1662;356.6734;60.2303;236.9771;356.4893;6.7482
0.9935;0.9877;False;False;2.3706;-2.2930;0.0030;-0.0418;-4.2130;3.9431;359.3601;1.5809;24.4573;199.6434;0.6474;357.2567;-0.9094;0.0383;-0.2467;2.1838;-0.8949;1.5482;173574;71.90477;Infinity;2412.52;2.1247;-1.7803;1.1486;1.4578;-4.1024;3.4136;354.0090;354.2192;71.5668;205.9256;354.3745;356.8692;LeftFalse_RightTrue;LeftFalse_RightFalse;HandLeft_(-0.3, -0.4, -0.2)_(-0.8, 0.2, 0.5, 0.4)_1.012537_System.String[];HandLeft_(0.2, -0.8, -0.1)_(0.5, 0.8, -0.3, 0.3)_0.9825718_System.String[];HandRight_(-0.3, -0.5, -0.1)_(0.6, 0.3, 0.3, -0.7)_1.012537_System.String[];HandRight_(0.4, -0.8, -0.1)_(-0.5, -0.5, -0.6, 0.5)_0.9825718_System.String[];47.5840;0.5433;0.8342;2.1143;-2.0763;1.1695;1.0526;-4.0986;3.5815;359.1523;357.5844;61.3890;237.8563;356.7428;6.4386
0.9885;0.9824;False;False;2.4370;-2.3273;0.0042;-0.0508;-4.1220;3.9048;359.4888;1.9812;25.5346;200.3947;0.7240;356.6687;-0.9550;0.0088;-0.1771;2.2192;-0.9835;1.6415;173577;71.76134;Infinity;2412.57;2.1916;-1.8419;1.1496;1.4528;-4.0047;3.3652;354.0180;354.7503;72.6156;206.7620;354.5555;356.2339;LeftFalse_RightTrue;LeftFalse_RightFalse;HandLeft_(-0.3, -0.4, -0.2)_(-0.7, 0.2, 0.5, 0.4)_1.012537_System.String[];HandLeft_(0.2, -0.8, -0.1)_(0.5, 0.8, -0.3, 0.3)_0.9825718_System.String[];HandRight_(-0.3, -0.5, -0.1)_(0.6, 0.3, 0.3, -0.7)_1.012537_System.String[];HandRight_(0.4, -0.8, -0.1)_(-0.5, -0.5, -0.6, 0.5)_0.9825718_System.String[];47.6260;0.5432;0.8338;2.1803;-2.1300;1.1705;1.0440;-4.0000;3.5383;359.0558;358.3165;62.5381;238.7159;357.1124;6.1731
0.9842;0.9696;False;False;2.5078;-2.3659;0.0042;-0.0571;-4.0284;3.8626;359.5908;2.2482;26.6439;201.2212;0.7316;356.2971;-1.0126;-0.0089;-0.1250;2.2526;-1.0431;1.7393;173580;71.37514;Infinity;2412.61;2.2642;-1.9004;1.1498;1.4485;-3.9055;3.3140;354.0738;355.1062;73.7035;207.6105;354.6551;355.8380;LeftFalse_RightTrue;LeftFalse_RightFalse;HandLeft_(-0.3, -0.4, -0.2)_(-0.7, 0.3, 0.5, 0.4)_1.012537_System.String[];HandLeft_(0.2, -0.8, -0.1)_(0.5, 0.8, -0.3, 0.3)_0.9825718_System.String[];HandRight_(-0.3, -0.5, -0.1)_(0.6, 0.3, 0.3, -0.7)_1.012537_System.String[];HandRight_(0.4, -0.8, -0.1)_(-0.4, -0.5, -0.6, 0.5)_0.9825718_System.String[];47.6682;0.5431;0.8286;2.2521;-2.1825;1.1707;1.0376;-3.8998;3.4921;358.9508;358.7161;63.6919;239.6829;357.3593;5.9937
0.9810;0.9443;False;False;2.5822;-2.4077;0.0036;-0.0614;-3.9339;3.8179;359.6687;2.4186;27.7703;202.1151;0.7079;356.0601;-1.0705;-0.0187;-0.0863;2.2847;-1.0944;1.8383;173583;71.54308;Infinity;2412.65;2.3417;-1.9587;1.1494;1.4453;-3.8053;3.2608;354.1436;355.3368;74.8214;208.5170;354.7078;355.5862;LeftFalse_RightTrue;LeftFalse_RightFalse;HandLeft_(-0.3, -0.4, -0.2)_(-0.7, 0.3, 0.5, 0.4)_1.012537_System.String[];HandLeft_(0.2, -0.8, -0.1)_(0.5, 0.8, -0.3, 0.3)_0.9825718_System.String[];HandRight_(-0.3, -0.5, -0.1)_(0.6, 0.3, 0.3, -0.7)_1.012537_System.String[];HandRight_(0.4, -0.8, -0.1)_(-0.4, -0.5, -0.6, 0.5)_0.9825718_System.String[];47.7100;0.5428;0.8192;2.3287;-2.2357;1.1703;1.0333;-3.7986;3.4439;358.9244;358.9651;64.7281;240.7708;357.5172;5.8892
0.9788;0.9085;False;False;2.6606;-2.4523;0.0027;-0.0643;-3.8384;3.7711;359.7273;2.5238;28.9196;203.0667;0.6728;355.9057;-1.1285;-0.0232;-0.0581;2.3149;-1.1402;1.9379;173586;71.76212;Infinity;2412.69;2.4230;-2.0173;1.1487;1.4431;-3.7052;3.2065;354.2114;355.4807;75.9578;209.4696;354.7332;355.4240;LeftFalse_RightTrue;LeftFalse_RightFalse;HandLeft_(-0.3, -0.4, -0.2)_(-0.7, 0.2, 0.5, 0.4)_1.012537_System.String[];HandLeft_(0.2, -0.8, -0.1)_(0.5, 0.8, -0.3, 0.3)_0.9825718_System.String[];HandRight_(-0.3, -0.5, -0.1)_(0.6, 0.3, 0.3, -0.7)_1.012537_System.String[];HandRight_(0.4, -0.8, -0.1)_(-0.4, -0.5, -0.6, 0.5)_0.9825718_System.String[];47.7517;0.5426;0.8068;2.4092;-2.2899;1.1696;1.0305;-3.6972;3.3944;358.8736;359.1008;65.7007;241.8479;357.6503;5.8137
0.9760;0.8666;False;False;2.7438;-2.5002;0.0017;-0.0662;-3.7408;3.7219;359.7708;2.5863;30.1071;204.0737;0.6358;355.8026;-1.1860;-0.0242;-0.0377;2.3423;-1.1817;2.0386;173589;71.60123;Infinity;2412.73;2.5087;-2.0776;1.1478;1.4417;-3.6040;3.1506;354.2712;355.5685;77.1260;210.4689;354.7436;355.3159;LeftFalse_RightTrue;LeftFalse_RightFalse;HandLeft_(-0.3, -0.4, -0.2)_(-0.8, 0.2, 0.5, 0.4)_1.012537_System.String[];HandLeft_(0.2, -0.8, -0.1)_(0.5, 0.8, -0.3, 0.3)_0.9825718_System.String[];HandRight_(-0.3, -0.5, -0.1)_(0.6, 0.3, 0.3, -0.7)_1.012537_System.String[];HandRight_(0.4, -0.8, -0.1)_(-0.3, -0.5, -0.6, 0.5)_0.9825718_System.String[];47.7937;0.5426;0.7920;2.4942;-2.3459;1.1688;1.0286;-3.5947;3.3434;358.8597;359.1562;66.6471;242.9095;357.8151;5.7449
0.9690;0.8278;False;False;2.8316;-2.5564;0.0007;-0.0554;-3.6422;3.6689;359.8022;2.0762;31.3269;205.1472;0.6023;356.8163;-1.1226;-0.0233;0.8083;2.3660;-1.3355;2.1405;173592;71.60006;Infinity;2412.78;2.6002;-2.1387;1.1469;1.4412;-3.5005;3.0923;354.3210;355.5676;78.3427;211.5110;354.7457;355.3219;LeftFalse_RightTrue;LeftFalse_RightFalse;HandLeft_(-0.3, -0.4, -0.2)_(-0.7, 0.2, 0.5, 0.4)_1.012537_System.String[];HandLeft_(0.2, -0.8, -0.1)_(0.5, 0.8, -0.3, 0.3)_0.9825718_System.String[];HandRight_(-0.3, -0.5, -0.1)_(0.6, 0.3, 0.3, -0.7)_1.012537_System.String[];HandRight_(0.4, -0.8, -0.1)_(-0.3, -0.5, -0.6, 0.5)_0.9825718_System.String[];47.8354;0.5426;0.7776;2.5848;-2.4033;1.1680;1.0284;-3.4897;3.2903;358.8228;359.0741;67.5578;243.9670;357.9962;5.6923
0.9582;0.7972;False;False;2.9239;-2.6168;-0.0011;-0.0303;-3.5416;3.6097;359.7913;0.9341;32.5908;206.3255;0.4936;358.7693;-1.1173;-0.0706;0.5190;2.3900;-1.3841;2.2386;173595;71.39236;Infinity;2412.82;2.6958;-2.1414;1.1460;1.4509;-3.3968;3.0300;354.3664;353.9872;79.5880;212.3827;354.7292;357.5872;LeftFalse_RightTrue;LeftFalse_RightFalse;HandLeft_(-0.3, -0.4, -0.2)_(-0.7, 0.2, 0.5, 0.4)_1.012537_System.String[];HandLeft_(0.2, -0.8, -0.1)_(0.5, 0.8, -0.3, 0.3)_0.9825718_System.String[];HandRight_(-0.3, -0.5, -0.1)_(0.6, 0.3, 0.3, -0.7)_1.012537_System.String[];HandRight_(0.4, -0.8, -0.1)_(-0.4, -0.5, -0.6, 0.5)_0.9825718_System.String[];47.8777;0.5424;0.7618;2.6798;-2.4217;1.1671;1.0510;-3.3848;3.2325;358.7807;356.4414;68.4632;244.9963;358.1231;6.6185
0.9461;0.7749;False;False;3.0197;-2.6732;-0.0066;-0.0143;-3.4389;3.5502;359.6261;0.2157;33.8997;207.4882;0.0781;359.7685;-1.1957;-0.1566;0.3290;2.3990;-1.3914;2.3610;173598;71.45449;Infinity;2412.86;2.7984;-2.1721;1.1433;1.4593;-3.2960;2.9660;354.5274;353.0194;80.9100;213.4063;354.4225;358.7300;LeftFalse_RightTrue;LeftFalse_RightFalse;HandLeft_(-0.3, -0.4, -0.2)_(-0.7, 0.3, 0.5, 0.4)_1.012537_System.String[];HandLeft_(0.2, -0.8, -0.1)_(0.5, 0.8, -0.3, 0.3)_0.9825718_System.String[];HandRight_(-0.3, -0.5, -0.1)_(0.6, 0.3, 0.3, -0.7)_1.012537_System.String[];HandRight_(0.4, -0.8, -0.1)_(-0.4, -0.5, -0.6, 0.5)_0.9825718_System.String[];47.9197;0.5421;0.7448;2.7818;-2.4585;1.1647;1.0662;-3.2828;3.1737;358.7827;354.9353;69.3800;246.0955;357.8950;6.8838
0.9338;0.7586;False;False;3.1204;-2.7300;-0.0154;-0.0048;-3.3348;3.4913;359.3276;359.7916;35.2392;208.6188;359.4431;0.2682;-1.3310;-0.2585;0.1491;2.4102;-1.3836;2.5634;173601;71.65446;Infinity;2412.90;2.9083;-2.2202;1.1382;1.4656;-3.1985;2.9011;354.7745;352.4417;82.2941;214.4749;353.8421;359.3102;LeftFalse_RightTrue;LeftFalse_RightFalse;HandLeft_(-0.3, -0.4, -0.2)_(-0.8, 0.2, 0.5, 0.4)_1.012537_System.String[];HandLeft_(0.2, -0.8, -0.1)_(0.5, 0.8, -0.3, 0.3)_0.9825718_System.String[];HandRight_(-0.3, -0.5, -0.1)_(0.6, 0.3, 0.3, -0.7)_1.012537_System.String[];HandRight_(0.5, -0.7, -0.1)_(-0.3, -0.5, -0.6, 0.6)_0.9825718_System.String[];47.9614;0.5418;0.7263;2.8913;-2.5076;1.1602;1.0760;-3.1843;3.1142;358.7864;354.0412;70.3750;247.1797;357.3087;6.8820
0.9210;0.7467;False;False;3.2279;-2.7890;-0.0268;0.0005;-3.2284;3.4326;358.9218;359.5640;36.6144;209.7393;358.6508;0.5028;-1.4103;-0.3080;0.0778;2.4176;-1.3867;2.7019;173604;71.45949;Infinity;2412.94;3.0253;-2.2800;1.1308;1.4698;-3.1035;2.8354;355.0727;352.1232;83.7184;215.5626;353.0611;359.5893;LeftFalse_RightTrue;LeftFalse_RightFalse;HandLeft_(-0.3, -0.4, -0.2)_(-0.8, 0.2, 0.5, 0.4)_1.012537_System.String[];HandLeft_(0.2, -0.8, -0.1)_(0.5, 0.8, -0.3, 0.3)_0.9825718_System.String[];HandRight_(-0.3, -0.5, -0.1)_(0.6, 0.3, 0.3, -0.7)_1.012537_System.String[];HandRight_(0.5, -0.7, -0.1)_(-0.2, -0.6, -0.5, 0.6)_0.9825718_System.String[];48.0034;0.5414;0.7086;3.0080;-2.5654;1.1535;1.0822;-3.0885;3.0542;358.7973;353.4713;71.4355;248.2374;356.4901;6.7822
0.9096;0.7381;False;False;3.3417;-2.8504;-0.0401;0.0030;-3.1206;3.3737;358.4395;359.4637;38.0081;210.8415;357.7574;0.5922;-1.4849;-0.3436;0.0322;2.4216;-1.4075;2.8371;173607;71.2529;Infinity;2412.99;3.1484;-2.3476;1.1217;1.4722;-3.0105;2.7689;355.3993;351.9726;85.1593;216.6518;352.1412;359.7047;LeftFalse_RightTrue;LeftFalse_RightFalse;HandLeft_(-0.3, -0.4, -0.2)_(-0.8, 0.2, 0.5, 0.4)_1.012537_System.String[];HandLeft_(0.2, -0.8, -0.1)_(0.5, 0.8, -0.3, 0.3)_0.9825718_System.String[];HandRight_(-0.3, -0.5, -0.1)_(0.6, 0.3, 0.3, -0.7)_1.012537_System.String[];HandRight_(0.5, -0.7, -0.1)_(-0.2, -0.6, -0.5, 0.6)_0.9825718_System.String[];48.0457;0.5408;0.6906;3.1311;-2.6294;1.1448;1.0855;-2.9950;2.9938;358.7531;353.0954;72.5519;249.2374;355.4704;6.6613
0.9009;0.7318;False;False;3.4607;-2.9138;-0.0525;0.0039;-3.0143;3.3145;357.9954;359.4418;39.3745;211.9109;357.0194;0.6042;-1.5571;-0.2488;0.0042;2.4877;-1.4369;2.9067;173610;71.57108;Infinity;2413.03;3.2769;-2.4210;1.1115;1.4733;-2.9181;2.7012;355.7011;351.9247;86.5940;217.7318;351.2107;359.7332;LeftFalse_RightTrue;LeftFalse_RightFalse;HandLeft_(-0.3, -0.4, -0.2)_(-0.8, 0.2, 0.5, 0.4)_1.012537_System.String[];HandLeft_(0.2, -0.8, -0.1)_(0.5, 0.8, -0.3, 0.3)_0.9825718_System.String[];HandRight_(-0.3, -0.5, -0.1)_(0.6, 0.3, 0.3, -0.7)_1.012537_System.String[];HandRight_(0.5, -0.7, -0.1)_(-0.2, -0.6, -0.5, 0.6)_0.9825718_System.String[];48.0874;0.5405;0.6752;3.2595;-2.6984;1.1353;1.0873;-2.9022;2.9320;358.6937;352.8407;73.6875;250.1492;354.4762;6.5176
0.8931;0.7272;False;False;3.5854;-2.9805;-0.0614;0.0037;-2.9069;3.2536;357.6843;359.4644;40.7329;212.9777;356.6030;0.5796;-1.6297;-0.1780;-0.0118;2.4659;-1.4684;3.0430;173613;71.43108;Infinity;2413.07;3.4057;-2.4989;1.1033;1.4736;-2.8194;2.6322;355.8343;351.9367;87.9744;218.8002;350.6139;359.7189;LeftFalse_RightTrue;LeftFalse_RightFalse;HandLeft_(-0.3, -0.4, -0.2)_(-0.8, 0.2, 0.5, 0.4)_1.012537_System.String[];HandLeft_(0.2, -0.8, -0.1)_(0.5, 0.8, -0.3, 0.3)_0.9825718_System.String[];HandRight_(-0.3, -0.5, -0.1)_(0.6, 0.3, 0.3, -0.7)_1.012537_System.String[];HandRight_(0.5, -0.7, -0.1)_(-0.1, -0.6, -0.5, 0.6)_0.9825718_System.String[];48.1294;0.5403;0.6600;3.3883;-2.7712;1.1277;1.0878;-2.8029;2.8688;358.5825;352.6522;74.7534;250.9736;353.8467;6.3685
0.8867;0.7238;False;False;3.7165;-3.0496;-0.0675;0.0010;-2.8011;3.1903;357.4683;359.4298;42.1153;214.0463;356.3497;0.3563;-1.7115;-0.1242;-0.1161;2.4664;-1.4975;3.1826;173616;71.39845;Infinity;2413.11;3.5390;-2.5820;1.0972;1.4736;-2.7176;2.5630;355.8907;351.9557;89.3639;219.8827;350.2311;359.6032;LeftFalse_RightTrue;LeftFalse_RightFalse;HandLeft_(-0.3, -0.4, -0.2)_(-0.8, 0.2, 0.5, 0.4)_1.012537_System.String[];HandLeft_(0.2, -0.8, -0.1)_(0.5, 0.8, -0.3, 0.3)_0.9825718_System.String[];HandRight_(-0.3, -0.5, -0.1)_(0.6, 0.3, 0.3, -0.7)_1.012537_System.String[];HandRight_(0.5, -0.7, -0.1)_(-0.1, -0.6, -0.5, 0.7)_0.9825718_System.String[];48.1714;0.5402;0.6458;3.5217;-2.8486;1.1221;1.0874;-2.7006;2.8049;358.3845;352.5826;75.8116;251.8053;353.3898;6.1010
0.8807;0.7214;False;False;3.8520;-3.1213;-0.0717;-0.0059;-2.6971;3.1247;357.3244;359.2564;43.5192;215.1112;356.1854;359.8430;-1.8125;-0.0871;-0.2017;2.4500;-1.5213;3.2795;173619;71.68948;Infinity;2413.15;3.6765;-2.6718;1.0930;1.4742;-2.6149;2.4991;355.9144;351.8746;90.7666;221.0059;349.9826;359.1571;LeftFalse_RightTrue;LeftFalse_RightFalse;HandLeft_(-0.3, -0.4, -0.2)_(-0.8, 0.2, 0.5, 0.4)_1.012537_System.String[];HandLeft_(0.2, -0.8, -0.1)_(0.5, 0.8, -0.3, 0.3)_0.9825718_System.String[];HandRight_(-0.3, -0.5, -0.1)_(0.6, 0.3, 0.3, -0.7)_1.012537_System.String[];HandRight_(0.5, -0.7, -0.1)_(-0.1, -0.5, -0.5, 0.7)_0.9825718_System.String[];48.2131;0.5402;0.6340;3.6594;-2.9312;1.1182;1.0854;-2.5974;2.7442;358.2317;352.6553;76.9102;252.7104;353.0509;5.5105
0.8745;0.7200;False;False;3.9932;-3.1982;-0.0746;-0.0160;-2.5934;3.0558;357.2388;358.9594;44.9793;216.1986;356.0605;359.1235;-1.9217;-0.0600;-0.2694;2.4187;-1.5466;3.3670;173622;71.28008;Infinity;2413.20;3.8184;-2.7684;1.0902;1.4745;-2.5119;2.4392;355.9469;351.6914;92.2062;222.1676;349.8150;358.4702;LeftFalse_RightTrue;LeftFalse_RightFalse;HandLeft_(-0.3, -0.4, -0.2)_(-0.8, 0.2, 0.5, 0.4)_1.012537_System.String[];HandLeft_(0.2, -0.8, -0.1)_(0.5, 0.8, -0.3, 0.3)_0.9825718_System.String[];HandRight_(-0.3, -0.5, -0.1)_(0.6, 0.3, 0.3, -0.7)_1.012537_System.String[];HandRight_(0.5, -0.7, -0.2)_(-0.1, -0.5, -0.5, 0.7)_0.9825718_System.String[];48.2554;0.5402;0.6260;3.8015;-3.0198;1.1155;1.0817;-2.4938;2.6855;358.1395;352.7697;78.0417;253.7108;352.7689;4.6810
0.8668;0.7197;False;False;4.1377;-3.2794;-0.0765;-0.0286;-2.4921;2.9850;357.1947;358.5657;46.4607;217.2950;355.9694;358.2744;-2.0346;-0.0404;-0.3206;2.3792;-1.5758;3.4574;173625;71.3423;Infinity;2413.24;3.9664;-2.8722;1.0883;1.4742;-2.4082;2.3815;355.9842;351.4167;93.6932;223.3782;349.7054;357.6057;LeftFalse_RightTrue;LeftFalse_RightFalse;HandLeft_(-0.3, -0.4, -0.2)_(-0.8, 0.2, 0.5, 0.4)_1.012537_System.String[];HandLeft_(0.2, -0.8, -0.1)_(0.5, 0.8, -0.3, 0.3)_0.9825718_System.String[];HandRight_(-0.3, -0.5, -0.1)_(0.6, 0.3, 0.3, -0.7)_1.012537_System.String[];HandRight_(0.5, -0.6, -0.2)_(-0.1, -0.5, -0.5, 0.7)_0.9825718_System.String[];48.2974;0.5396;0.6220;3.9496;-3.1152;1.1138;1.0763;-2.3893;2.6277;358.0285;352.9219;79.1661;254.7802;352.5633;3.6786
0.8540;0.7216;False;False;4.2850;-3.3654;-0.0778;-0.0426;-2.3938;2.9128;357.1780;358.1091;47.9544;218.4056;355.9026;357.3705;-2.1620;-0.0266;-0.3474;2.3329;-1.6080;3.5496;173628;71.6642;Infinity;2413.28;4.1164;-2.9798;1.0870;1.4731;-2.3072;2.3263;356.0223;351.0793;95.1839;224.6040;349.6379;356.6514;LeftFalse_RightTrue;LeftFalse_RightFalse;HandLeft_(-0.3, -0.4, -0.2)_(-0.8, 0.2, 0.5, 0.4)_1.012537_System.String[];HandLeft_(0.2, -0.8, -0.1)_(0.5, 0.8, -0.3, 0.3)_0.9825718_System.String[];HandRight_(-0.3, -0.5, -0.1)_(0.6, 0.3, 0.3, -0.7)_1.012537_System.String[];HandRight_(0.5, -0.6, -0.2)_(-0.1, -0.5, -0.5, 0.7)_0.9825718_System.String[];48.3391;0.5378;0.6198;4.1000;-3.2145;1.1127;1.0696;-2.2876;2.5712;357.9253;353.0920;80.2287;255.8613;352.3821;2.5736
0.8361;0.7251;False;False;4.4390;-3.4571;-0.0786;-0.0539;-2.2962;2.8386;357.1794;357.7524;49.4956;219.5401;355.8524;356.7616;-2.2475;-0.0139;-0.2159;2.2519;-1.6589;3.6897;173631;71.29151;Infinity;2413.32;4.2727;-3.0903;1.0863;1.4705;-2.2068;2.2661;356.0607;350.7597;96.7160;225.8349;349.5977;355.8653;LeftFalse_RightTrue;LeftFalse_RightFalse;HandLeft_(-0.3, -0.4, -0.2)_(-0.8, 0.2, 0.5, 0.4)_1.012537_System.String[];HandLeft_(0.2, -0.8, -0.1)_(0.5, 0.8, -0.3, 0.3)_0.9825718_System.String[];HandRight_(-0.3, -0.5, -0.1)_(0.6, 0.3, 0.3, -0.7)_1.012537_System.String[];HandRight_(0.5, -0.6, -0.2)_(-0.1, -0.5, -0.5, 0.7)_0.9825718_System.String[];48.3816;0.5350;0.6186;4.2567;-3.3174;1.1124;1.0625;-2.1861;2.5100;357.7534;353.2517;81.3133;256.9276;352.2844;1.6367
0.8151;0.7276;False;False;4.5945;-3.5513;-0.0791;-0.0619;-2.2029;2.7666;357.1909;357.5152;51.0266;220.6912;355.8129;356.3879;-2.3182;-0.0100;-0.1548;2.1912;-1.6747;3.7823;173634;71.63734;Infinity;2413.36;4.4311;-3.1993;1.0858;1.4675;-2.1099;2.2003;356.0977;350.5408;98.2442;227.0343;349.5760;355.3932;LeftFalse_RightTrue;LeftFalse_RightFalse;HandLeft_(-0.3, -0.4, -0.2)_(-0.8, 0.2, 0.5, 0.4)_1.012537_System.String[];HandLeft_(0.2, -0.8, -0.1)_(0.5, 0.8, -0.3, 0.3)_0.9825718_System.String[];HandRight_(-0.3, -0.5, -0.1)_(0.6, 0.3, 0.3, -0.7)_1.012537_System.String[];HandRight_(0.5, -0.6, -0.2)_(-0.1, -0.5, -0.5, 0.7)_0.9825718_System.String[];48.4231;0.5315;0.6120;4.4153;-3.4201;1.1123;1.0568;-2.0884;2.4451;357.5831;353.3274;82.4652;257.9451;352.2128;1.0679
0.7923;0.7294;False;False;4.7540;-3.6490;-0.0794;-0.0675;-2.1123;2.6947;357.2084;357.3564;52.5717;221.8698;355.7800;356.1422;-2.3861;-0.0063;-0.1081;2.1272;-1.6912;3.8723;173637;71.81481;Infinity;2413.40;4.5934;-3.3103;1.0855;1.4650;-2.0158;2.1307;356.1342;350.3926;99.7840;228.2440;349.5637;355.0865;LeftFalse_RightTrue;LeftFalse_RightFalse;HandLeft_(-0.3, -0.4, -0.2)_(-0.8, 0.2, 0.5, 0.4)_1.012537_System.String[];HandLeft_(0.2, -0.8, -0.1)_(0.5, 0.8, -0.3, 0.3)_0.9825718_System.String[];HandRight_(-0.3, -0.5, -0.1)_(0.6, 0.3, 0.3, -0.7)_1.012537_System.String[];HandRight_(0.5, -0.6, -0.2)_(0.0, -0.5, -0.5, 0.7)_0.9825718_System.String[];48.4648;0.5268;0.5992;4.5779;-3.5254;1.1123;1.0526;-1.9932;2.3773;357.4120;353.3817;83.6575;258.9656;352.1420;0.6588
0.7676;0.7308;False;False;4.9178;-3.7500;-0.0798;-0.0714;-2.0245;2.6225;357.2352;357.2530;54.1297;223.0653;355.7633;355.9765;-2.4553;-0.0102;-0.0732;2.0611;-1.7060;3.9575;173640;71.79188;Infinity;2413.45;4.7596;-3.4238;1.0853;1.4632;-1.9244;2.0584;356.1674;350.2957;101.3353;229.4586;349.5644;354.8818;LeftFalse_RightTrue;LeftFalse_RightFalse;HandLeft_(-0.3, -0.4, -0.2)_(-0.8, 0.2, 0.5, 0.4)_1.012537_System.String[];HandLeft_(0.2, -0.8, -0.1)_(0.5, 0.8, -0.3, 0.3)_0.9825718_System.String[];HandRight_(-0.3, -0.5, -0.1)_(0.6, 0.3, 0.3, -0.7)_1.012537_System.String[];HandRight_(0.5, -0.6, -0.2)_(0.0, -0.5, -0.5, 0.7)_0.9825718_System.String[];48.5066;0.5216;0.5846;4.7445;-3.6333;1.1127;1.0497;-1.9005;2.3074;357.2189;353.4623;84.7749;259.9846;352.1113;0.3555
0.7441;0.7306;False;False;5.0880;-3.8560;-0.0802;-0.0739;-1.9384;2.5490;357.2723;357.1878;55.7159;224.2874;355.7643;355.8630;-2.5271;-0.0120;-0.0476;1.9893;-1.7159;4.0418;173643;71.30212;Infinity;2413.49;4.9325;-3.5420;1.0848;1.4619;-1.8342;1.9828;356.1931;350.2345;102.9164;230.6944;349.5878;354.7419;LeftFalse_RightTrue;LeftFalse_RightFalse;HandLeft_(-0.3, -0.4, -0.2)_(-0.8, 0.2, 0.5, 0.4)_1.012537_System.String[];HandLeft_(0.2, -0.8, -0.1)_(0.5, 0.8, -0.3, 0.3)_0.9825718_System.String[];HandRight_(-0.3, -0.5, -0.1)_(0.6, 0.3, 0.3, -0.7)_1.012537_System.String[];HandRight_(0.5, -0.7, -0.2)_(0.0, -0.5, -0.6, 0.7)_0.9825718_System.String[];48.5491;0.5166;0.5717;4.9177;-3.7460;1.1128;1.0478;-1.8087;2.2346;357.0720;353.4555;85.8814;260.9581;352.1636;0.1949
0.7256;0.7273;False;False;5.2627;-3.9639;-0.0561;-0.0756;-1.8688;2.4763;358.2758;357.1544;57.3859;225.4996;357.9054;355.7795;-2.6023;0.6652;-0.0330;2.0132;-1.7218;4.1574;173646;71.39575;Infinity;2413.53;5.1047;-3.6624;1.0948;1.4611;-1.7267;1.9069;355.6195;350.2020;104.4820;231.9186;350.9515;354.6457;LeftFalse_RightTrue;LeftFalse_RightFalse;HandLeft_(-0.3, -0.4, -0.2)_(-0.8, 0.2, 0.5, 0.4)_1.012537_System.String[];HandLeft_(0.2, -0.8, -0.1)_(0.5, 0.8, -0.3, 0.3)_0.9825718_System.String[];HandRight_(-0.3, -0.5, -0.1)_(0.6, 0.3, 0.3, -0.7)_1.012537_System.String[];HandRight_(0.5, -0.7, -0.2)_(0.0, -0.5, -0.5, 0.7)_0.9825718_System.String[];48.5911;0.5118;0.5574;5.0905;-3.8610;1.1224;1.0465;-1.6986;2.1616;356.7754;353.5022;86.9414;261.8733;353.7296;0.1177
0.7121;0.7232;False;False;5.4393;-4.0745;-0.0338;-0.0766;-1.7964;2.4040;359.1436;357.1434;59.2598;226.7040;359.4417;355.7142;-2.6781;0.4435;-0.0217;1.9748;-1.7249;4.2721;173649;71.67731;Infinity;2413.57;5.2834;-3.7856;1.1131;1.4607;-1.6089;1.8307;354.8724;350.1934;106.1832;233.1355;353.0226;354.5720;LeftFalse_RightTrue;LeftFalse_RightFalse;HandLeft_(-0.3, -0.4, -0.2)_(-0.8, 0.1, 0.5, 0.4)_1.012537_System.String[];HandLeft_(0.2, -0.8, -0.1)_(0.5, 0.8, -0.3, 0.3)_0.9825718_System.String[];HandRight_(-0.3, -0.5, -0.1)_(0.6, 0.3, 0.3, -0.7)_1.012537_System.String[];HandRight_(0.5, -0.7, -0.2)_(0.0, -0.5, -0.5, 0.7)_0.9825718_System.String[];48.6326;0.5064;0.5414;5.2699;-3.9787;1.1399;1.0454;-1.5777;2.0887;356.5243;353.5958;88.1192;262.7472;356.0270;0.0138
0.7022;0.7199;False;False;5.6209;-4.1886;-0.0194;-0.0773;-1.7218;2.3317;359.7006;357.1463;61.2819;227.9069;0.2675;355.6630;-2.7549;0.2799;-0.0140;1.9028;-1.7239;4.4191;173652;71.77402;Infinity;2413.61;5.4719;-3.9121;1.1253;1.4605;-1.5072;1.7543;354.5616;350.1989;108.0702;234.3463;354.1891;354.5159;LeftFalse_RightTrue;LeftFalse_RightFalse;HandLeft_(-0.3, -0.4, -0.2)_(-0.8, 0.1, 0.5, 0.4)_1.012537_System.String[];HandLeft_(0.2, -0.8, -0.1)_(0.5, 0.8, -0.3, 0.3)_0.9825718_System.String[];HandRight_(-0.3, -0.5, -0.1)_(0.6, 0.3, 0.3, -0.7)_1.012537_System.String[];HandRight_(0.5, -0.7, -0.2)_(0.0, -0.5, -0.5, 0.7)_0.9825718_System.String[];48.6743;0.5003;0.5248;5.4595;-4.0997;1.1516;1.0447;-1.4732;2.0158;356.4658;353.6439;89.4162;263.6238;357.3562;359.8391
0.6951;0.7174;False;False;5.8091;-4.3071;-0.0107;-0.0778;-1.6476;2.2588;0.0576;357.1579;63.3399;229.1155;0.7014;355.6216;-2.8315;0.1630;-0.0090;1.7992;-1.7220;4.5243;173655;71.44051;Infinity;2413.66;5.6689;-4.0428;1.1328;1.4604;-1.4164;1.6775;354.4486;350.2134;110.0712;235.5573;354.8523;354.4728;LeftFalse_RightTrue;LeftFalse_RightFalse;HandLeft_(-0.3, -0.4, -0.2)_(-0.8, 0.1, 0.5, 0.4)_1.012537_System.String[];HandLeft_(0.2, -0.8, -0.1)_(0.5, 0.8, -0.3, 0.3)_0.9825718_System.String[];HandRight_(-0.3, -0.5, -0.1)_(0.6, 0.3, 0.3, -0.7)_1.012537_System.String[];HandRight_(0.5, -0.7, -0.1)_(0.0, -0.5, -0.5, 0.7)_0.9825718_System.String[];48.7166;0.4922;0.5075;5.6577;-4.2246;1.1589;1.0443;-1.3799;1.9425;356.4688;353.6734;90.7946;264.5367;358.1729;359.6901
0.6898;0.7157;False;False;6.0002;-4.4280;-0.0062;-0.0780;-1.5781;2.1868;0.2802;357.1743;65.3192;230.3018;0.9209;355.5875;-2.9078;0.0817;-0.0059;1.6615;-1.7189;4.6280;173658;71.63609;Infinity;2413.70;5.8709;-4.1767;1.1370;1.4604;-1.3353;1.6010;354.4235;350.2328;112.0448;236.7572;355.2295;354.4381;LeftFalse_RightTrue;LeftFalse_RightFalse;HandLeft_(-0.3, -0.4, -0.2)_(-0.8, 0.1, 0.5, 0.4)_1.012537_System.String[];HandLeft_(0.2, -0.8, -0.1)_(0.5, 0.8, -0.3, 0.3)_0.9825718_System.String[];HandRight_(-0.3, -0.5, -0.1)_(0.6, 0.3, 0.3, -0.7)_1.012537_System.String[];HandRight_(0.5, -0.7, -0.1)_(0.0, -0.5, -0.6, 0.7)_0.9825718_System.String[];48.7583;0.4822;0.4889;5.8609;-4.3528;1.1630;1.0441;-1.2963;1.8695;356.5076;353.7348;92.1152;265.4122;358.7333;359.6641
0.6850;0.7144;False;False;6.1977;-4.5534;-0.0042;-0.0782;-1.5137;2.1142;0.4096;357.1935;67.2365;231.4834;1.0528;355.5575;-3.0222;0.0153;-0.0036;1.4277;-1.7113;4.7677;173661;71.32262;Infinity;2413.74;6.0760;-4.3135;1.1388;1.4605;-1.2634;1.5251;354.4178;350.2548;113.9521;237.9386;355.4478;354.4091;LeftFalse_RightTrue;LeftFalse_RightFalse;HandLeft_(-0.3, -0.4, -0.2)_(-0.7, 0.1, 0.6, 0.4)_1.012537_System.String[];HandLeft_(0.2, -0.8, -0.1)_(0.5, 0.8, -0.3, 0.3)_0.9825718_System.String[];HandRight_(-0.3, -0.5, -0.1)_(0.6, 0.3, 0.3, -0.7)_1.012537_System.String[];HandRight_(0.5, -0.7, -0.1)_(-0.1, -0.5, -0.6, 0.7)_0.9825718_System.String[];48.8005;0.4718;0.4700;6.0673;-4.4839;1.1647;1.0440;-1.2220;1.7964;356.5602;353.8017;93.3129;266.2256;359.1765;359.7449
0.6810;0.7134;False;False;6.3997;-4.6824;-0.0039;-0.0784;-1.4559;2.0419;0.4780;357.2137;69.0722;232.6496;1.1289;355.5314;-3.0981;-0.0140;-0.0032;1.2735;-1.7046;4.8533;173664;71.19552;Infinity;2413.78;6.2870;-4.4553;1.1391;1.4605;-1.1991;1.4488;354.4080;350.2779;115.8082;239.1176;355.5751;354.3842;LeftFalse_RightTrue;LeftFalse_RightFalse;HandLeft_(-0.3, -0.4, -0.2)_(-0.8, 0.1, 0.5, 0.4)_1.012537_System.String[];HandLeft_(0.2, -0.8, -0.1)_(0.5, 0.8, -0.3, 0.3)_0.9825718_System.String[];HandRight_(-0.3, -0.5, -0.1)_(0.6, 0.3, 0.3, -0.7)_1.012537_System.String[];HandRight_(0.5, -0.7, -0.1)_(-0.1, -0.5, -0.6, 0.7)_0.9825718_System.String[];48.8428;0.4622;0.4514;6.2795;-4.6201;1.1650;1.0441;-1.1555;1.7224;356.5563;353.8464;94.4538;266.9486;359.5260;359.8490
0.6767;0.7128;False;False;6.6032;-4.8133;-0.0048;-0.0785;-1.4050;1.9707;0.5028;357.2336;70.8194;233.7829;1.1560;355.5075;-3.1735;-0.0255;-0.0032;1.1156;-1.6973;4.9341;173667;71.47912;Infinity;2413.82;6.4988;-4.5986;1.1383;1.4606;-1.1436;1.3739;354.4022;350.3008;117.5763;240.2636;355.6333;354.3620;LeftFalse_RightTrue;LeftFalse_RightFalse;HandLeft_(-0.3, -0.4, -0.2)_(-0.8, 0.1, 0.5, 0.4)_1.012537_System.String[];HandLeft_(0.2, -0.8, -0.1)_(0.5, 0.8, -0.3, 0.3)_0.9825718_System.String[];HandRight_(-0.3, -0.5, -0.1)_(0.6, 0.3, 0.3, -0.7)_1.012537_System.String[];HandRight_(0.5, -0.7, -0.1)_(-0.1, -0.5, -0.6, 0.6)_0.9825718_System.String[];48.8845;0.4525;0.4336;6.4926;-4.7579;1.1642;1.0442;-1.0978;1.6495;356.5548;353.8572;95.4539;267.5129;359.8174;359.9422
0.6711;0.7123;False;False;6.8103;-4.9475;-0.0059;-0.0787;-1.3606;1.8999;0.4912;357.2571;72.5051;234.8930;1.1373;355.4934;-3.2480;-0.0324;-0.0082;0.9655;-1.6891;5.0074;173670;71.66348;Infinity;2413.87;6.7135;-4.7449;1.1372;1.4605;-1.0961;1.2997;354.4050;350.3244;119.2860;241.3860;355.6302;354.3450;LeftFalse_RightTrue;LeftFalse_RightFalse;HandLeft_(-0.3, -0.4, -0.2)_(-0.7, 0.1, 0.6, 0.4)_1.012537_System.String[];HandLeft_(0.2, -0.8, -0.1)_(0.5, 0.8, -0.3, 0.3)_0.9825718_System.String[];HandRight_(-0.3, -0.5, -0.1)_(0.6, 0.3, 0.3, -0.7)_1.012537_System.String[];HandRight_(0.5, -0.7, -0.1)_(-0.1, -0.5, -0.6, 0.6)_0.9825718_System.String[];48.9263;0.4424;0.4192;6.7086;-4.8990;1.1632;1.0443;-1.0480;1.5768;356.6143;353.8545;96.3146;267.9177;359.9189;0.0692
0.6630;0.7119;False;False;7.0224;-5.0862;-0.0074;-0.0791;-1.3221;1.8289;0.4578;357.2866;74.1552;235.9919;1.0925;355.4925;-3.3238;-0.0380;-0.0109;0.8302;-1.6771;5.0738;173673;71.41407;Infinity;2413.91;6.9316;-4.8946;1.1361;1.4601;-1.0559;1.2256;354.4154;350.3526;120.9503;242.4870;355.5842;354.3442;LeftFalse_RightTrue;LeftFalse_RightFalse;HandLeft_(-0.3, -0.4, -0.2)_(-0.8, 0.1, 0.6, 0.4)_1.012537_System.String[];HandLeft_(0.2, -0.8, -0.1)_(0.5, 0.8, -0.3, 0.3)_0.9825718_System.String[];HandRight_(-0.3, -0.5, -0.1)_(0.6, 0.3, 0.3, -0.7)_1.012537_System.String[];HandRight_(0.5, -0.7, -0.1)_(-0.2, -0.5, -0.6, 0.6)_0.9825718_System.String[];48.9685;0.4308;0.4079;6.9279;-5.0435;1.1621;1.0438;-1.0057;1.5039;356.5519;353.8535;97.1095;268.1884;359.9799;0.1843
0.6483;0.7116;False;False;7.2367;-5.2277;-0.0091;-0.0796;-1.2894;1.7590;0.4061;357.3187;75.7608;237.0723;1.0467;355.4990;-3.4002;-0.0422;-0.0128;0.7045;-1.6603;5.1349;173676;71.45144;Infinity;2413.95;7.1523;-5.0477;1.1347;1.4594;-1.0219;1.1521;354.4182;350.3832;122.5767;243.5716;355.5186;354.3524;LeftFalse_RightTrue;LeftFalse_RightFalse;HandLeft_(-0.3, -0.4, -0.2)_(-0.7, 0.1, 0.6, 0.4)_1.012537_System.String[];HandLeft_(0.2, -0.8, -0.1)_(0.5, 0.8, -0.3, 0.3)_0.9825718_System.String[];HandRight_(-0.3, -0.5, -0.1)_(0.6, 0.3, 0.3, -0.7)_1.012537_System.String[];HandRight_(0.5, -0.7, -0.1)_(-0.2, -0.5, -0.6, 0.6)_0.9825718_System.String[];49.0105;0.4172;0.3965;7.1498;-5.1911;1.1608;1.0432;-0.9699;1.4316;356.5293;353.8723;97.9010;268.3871;359.9800;0.3308
0.6258;0.7114;False;False;7.4537;-5.3727;-0.0109;-0.0802;-1.2620;1.6898;0.3437;357.3521;77.3291;238.1405;1.0005;355.5092;-3.4763;-0.0433;-0.0142;0.5885;-1.6416;5.1907;173679;71.44965;Infinity;2413.99;7.3758;-5.2043;1.1332;1.4586;-0.9936;1.0794;354.4116;350.4151;124.1707;244.6455;355.4430;354.3658;LeftFalse_RightTrue;LeftFalse_RightFalse;HandLeft_(-0.3, -0.3, -0.2)_(-0.7, 0.1, 0.6, 0.3)_1.012537_System.String[];HandLeft_(0.2, -0.8, -0.1)_(0.5, 0.8, -0.3, 0.3)_0.9825718_System.String[];HandRight_(-0.3, -0.5, -0.1)_(0.6, 0.3, 0.3, -0.7)_1.012537_System.String[];HandRight_(0.5, -0.7, -0.1)_(-0.2, -0.5, -0.6, 0.6)_0.9825718_System.String[];49.0525;0.4005;0.3851;7.3748;-5.3422;1.1593;1.0425;-0.9394;1.3597;356.4974;353.8740;98.5024;268.4956;359.9074;0.4691
0.5949;0.7113;False;False;7.6728;-5.5207;-0.0127;-0.0809;-1.2395;1.6216;0.2769;357.3860;78.8504;239.1940;0.9535;355.5211;-3.5521;-0.0427;-0.0152;0.4817;-1.6209;5.2409;173682;71.48405;Infinity;2414.03;7.6003;-5.3635;1.1317;1.4578;-0.9707;1.0081;354.4012;350.4473;125.7155;245.7007;355.3626;354.3815;LeftFalse_RightTrue;LeftFalse_RightFalse;HandLeft_(-0.3, -0.3, -0.2)_(-0.7, 0.1, 0.6, 0.3)_1.012537_System.String[];HandLeft_(0.2, -0.8, -0.1)_(0.5, 0.8, -0.3, 0.3)_0.9825718_System.String[];HandRight_(-0.3, -0.5, -0.1)_(0.6, 0.3, 0.3, -0.7)_1.012537_System.String[];HandRight_(0.5, -0.7, -0.1)_(-0.2, -0.5, -0.6, 0.6)_0.9825718_System.String[];49.0945;0.3805;0.3742;7.6009;-5.4957;1.1579;1.0419;-0.9142;1.2890;356.3748;353.8224;98.9342;268.6274;359.7823;0.5600
0.5607;0.7112;False;False;7.8924;-5.6710;-0.0145;-0.0815;-1.2217;1.5549;0.2098;357.4198;80.3087;240.2274;0.9068;355.5337;-3.6278;-0.0410;-0.0160;0.3804;-1.5972;5.2851;173685;71.74893;Infinity;2414.08;7.8253;-5.5249;1.1302;1.4568;-0.9527;0.9384;354.3904;350.4793;127.1993;246.7359;355.2808;354.3980;LeftFalse_RightTrue;LeftFalse_RightFalse;HandLeft_(-0.3, -0.3, -0.2)_(-0.7, 0.1, 0.6, 0.3)_1.012537_System.String[];HandLeft_(0.2, -0.8, -0.1)_(0.5, 0.8, -0.3, 0.3)_0.9825718_System.String[];HandRight_(-0.3, -0.5, -0.1)_(0.6, 0.3, 0.3, -0.7)_1.012537_System.String[];HandRight_(0.5, -0.7, -0.1)_(-0.2, -0.5, -0.6, 0.6)_0.9825718_System.String[];49.1360;0.3597;0.3632;7.8275;-5.6516;1.1565;1.0413;-0.8941;1.2198;356.2502;353.7427;99.3644;268.8330;359.7115;0.6725
0.5292;0.7111;False;False;8.1138;-5.8246;-0.0161;-0.0822;-1.2080;1.4892;0.1442;357.4535;81.7097;241.2486;0.8606;355.5462;-3.7029;-0.0389;-0.0165;0.2876;-1.5728;5.3235;173688;71.87717;Infinity;2414.12;8.0519;-5.6896;1.1288;1.4559;-0.9391;0.8700;354.3795;350.5114;128.6287;247.7598;355.2002;354.4148;LeftFalse_RightTrue;LeftFalse_RightFalse;HandLeft_(-0.3, -0.3, -0.2)_(-0.7, 0.1, 0.6, 0.3)_1.012537_System.String[];HandLeft_(0.2, -0.8, -0.1)_(0.5, 0.8, -0.3, 0.3)_0.9825718_System.String[];HandRight_(-0.3, -0.5, -0.1)_(0.6, 0.3, 0.3, -0.7)_1.012537_System.String[];HandRight_(0.5, -0.7, -0.1)_(-0.2, -0.5, -0.6, 0.6)_0.9825718_System.String[];49.1777;0.3374;0.3511;8.0559;-5.8110;1.1552;1.0407;-0.8785;1.1517;356.2132;353.6794;99.7133;269.0797;359.7212;0.8039
0.5028;0.7111;False;False;8.3369;-5.9815;-0.0177;-0.0829;-1.1982;1.4245;0.0813;357.4870;83.0441;242.2546;0.8148;355.5578;-3.7772;-0.0367;-0.0170;0.2020;-1.5482;5.3564;173691;71.93408;Infinity;2414.16;8.2798;-5.8574;1.1275;1.4549;-0.9295;0.8029;354.3702;350.5432;129.9927;248.7687;355.1218;354.4309;LeftFalse_RightTrue;LeftFalse_RightFalse;HandLeft_(-0.3, -0.3, -0.2)_(-0.7, 0.0, 0.6, 0.4)_1.012537_System.String[];HandLeft_(0.2, -0.8, -0.1)_(0.5, 0.8, -0.3, 0.3)_0.9825718_System.String[];HandRight_(-0.3, -0.5, -0.1)_(0.6, 0.3, 0.3, -0.7)_1.012537_System.String[];HandRight_(0.5, -0.7, -0.1)_(-0.2, -0.5, -0.6, 0.6)_0.9825718_System.String[];49.2192;0.3129;0.3382;8.2854;-5.9735;1.1540;1.0400;-0.8671;1.0850;356.1677;353.6671;100.0015;269.3585;359.7263;0.9393
0.4791;0.7110;False;False;8.5620;-6.1421;-0.0191;-0.0836;-1.1918;1.3607;0.0198;357.5168;84.3072;243.2458;0.7720;355.5756;-3.8861;-0.0316;-0.0122;0.0863;-1.5101;5.3971;173694;71.82594;Infinity;2414.20;8.5089;-6.0284;1.1262;1.4539;-0.9235;0.7370;354.3606;350.5737;131.2858;249.7615;355.0463;354.4479;LeftFalse_RightTrue;LeftFalse_RightFalse;HandLeft_(-0.4, -0.3, -0.2)_(-0.6, 0.0, 0.6, 0.4)_1.012537_System.String[];HandLeft_(0.2, -0.8, -0.1)_(0.5, 0.8, -0.3, 0.3)_0.9825718_System.String[];HandRight_(-0.3, -0.5, -0.1)_(0.6, 0.3, 0.3, -0.7)_1.012537_System.String[];HandRight_(0.5, -0.7, -0.1)_(-0.2, -0.5, -0.5, 0.6)_0.9825718_System.String[];49.2612;0.2876;0.3257;8.5163;-6.1395;1.1529;1.0391;-0.8598;1.0195;356.1294;353.7016;100.2334;269.6504;359.6998;1.0655
0.4611;0.7110;False;False;8.7874;-6.3054;-0.0204;-0.0820;-1.1888;1.2994;359.9589;357.6225;85.4885;244.2141;0.7279;355.7925;-3.9304;-0.0290;0.8511;0.0175;-1.5667;5.4195;173697;71.90969;Infinity;2414.24;8.7391;-6.2023;1.1252;1.4530;-0.9209;0.6723;354.3511;350.5942;132.5039;250.7359;354.9716;354.4787;LeftFalse_RightTrue;LeftFalse_RightFalse;HandLeft_(-0.4, -0.3, -0.2)_(-0.6, 0.0, 0.7, 0.4)_1.012537_System.String[];HandLeft_(0.2, -0.8, -0.1)_(0.5, 0.8, -0.3, 0.3)_0.9825718_System.String[];HandRight_(-0.3, -0.5, -0.1)_(0.6, 0.3, 0.3, -0.7)_1.012537_System.String[];HandRight_(0.5, -0.7, -0.1)_(-0.2, -0.5, -0.5, 0.6)_0.9825718_System.String[];49.3027;0.2626;0.3138;8.7479;-6.3086;1.1519;1.0382;-0.8560;0.9551;356.0482;353.7661;100.4074;269.9467;359.6301;1.1921
0.4484;0.7110;False;False;9.0143;-6.4702;-0.0216;-0.0513;-1.1886;1.2507;359.9003;358.8497;86.5889;245.1870;0.6854;358.3474;-3.9683;-0.0221;0.5487;-0.0445;-1.6024;5.4387;173700;71.8812;Infinity;2414.28;8.9698;-6.3785;1.1242;1.4493;-0.9213;0.5588;354.3432;351.3221;133.6404;251.4183;354.8970;356.7297;LeftFalse_RightTrue;LeftFalse_RightFalse;HandLeft_(-0.4, -0.3, -0.2)_(-0.6, 0.0, 0.7, 0.4)_1.012537_System.String[];HandLeft_(0.2, -0.8, -0.1)_(0.5, 0.8, -0.3, 0.3)_0.9825718_System.String[];HandRight_(-0.3, -0.5, -0.2)_(0.7, 0.4, 0.4, -0.5)_1.012537_System.String[];HandRight_(0.5, -0.7, -0.1)_(-0.3, -0.5, -0.6, 0.6)_0.9825718_System.String[];49.3445;0.2367;0.3018;8.9800;-6.4798;1.1514;1.0464;-0.8557;0.8589;356.0090;353.8255;100.4874;270.0629;359.5209;3.6387
0.4420;0.7110;False;False;9.2419;-6.6360;-0.0223;-0.0318;-1.1912;1.1927;359.8589;359.5958;87.5988;246.1992;0.6502;359.5678;-4.0335;-0.0091;0.3578;-0.0987;-1.5825;5.4547;173703;71.84834;Infinity;2414.33;9.2008;-6.5606;1.1235;1.4495;-0.9243;0.4567;354.3354;352.0124;134.6863;252.2132;354.8378;358.3547;LeftFalse_RightTrue;LeftFalse_RightFalse;HandLeft_(-0.4, -0.3, -0.2)_(-0.6, -0.1, 0.7, 0.4)_1.012537_System.String[];HandLeft_(0.2, -0.8, -0.1)_(0.5, 0.8, -0.3, 0.3)_0.9825718_System.String[];HandRight_(-0.3, -0.4, -0.2)_(0.7, 0.4, 0.4, -0.5)_1.012537_System.String[];HandRight_(0.5, -0.7, -0.1)_(-0.2, -0.5, -0.5, 0.6)_0.9825718_System.String[];49.3865;0.2085;0.2857;9.2126;-6.6552;1.1510;1.0556;-0.8580;0.7696;355.9471;354.1013;100.5295;270.2357;359.3747;5.4973
0.4416;0.7124;False;False;9.4717;-6.8062;-0.0225;-0.0193;-1.1958;1.1314;359.8335;0.0638;88.5183;247.2162;0.6042;0.2007;-4.1192;-0.0018;0.2235;-0.1409;-1.5417;5.4700;173706;71.55997;Infinity;2414.37;9.4331;-6.7472;1.1234;1.4514;-0.9298;0.3716;354.3477;352.4734;135.6401;253.1183;354.7859;359.2154;LeftFalse_RightTrue;LeftFalse_RightFalse;HandLeft_(-0.4, -0.2, -0.2)_(-0.6, -0.1, 0.7, 0.4)_1.012537_System.String[];HandLeft_(0.2, -0.8, -0.1)_(0.5, 0.8, -0.3, 0.3)_0.9825718_System.String[];HandRight_(-0.3, -0.4, -0.2)_(0.7, 0.4, 0.4, -0.5)_1.012537_System.String[];HandRight_(0.5, -0.7, -0.1)_(-0.2, -0.6, -0.5, 0.6)_0.9825718_System.String[];49.4285;0.1753;0.2698;9.4462;-6.8348;1.1511;1.0624;-0.8632;0.6916;355.8589;354.4038;100.5584;270.4738;359.1672;6.5064
0.4424;0.7159;False;False;9.7020;-6.9800;-0.0225;-0.0119;-1.2022;1.0700;359.8179;0.3319;89.3364;248.2132;0.5544;0.4929;-4.1956;0.0030;0.1283;-0.1734;-1.4835;5.4852;173709;71.45823;Infinity;2414.41;9.6675;-6.9381;1.1236;1.4537;-0.9372;0.2975;354.3709;352.7578;136.5007;254.0715;354.7392;359.6388;LeftFalse_RightTrue;LeftFalse_RightFalse;HandLeft_(-0.4, -0.2, -0.2)_(-0.5, -0.2, 0.7, 0.4)_1.012537_System.String[];HandLeft_(0.2, -0.8, -0.1)_(0.5, 0.8, -0.3, 0.3)_0.9825718_System.String[];HandRight_(-0.3, -0.4, -0.2)_(0.6, 0.4, 0.4, -0.5)_1.012537_System.String[];HandRight_(0.5, -0.7, -0.1)_(-0.2, -0.6, -0.5, 0.6)_0.9825718_System.String[];49.4705;0.1385;0.2549;9.6818;-7.0190;1.1517;1.0672;-0.8705;0.6211;355.8226;354.5977;100.5978;270.7771;358.9255;6.9729
0.4437;0.7199;False;False;9.9324;-7.1571;-0.0223;-0.0081;-1.2096;1.0102;359.8084;0.4675;90.0394;249.1662;0.5002;0.6105;-4.2749;0.0061;0.0599;-0.1908;-1.4175;5.5007;173712;71.47556;Infinity;2414.45;9.9008;-7.1299;1.1240;1.4556;-0.9460;0.2321;354.4020;352.9142;137.2483;255.0177;354.6952;359.8197;LeftFalse_RightTrue;LeftFalse_RightFalse;HandLeft_(-0.4, -0.3, -0.1)_(-0.4, -0.2, 0.8, 0.4)_1.012537_System.String[];HandLeft_(0.2, -0.8, -0.1)_(0.5, 0.8, -0.3, 0.3)_0.9825718_System.String[];HandRight_(-0.3, -0.4, -0.2)_(0.6, 0.4, 0.4, -0.6)_1.012537_System.String[];HandRight_(0.5, -0.7, -0.1)_(-0.2, -0.6, -0.5, 0.6)_0.9825718_System.String[];49.5125;0.0993;0.2409;9.9157;-7.2048;1.1525;1.0701;-0.8790;0.5573;355.7727;354.7243;100.4829;271.0564;358.7123;7.1616
0.4494;0.7231;False;False;10.1641;-7.3385;-0.0220;-0.0067;-1.2175;0.9525;359.8025;0.5116;90.6201;250.0676;0.4419;0.6474;-4.3540;0.0079;0.0127;-0.1996;-1.3527;5.5159;173715;71.4513;Infinity;2414.49;10.1357;-7.3247;1.1245;1.4566;-0.9554;0.1719;354.4400;352.9783;137.8770;255.9322;354.6508;359.8855;LeftFalse_RightTrue;LeftFalse_RightFalse;HandLeft_(-0.4, -0.3, -0.1)_(-0.4, -0.2, 0.8, 0.4)_1.012537_System.String[];HandLeft_(0.2, -0.7, -0.1)_(0.5, 0.6, -0.5, 0.3)_0.9825718_System.String[];HandRight_(-0.3, -0.4, -0.2)_(0.5, 0.4, 0.4, -0.6)_1.012537_System.String[];HandRight_(0.5, -0.7, -0.1)_(-0.2, -0.6, -0.5, 0.6)_0.9825718_System.String[];49.5544;0.0581;0.2301;10.1512;-7.3941;1.1533;1.0710;-0.8883;0.4979;355.7347;354.8801;100.3766;271.3622;358.4167;7.2476
0.4556;0.7266;False;False;10.3966;-7.5237;-0.0216;-0.0070;-1.2253;0.8970;359.7986;0.4971;91.0688;250.9166;0.3800;0.6412;-4.4309;0.0089;-0.0175;-0.1915;-1.2935;5.5317;173718;71.30923;Infinity;2414.54;10.3679;-7.5190;1.1251;1.4566;-0.9649;0.1169;354.4812;352.9787;138.3695;256.7886;354.6068;359.8899;LeftFalse_RightTrue;LeftFalse_RightFalse;HandLeft_(-0.4, -0.3, -0.1)_(-0.3, -0.3, 0.8, 0.3)_1.012537_System.String[];HandLeft_(0.2, -0.7, -0.1)_(0.5, 0.6, -0.5, 0.3)_0.9825718_System.String[];HandRight_(-0.3, -0.4, -0.2)_(0.5, 0.4, 0.4, -0.7)_1.012537_System.String[];HandRight_(0.5, -0.7, -0.1)_(-0.2, -0.6, -0.5, 0.6)_0.9825718_System.String[];49.5964;0.0211;0.2246;10.3837;-7.5840;1.1541;1.0709;-0.8968;0.4430;355.7318;355.0626;100.1786;271.6762;358.0710;7.2250
0.4601;0.7309;False;False;10.6294;-7.7121;-0.0212;-0.0083;-1.2324;0.8440;359.7956;0.4478;91.3773;251.7236;0.3154;0.6133;-4.5059;0.0094;-0.0358;-0.1732;-1.2380;5.5475;173721;71.36636;Infinity;2414.58;10.6040;-7.7185;1.1258;1.4561;-0.9740;0.0645;354.5266;352.9407;138.7296;257.6174;354.5605;359.8625;LeftFalse_RightFalse;LeftFalse_RightFalse;HandLeft_(-0.5, -0.3, -0.1)_(-0.3, -0.4, 0.9, 0.2)_1.012537_System.String[];HandLeft_(0.2, -0.7, -0.1)_(0.5, 0.6, -0.5, 0.4)_0.9825718_System.String[];HandRight_(-0.3, -0.3, -0.2)_(0.5, 0.4, 0.4, -0.7)_1.012537_System.String[];HandRight_(0.5, -0.7, -0.1)_(-0.2, -0.6, -0.6, 0.6)_0.9825718_System.String[];49.6384;-0.0060;0.2241;10.6199;-7.7795;1.1549;1.0699;-0.9044;0.3907;355.7219;355.2159;99.8897;272.0552;357.7228;7.1264
0.4634;0.7361;False;False;10.8625;-7.9035;-0.0208;-0.0101;-1.2386;0.7933;359.7915;0.3796;91.5560;252.5056;0.2517;0.5769;-4.5792;0.0103;-0.0457;-0.1518;-1.1842;5.5629;173724;71.47087;Infinity;2414.62;10.8379;-7.9187;1.1265;1.4553;-0.9820;0.0154;354.5715;352.8813;138.9521;258.4113;354.5142;359.8210;LeftFalse_RightFalse;LeftFalse_RightFalse;HandLeft_(-0.5, -0.4, -0.1)_(-0.2, -0.5, 0.8, 0.1)_1.012537_System.String[];HandLeft_(0.2, -0.7, -0.1)_(0.5, 0.6, -0.6, 0.4)_0.9825718_System.String[];HandRight_(-0.3, -0.3, -0.2)_(0.4, 0.4, 0.4, -0.7)_1.012537_System.String[];HandRight_(0.5, -0.7, -0.1)_(-0.2, -0.5, -0.6, 0.6)_0.9825718_System.String[];49.6804;-0.0280;0.2241;10.8534;-7.9757;1.1556;1.0683;-0.9105;0.3413;355.7664;355.3462;99.4887;272.4667;357.4555;7.0014
0.4658;0.7450;False;False;11.0948;-8.0970;-0.0204;-0.0122;-1.2438;0.7453;359.7865;0.3034;91.6198;253.2719;0.1925;0.5393;-4.6872;0.0105;-0.0509;-0.1175;-1.1067;5.5856;173727;71.73412;Infinity;2414.66;11.0704;-8.1203;1.1272;1.4541;-0.9888;-0.0308;354.6131;352.8116;139.0561;259.1862;354.4695;359.7752;LeftFalse_RightFalse;LeftFalse_RightFalse;HandLeft_(-0.4, -0.4, -0.1)_(-0.2, -0.5, 0.8, 0.1)_1.012537_System.String[];HandLeft_(0.2, -0.7, -0.1)_(0.4, 0.6, -0.6, 0.4)_0.9825718_System.String[];HandRight_(-0.3, -0.3, -0.2)_(0.3, 0.4, 0.3, -0.8)_1.012537_System.String[];HandRight_(0.5, -0.7, -0.1)_(-0.2, -0.5, -0.6, 0.6)_0.9825718_System.String[];49.7222;-0.0469;0.2253;11.0854;-8.1735;1.1566;1.0667;-0.9153;0.2950;355.5977;355.4145;99.0668;272.9355;357.3591;6.8198
0.4675;0.7563;False;False;11.3284;-8.2941;-0.0199;-0.0143;-1.2480;0.6994;359.7815;0.2251;91.5914;254.0396;0.1375;0.5041;-4.7588;0.0120;-0.0505;-0.0901;-1.0550;5.6004;173730;71.77582;Infinity;2414.70;11.3037;-8.3253;1.1279;1.4529;-0.9945;-0.0747;354.6508;352.7379;139.0619;259.9593;354.4275;359.7303;LeftFalse_RightFalse;LeftFalse_RightFalse;HandLeft_(-0.4, -0.4, -0.1)_(-0.1, -0.6, 0.8, 0.1)_1.012537_System.String[];HandLeft_(0.2, -0.7, -0.1)_(0.4, 0.6, -0.5, 0.4)_0.9825718_System.String[];HandRight_(-0.3, -0.3, -0.2)_(0.2, 0.4, 0.3, -0.8)_1.012537_System.String[];HandRight_(0.5, -0.7, -0.1)_(-0.2, -0.6, -0.6, 0.6)_0.9825718_System.String[];49.7639;-0.0644;0.2278;11.3181;-8.3750;1.1576;1.0651;-0.9188;0.2506;355.4392;355.4170;98.6911;273.3795;357.3189;6.6622
0.4688;0.7681;False;False;11.5620;-8.4939;-0.0194;-0.0164;-1.2510;0.6559;359.7784;0.1485;91.4795;254.8122;0.0880;0.4745;-4.8308;0.0128;-0.0484;-0.0594;-1.0019;5.6148;173733;71.88519;Infinity;2414.75;11.5366;-8.5329;1.1286;1.4516;-0.9989;-0.1163;354.6863;352.6644;138.9805;260.7340;354.3898;359.6902;LeftFalse_RightFalse;LeftFalse_RightFalse;HandLeft_(-0.4, -0.4, -0.1)_(-0.1, -0.6, 0.8, 0.1)_1.012537_System.String[];HandLeft_(0.2, -0.7, -0.1)_(0.4, 0.6, -0.5, 0.4)_0.9825718_System.String[];HandRight_(-0.3, -0.3, -0.2)_(0.2, 0.4, 0.3, -0.9)_1.012537_System.String[];HandRight_(0.5, -0.7, -0.1)_(-0.2, -0.6, -0.6, 0.6)_0.9825718_System.String[];49.8057;-0.0760;0.2306;11.5502;-8.5788;1.1585;1.0635;-0.9209;0.2086;355.4230;355.3980;98.2483;273.8105;357.4434;6.5261
0.4697;0.7769;False;False;11.7974;-8.6977;-0.0189;-0.0184;-1.2527;0.6146;359.7763;0.0751;91.2956;255.6013;0.0431;0.4509;-4.9032;0.0132;-0.0456;-0.0285;-0.9475;5.6293;173736;71.7415;Infinity;2414.79;11.7700;-8.7439;1.1294;1.4503;-1.0018;-0.1556;354.7190;352.5931;138.8228;261.5197;354.3565;359.6565;LeftFalse_RightFalse;LeftFalse_RightFalse;HandLeft_(-0.4, -0.4, -0.1)_(-0.1, -0.6, 0.8, 0.1)_1.012537_System.String[];HandLeft_(0.2, -0.7, -0.1)_(0.4, 0.6, -0.5, 0.4)_0.9825718_System.String[];HandRight_(-0.3, -0.3, -0.3)_(0.1, 0.3, 0.3, -0.9)_1.012537_System.String[];HandRight_(0.5, -0.7, -0.1)_(-0.3, -0.6, -0.6, 0.5)_0.9825718_System.String[];49.8474;-0.0830;0.2332;11.7829;-8.7860;1.1594;1.0619;-0.9217;0.1692;355.3632;355.4285;97.7645;274.2473;357.7328;6.3157
0.4704;0.7834;False;False;12.0339;-8.9052;-0.0183;-0.0202;-1.2531;0.5758;359.7746;0.0070;91.0569;256.4074;0.0041;0.4360;-4.9757;0.0133;-0.0371;0.0003;-0.8881;5.6439;173739;71.62351;Infinity;2414.83;12.0056;-8.9599;1.1301;1.4491;-1.0032;-0.1928;354.7481;352.5248;138.6028;262.3253;354.3271;359.6288;LeftFalse_RightFalse;LeftFalse_RightFalse;HandLeft_(-0.4, -0.4, -0.1)_(-0.1, -0.6, 0.8, 0.1)_1.012537_System.String[];HandLeft_(0.2, -0.7, -0.1)_(0.4, 0.6, -0.5, 0.4)_0.9825718_System.String[];HandRight_(-0.3, -0.3, -0.3)_(0.2, 0.3, 0.3, -0.9)_1.012537_System.String[];HandRight_(0.5, -0.7, -0.1)_(-0.2, -0.6, -0.5, 0.5)_0.9825718_System.String[];49.8894;-0.0844;0.2344;12.0177;-8.9979;1.1606;1.0605;-0.9213;0.1317;355.2446;355.5108;97.2261;274.7090;358.0049;6.0895
0.4697;0.7881;False;False;12.2694;-9.1143;-0.0178;-0.0216;-1.2523;0.5400;359.7731;359.9507;90.7836;257.2236;359.9717;0.4429;-5.0475;0.0133;-0.0314;0.0277;-0.8281;5.6585;173742;71.80273;Infinity;2414.87;12.2403;-9.1780;1.1308;1.4479;-1.0033;-0.2275;354.7726;352.4649;138.3414;263.1388;354.3025;359.6230;LeftFalse_RightFalse;LeftFalse_RightFalse;HandLeft_(-0.4, -0.4, -0.1)_(0.0, -0.6, 0.8, 0.0)_1.012537_System.String[];HandLeft_(0.2, -0.7, -0.1)_(0.4, 0.6, -0.5, 0.4)_0.9825718_System.String[];HandRight_(-0.3, -0.3, -0.3)_(0.2, 0.3, 0.3, -0.9)_1.012537_System.String[];HandRight_(0.5, -0.7, -0.1)_(-0.2, -0.6, -0.6, 0.5)_0.9825718_System.String[];49.9312;-0.0837;0.2345;12.2516;-9.2118;1.1616;1.0592;-0.9195;0.0971;355.1683;355.5719;96.6944;275.1666;358.1281;5.8517
0.4668;0.7915;False;False;12.5092;-9.3297;-0.0172;-0.0228;-1.2504;0.5064;359.7715;359.9046;90.4846;258.0669;359.9451;0.4567;-5.1185;0.0133;-0.0233;0.0531;-0.7677;5.6732;173745;71.42049;Infinity;2414.91;12.4780;-9.4020;1.1315;1.4467;-1.0021;-0.2600;354.7926;352.4130;138.0501;263.9745;354.2818;359.6325;LeftFalse_RightFalse;LeftFalse_RightFalse;HandLeft_(-0.4, -0.4, -0.1)_(-0.1, -0.6, 0.8, 0.0)_1.012537_System.String[];HandLeft_(0.2, -0.7, -0.1)_(0.5, 0.6, -0.5, 0.4)_0.9825718_System.String[];HandRight_(-0.3, -0.3, -0.3)_(0.2, 0.3, 0.3, -0.9)_1.012537_System.String[];HandRight_(0.5, -0.7, -0.1)_(-0.2, -0.6, -0.5, 0.5)_0.9825718_System.String[];49.9734;-0.0787;0.2345;12.4884;-9.4314;1.1625;1.0580;-0.9167;0.0648;355.2718;355.5776;96.1473;275.6298;358.2709;5.5668
0.4614;0.7940;False;False;12.7486;-9.5474;-0.0166;-0.0235;-1.2474;0.4756;359.7698;359.8740;90.1801;258.9184;359.9248;0.4607;-5.1883;0.0131;-0.0157;0.0760;-0.7055;5.6875;173748;71.30369;Infinity;2414.96;12.7153;-9.6287;1.1321;1.4459;-0.9996;-0.2894;354.8079;352.3775;137.7482;264.8201;354.2655;359.6348;LeftFalse_RightFalse;LeftFalse_RightFalse;HandLeft_(-0.4, -0.4, -0.1)_(-0.1, -0.6, 0.8, 0.1)_1.012537_System.String[];HandLeft_(0.2, -0.7, -0.1)_(0.4, 0.6, -0.6, 0.4)_0.9825718_System.String[];HandRight_(-0.3, -0.3, -0.3)_(0.2, 0.3, 0.3, -0.9)_1.012537_System.String[];HandRight_(0.5, -0.7, -0.1)_(-0.3, -0.6, -0.6, 0.5)_0.9825718_System.String[];50.0156;-0.0703;0.2345;12.7247;-9.6536;1.1632;1.0572;-0.9128;0.0359;355.3289;355.6100;95.6196;276.0966;358.4046;5.1862
0.4557;0.7959;False;False;12.9872;-9.7666;-0.0161;-0.0240;-1.2437;0.4478;359.7685;359.8544;89.8852;259.7759;359.9111;0.4612;-5.2574;0.0126;-0.0102;0.0941;-0.6414;5.7013;173751;71.44165;Infinity;2415.00;12.9526;-9.8582;1.1328;1.4454;-0.9962;-0.3157;354.8186;352.3549;137.4497;265.6751;354.2537;359.6335;LeftFalse_RightFalse;LeftFalse_RightFalse;HandLeft_(-0.4, -0.4, -0.1)_(-0.1, -0.6, 0.8, 0.1)_1.012537_System.String[];HandLeft_(0.2, -0.7, -0.1)_(0.4, 0.6, -0.5, 0.4)_0.9825718_System.String[];HandRight_(-0.3, -0.3, -0.3)_(0.2, 0.3, 0.3, -0.9)_1.012537_System.String[];HandRight_(0.5, -0.7, -0.1)_(-0.3, -0.5, -0.6, 0.5)_0.9825718_System.String[];50.0574;-0.0583;0.2345;12.9612;-9.8784;1.1638;1.0568;-0.9080;0.0101;355.3645;355.6755;95.1430;276.5698;358.5068;4.7826
0.4516;0.7982;False;False;13.2259;-9.9883;-0.0156;-0.0244;-1.2393;0.4228;359.7677;359.8424;89.6131;260.6430;359.9039;0.4608;-5.3257;0.0123;-0.0063;0.1068;-0.5751;5.7146;173754;71.62362;Infinity;2415.04;13.1907;-10.0911;1.1333;1.4451;-0.9919;-0.3389;354.8248;352.3408;137.1688;266.5419;354.2466;359.6317;LeftFalse_RightFalse;LeftFalse_RightFalse;HandLeft_(-0.4, -0.4, -0.1)_(-0.1, -0.6, 0.8, 0.1)_1.012537_System.String[];HandLeft_(0.2, -0.7, -0.1)_(0.4, 0.6, -0.6, 0.4)_0.9825718_System.String[];HandRight_(-0.3, -0.3, -0.3)_(0.2, 0.3, 0.3, -0.9)_1.012537_System.String[];HandRight_(0.5, -0.7, -0.1)_(-0.3, -0.6, -0.6, 0.6)_0.9825718_System.String[];50.0991;-0.0446;0.2345;13.1985;-10.1065;1.1640;1.0564;-0.9026;-0.0128;355.4355;355.7570;94.7729;277.0270;358.5510;4.4849
0.4485;0.8000;False;False;13.4652;-10.2131;-0.0151;-0.0245;-1.2346;0.4009;359.7672;359.8354;89.3754;261.5214;359.9030;0.4611;-5.4264;0.0126;-0.0026;0.1172;-0.4712;5.7336;173757;71.65456;Infinity;2415.08;13.4280;-10.3256;1.1338;1.4449;-0.9872;-0.3589;354.8265;352.3325;136.9200;267.4138;354.2442;359.6308;LeftFalse_RightFalse;LeftFalse_RightFalse;HandLeft_(-0.4, -0.4, -0.1)_(-0.1, -0.6, 0.8, 0.1)_1.012537_System.String[];HandLeft_(0.2, -0.7, -0.1)_(0.3, 0.6, -0.6, 0.4)_0.9825718_System.String[];HandRight_(-0.3, -0.3, -0.3)_(0.3, 0.3, 0.3, -0.9)_1.012537_System.String[];HandRight_(0.5, -0.7, -0.1)_(-0.3, -0.6, -0.6, 0.6)_0.9825718_System.String[];50.1411;-0.0298;0.2345;13.4351;-10.3362;1.1643;1.0559;-0.8967;-0.0326;355.5269;355.8666;94.4705;277.4737;358.6107;4.2560
0.4467;0.8013;False;False;13.7048;-10.4405;-0.0145;-0.0246;-1.2297;0.3822;359.7679;359.8317;89.1783;262.4097;359.9069;0.4625;-5.4922;0.0129;-0.0012;0.1186;-0.3987;5.7457;173760;71.70798;Infinity;2415.12;13.6665;-10.5638;1.1344;1.4448;-0.9822;-0.3758;354.8250;352.3277;136.7084;268.2986;354.2460;359.6313;LeftFalse_RightFalse;LeftFalse_RightFalse;HandLeft_(-0.4, -0.4, -0.1)_(-0.2, -0.6, 0.8, 0.1)_1.012537_System.String[];HandLeft_(0.2, -0.7, -0.1)_(0.3, 0.6, -0.6, 0.4)_0.9825718_System.String[];HandRight_(-0.3, -0.3, -0.3)_(0.3, 0.3, 0.3, -0.8)_1.012537_System.String[];HandRight_(0.5, -0.7, -0.1)_(-0.3, -0.6, -0.6, 0.6)_0.9825718_System.String[];50.1829;-0.0167;0.2345;13.6730;-10.5694;1.1646;1.0555;-0.8905;-0.0492;355.5991;356.0042;94.2187;277.9157;358.6765;4.0741
0.4469;0.8022;False;False;13.9444;-10.6703;-0.0140;-0.0247;-1.2249;0.3666;359.7695;359.8299;89.0277;263.3066;359.9153;0.4652;-5.5569;0.0131;-0.0005;0.1155;-0.3235;5.7575;173763;71.84331;Infinity;2415.16;13.9060;-10.8051;1.1349;1.4448;-0.9770;-0.3893;354.8208;352.3251;136.5407;269.1943;354.2517;359.6334;LeftFalse_RightFalse;LeftFalse_RightFalse;HandLeft_(-0.4, -0.4, -0.1)_(-0.2, -0.6, 0.8, 0.1)_1.012537_System.String[];HandLeft_(0.2, -0.7, -0.1)_(0.4, 0.6, -0.6, 0.4)_0.9825718_System.String[];HandRight_(-0.3, -0.3, -0.3)_(0.3, 0.4, 0.3, -0.8)_1.012537_System.String[];HandRight_(0.5, -0.7, -0.1)_(-0.3, -0.6, -0.6, 0.6)_0.9825718_System.String[];50.2244;-0.0039;0.2345;13.9117;-10.8057;1.1649;1.0553;-0.8843;-0.0627;355.7049;356.1266;93.9907;278.3661;358.7328;3.8920
0.4491;0.8029;False;False;14.1845;-10.9028;-0.0135;-0.0247;-1.2202;0.3544;359.7714;359.8298;88.9254;264.2135;359.9270;0.4684;-5.6203;0.0132;-0.0004;0.1097;-0.2457;5.7694;173766;71.92068;Infinity;2415.21;14.1454;-11.0486;1.1354;1.4447;-0.9720;-0.3993;354.8141;352.3241;136.4213;270.0974;354.2603;359.6362;LeftFalse_RightFalse;LeftFalse_RightFalse;HandLeft_(-0.4, -0.3, -0.1)_(-0.3, -0.5, 0.8, 0.1)_1.012537_System.String[];HandLeft_(0.2, -0.7, -0.1)_(0.3, 0.6, -0.6, 0.4)_0.9825718_System.String[];HandRight_(-0.3, -0.3, -0.3)_(0.3, 0.4, 0.4, -0.8)_1.012537_System.String[];HandRight_(0.5, -0.7, -0.1)_(-0.3, -0.5, -0.6, 0.6)_0.9825718_System.String[];50.2661;0.0057;0.2343;14.1508;-11.0441;1.1653;1.0551;-0.8783;-0.0726;355.7747;356.1884;93.7768;278.8377;358.8293;3.7088
0.4522;0.8033;False;False;14.4250;-11.1380;-0.0129;-0.0247;-1.2158;0.3456;359.7735;359.8309;88.8685;265.1299;359.9404;0.4733;-5.6825;0.0133;-0.0004;0.1032;-0.1661;5.7814;173769;71.96299;Infinity;2415.25;14.3855;-11.2950;1.1359;1.4446;-0.9672;-0.4057;354.8058;352.3244;136.3488;271.0104;354.2708;359.6407;LeftFalse_RightFalse;LeftFalse_RightFalse;HandLeft_(-0.4, -0.3, -0.1)_(-0.3, -0.5, 0.8, 0.1)_1.012537_System.String[];HandLeft_(0.2, -0.7, -0.1)_(0.3, 0.6, -0.6, 0.4)_0.9825718_System.String[];HandRight_(-0.3, -0.3, -0.3)_(0.4, 0.4, 0.4, -0.8)_1.012537_System.String[];HandRight_(0.5, -0.7, -0.1)_(-0.2, -0.6, -0.6, 0.6)_0.9825718_System.String[];50.3079;0.0115;0.2318;14.3908;-11.2852;1.1657;1.0550;-0.8728;-0.0788;355.8471;356.2396;93.5773;279.3388;358.9269;3.5638
0.4554;0.8037;False;False;14.6662;-11.3758;-0.0124;-0.0247;-1.2117;0.3402;359.7756;359.8326;88.8485;266.0529;359.9536;0.4791;-5.7435;0.0133;-0.0002;0.0986;-0.0864;5.7937;173772;71.97778;Infinity;2415.29;14.6264;-11.5441;1.1363;1.4445;-0.9627;-0.4085;354.7973;352.3253;136.3167;271.9310;354.2815;359.6465;LeftFalse_RightFalse;LeftFalse_RightFalse;HandLeft_(-0.4, -0.3, -0.1)_(-0.3, -0.5, 0.8, 0.1)_1.012537_System.String[];HandLeft_(0.2, -0.7, -0.1)_(0.3, 0.6, -0.6, 0.4)_0.9825718_System.String[];HandRight_(-0.3, -0.3, -0.3)_(0.4, 0.4, 0.4, -0.8)_1.012537_System.String[];HandRight_(0.5, -0.7, -0.1)_(-0.2, -0.6, -0.6, 0.6)_0.9825718_System.String[];50.3494;0.0127;0.2257;14.6315;-11.5290;1.1662;1.0549;-0.8679;-0.0814;355.8789;356.3041;93.3857;279.8621;358.9366;3.4875
0.4589;0.8040;False;False;14.9104;-11.6189;-0.0118;-0.0247;-1.2077;0.3383;359.7776;359.8349;88.8546;266.9843;359.9653;0.4836;-5.8038;0.0133;0.0001;0.0958;-0.0095;5.8064;173775;71.61404;Infinity;2415.33;14.8697;-11.7977;1.1369;1.4444;-0.9584;-0.4076;354.7896;352.3268;136.3143;272.8608;354.2913;359.6521;LeftFalse_RightFalse;LeftFalse_RightFalse;HandLeft_(-0.5, -0.3, -0.1)_(-0.3, -0.5, 0.8, 0.1)_1.012537_System.String[];HandLeft_(0.2, -0.7, -0.1)_(0.3, 0.6, -0.6, 0.4)_0.9825718_System.String[];HandRight_(-0.3, -0.3, -0.2)_(0.4, 0.4, 0.4, -0.7)_1.012537_System.String[];HandRight_(0.5, -0.7, -0.1)_(-0.2, -0.6, -0.6, 0.6)_0.9825718_System.String[];50.3916;0.0127;0.2156;14.8749;-11.7774;1.1666;1.0548;-0.8633;-0.0806;355.9154;356.3626;93.1848;280.3739;358.9598;3.5000
0.4614;0.8042;False;False;15.1549;-11.8643;-0.0113;-0.0247;-1.2038;0.3396;359.7802;359.8375;88.8775;267.9009;359.9743;0.4850;-5.8635;0.0123;0.0002;0.0938;0.0639;5.8195;173778;71.47417;Infinity;2415.37;15.1139;-12.0541;1.1374;1.4444;-0.9543;-0.4032;354.7839;352.3291;136.3317;273.7824;354.2994;359.6549;LeftFalse_RightFalse;LeftFalse_RightFalse;HandLeft_(-0.5, -0.3, -0.1)_(-0.3, -0.5, 0.8, 0.1)_1.012537_System.String[];HandLeft_(0.2, -0.7, -0.1)_(0.4, 0.6, -0.6, 0.3)_0.9825718_System.String[];HandRight_(-0.3, -0.3, -0.3)_(0.4, 0.4, 0.4, -0.7)_1.012537_System.String[];HandRight_(0.5, -0.7, -0.1)_(-0.2, -0.6, -0.5, 0.6)_0.9825718_System.String[];50.4336;0.0135;0.2053;15.1194;-12.0284;1.1667;1.0547;-0.8593;-0.0764;356.0245;356.4239;93.0426;280.8732;358.8914;3.5397
0.4633;0.8043;False;False;15.3989;-12.1112;-0.0108;-0.0247;-1.2000;0.3441;359.7844;359.8400;88.9119;268.7927;359.9827;0.4837;-5.9223;0.0117;0.0002;0.0906;0.1366;5.8330;173781;71.56958;Infinity;2415.42;15.3588;-12.3127;1.1378;1.4444;-0.9503;-0.3953;354.7801;352.3317;136.3618;274.6844;354.3082;359.6545;LeftFalse_RightFalse;LeftFalse_RightFalse;HandLeft_(-0.5, -0.3, -0.1)_(-0.3, -0.5, 0.8, 0.1)_1.012537_System.String[];HandLeft_(0.2, -0.7, -0.1)_(0.5, 0.6, -0.6, 0.3)_0.9825718_System.String[];HandRight_(-0.3, -0.3, -0.3)_(0.4, 0.4, 0.4, -0.7)_1.012537_System.String[];HandRight_(0.5, -0.7, -0.1)_(-0.2, -0.6, -0.5, 0.6)_0.9825718_System.String[];50.4756;0.0185;0.1956;15.3646;-12.2819;1.1669;1.0546;-0.8554;-0.0689;356.1155;356.5048;92.9615;281.3582;358.7871;3.5503
0.4646;0.8040;False;False;15.6461;-12.3634;-0.0103;-0.0247;-1.1964;0.3518;359.7893;359.8423;88.9605;269.6690;359.9913;0.4803;-5.9803;0.0113;0.0001;0.0830;0.2076;5.8466;173784;71.27697;Infinity;2415.46;15.6054;-12.5748;1.1383;1.4444;-0.9464;-0.3841;354.7772;352.3344;136.4045;275.5671;354.3174;359.6520;LeftFalse_RightFalse;LeftFalse_RightFalse;HandLeft_(-0.5, -0.3, -0.1)_(-0.3, -0.5, 0.8, 0.1)_1.012537_System.String[];HandLeft_(0.2, -0.7, -0.1)_(0.5, 0.6, -0.6, 0.3)_0.9825718_System.String[];HandRight_(-0.3, -0.3, -0.2)_(0.4, 0.4, 0.4, -0.7)_1.012537_System.String[];HandRight_(0.5, -0.7, -0.1)_(-0.2, -0.5, -0.6, 0.6)_0.9825718_System.String[];50.5178;0.0275;0.1865;15.6116;-12.5390;1.1672;1.0543;-0.8520;-0.0582;356.2171;356.6139;92.9847;281.7972;358.6469;3.5787
0.4638;0.8027;False;False;15.8917;-12.6159;-0.0098;-0.0247;-1.1934;0.3626;359.7941;359.8445;89.0313;270.5095;0.0020;0.4751;-6.0374;0.0106;0.0000;0.0686;0.2775;5.8603;173787;71.44122;Infinity;2415.50;15.8520;-12.8382;1.1387;1.4445;-0.9431;-0.3697;354.7732;352.3371;136.4664;276.4198;354.3277;359.6475;LeftFalse_RightFalse;LeftFalse_RightFalse;HandLeft_(-0.5, -0.3, -0.1)_(-0.3, -0.5, 0.8, 0.1)_1.012537_System.String[];HandLeft_(0.2, -0.7, -0.1)_(0.4, 0.6, -0.6, 0.4)_0.9825718_System.String[];HandRight_(-0.3, -0.3, -0.2)_(0.4, 0.4, 0.4, -0.7)_1.012537_System.String[];HandRight_(0.5, -0.7, -0.1)_(-0.2, -0.5, -0.6, 0.6)_0.9825718_System.String[];50.5598;0.0393;0.1775;15.8582;-12.7976;1.1675;1.0541;-0.8491;-0.0444;356.2279;356.7395;93.1053;282.1895;358.4442;3.5981
0.4587;0.8008;False;False;16.1372;-12.8701;-0.0094;-0.0247;-1.1912;0.3763;359.7986;359.8465;89.1346;271.3174;0.0157;0.4685;-6.1207;0.0102;-0.0008;0.0373;0.3814;5.8799;173790;71.56416;Infinity;2415.54;16.0969;-13.1011;1.1391;1.4446;-0.9404;-0.3524;354.7670;352.3398;136.5569;277.2357;354.3397;359.6416;LeftFalse_RightFalse;LeftFalse_RightFalse;HandLeft_(-0.5, -0.3, -0.1)_(-0.4, -0.5, 0.8, 0.1)_1.012537_System.String[];HandLeft_(0.2, -0.7, -0.1)_(0.5, 0.6, -0.6, 0.3)_0.9825718_System.String[];HandRight_(-0.3, -0.4, -0.2)_(0.4, 0.4, 0.4, -0.7)_1.012537_System.String[];HandRight_(0.5, -0.7, -0.1)_(-0.2, -0.5, -0.6, 0.6)_0.9825718_System.String[];50.6016;0.0491;0.1682;16.1033;-13.0558;1.1678;1.0540;-0.8468;-0.0277;356.1732;356.8446;93.2494;282.5365;358.3450;3.6044
0.4437;0.7986;False;False;16.3834;-13.1270;-0.0090;-0.0247;-1.1901;0.3932;359.8031;359.8501;89.2720;272.0978;0.0309;0.4616;-6.1750;0.0101;-0.0016;0.0138;0.4495;5.8915;173793;71.61553;Infinity;2415.58;16.3439;-13.3675;1.1394;1.4446;-0.9387;-0.3320;354.7592;352.3434;136.6817;278.0277;354.3531;359.6351;LeftFalse_RightFalse;LeftFalse_RightFalse;HandLeft_(-0.5, -0.3, -0.1)_(-0.4, -0.4, 0.8, 0.2)_1.012537_System.String[];HandLeft_(0.2, -0.7, -0.1)_(0.5, 0.6, -0.6, 0.3)_0.9825718_System.String[];HandRight_(-0.3, -0.4, -0.2)_(0.4, 0.4, 0.4, -0.7)_1.012537_System.String[];HandRight_(0.5, -0.7, -0.1)_(-0.2, -0.5, -0.6, 0.6)_0.9825718_System.String[];50.6436;0.0544;0.1597;16.3506;-13.3178;1.1681;1.0539;-0.8453;-0.0080;356.0932;356.8894;93.4241;282.8570;358.2745;3.6496
0.4060;0.7944;False;False;16.6314;-13.3875;-0.0085;-0.0248;-1.1899;0.4130;359.8078;359.8548;89.4411;272.8528;0.0461;0.4537;-6.2282;0.0101;-0.0022;-0.0087;0.5167;5.9000;173796;71.45605;Infinity;2415.63;16.5922;-13.6365;1.1398;1.4446;-0.9381;-0.3085;354.7509;352.3486;136.8396;278.7924;354.3669;359.6280;LeftFalse_RightFalse;LeftFalse_RightFalse;HandLeft_(-0.5, -0.3, -0.1)_(-0.4, -0.4, 0.8, 0.2)_1.012537_System.String[];HandLeft_(0.2, -0.7, -0.1)_(0.5, 0.6, -0.6, 0.3)_0.9825718_System.String[];HandRight_(-0.3, -0.4, -0.2)_(0.4, 0.4, 0.4, -0.7)_1.012537_System.String[];HandRight_(0.5, -0.7, -0.1)_(-0.2, -0.5, -0.6, 0.6)_0.9825718_System.String[];50.6855;0.0555;0.1523;16.5992;-13.5825;1.1684;1.0538;-0.8451;0.0145;356.0272;356.8630;93.5958;283.1405;358.2505;3.7621
0.3385;0.7814;False;False;16.8793;-13.6500;-0.0081;-0.0249;-1.1907;0.4358;359.8130;359.8600;89.6317;273.5779;0.0594;0.4457;-6.2796;0.0101;-0.0031;-0.0288;0.5824;5.9016;173799;71.42456;Infinity;2415.67;16.8411;-13.9076;1.1401;1.4446;-0.9384;-0.2821;354.7438;352.3546;137.0229;279.5287;354.3802;359.6205;LeftFalse_RightFalse;LeftFalse_RightFalse;HandLeft_(-0.5, -0.3, -0.1)_(-0.4, -0.4, 0.8, 0.2)_1.012537_System.String[];HandLeft_(0.2, -0.7, -0.1)_(0.4, 0.7, -0.5, 0.3)_0.9825718_System.String[];HandRight_(-0.3, -0.4, -0.2)_(0.4, 0.4, 0.4, -0.6)_1.012537_System.String[];HandRight_(0.5, -0.7, -0.1)_(-0.2, -0.5, -0.6, 0.6)_0.9825718_System.String[];50.7275;0.0539;0.1441;16.8486;-13.8495;1.1687;1.0537;-0.8463;0.0397;356.0816;356.8207;93.7530;283.3196;358.1909;3.9475
0.2654;0.7570;False;False;17.1264;-13.9139;-0.0077;-0.0251;-1.1924;0.4614;359.8201;359.8649;89.8328;274.2717;0.0699;0.4367;-6.3287;0.0083;-0.0036;-0.0461;0.6457;5.8952;173802;71.52774;Infinity;2415.71;17.0894;-14.1798;1.1405;1.4445;-0.9397;-0.2530;354.7393;352.3604;137.2206;280.2343;354.3924;359.6125;LeftFalse_RightFalse;LeftFalse_RightFalse;HandLeft_(-0.5, -0.3, -0.1)_(-0.4, -0.4, 0.8, 0.1)_1.012537_System.String[];HandLeft_(0.2, -0.7, -0.1)_(0.5, 0.7, -0.5, 0.3)_0.9825718_System.String[];HandRight_(-0.3, -0.4, -0.2)_(0.4, 0.4, 0.4, -0.7)_1.012537_System.String[];HandRight_(0.5, -0.7, -0.1)_(-0.1, -0.5, -0.6, 0.6)_0.9825718_System.String[];50.7695;0.0493;0.1309;17.0975;-14.1177;1.1687;1.0536;-0.8486;0.0679;356.2232;356.8416;93.9563;283.3780;357.9800;4.1010
0.1947;0.7189;False;False;17.3739;-14.1810;-0.0074;-0.0252;-1.1947;0.4897;359.8325;359.8698;90.0343;274.9314;0.0771;0.4251;-6.3748;0.0073;-0.0039;-0.0600;0.7008;5.8790;173805;71.43903;Infinity;2415.75;17.3383;-14.4546;1.1408;1.4445;-0.9418;-0.2210;354.7404;352.3664;137.4224;280.9099;354.4061;359.6026;LeftFalse_RightFalse;LeftFalse_RightFalse;HandLeft_(-0.5, -0.3, -0.1)_(-0.4, -0.4, 0.8, 0.1)_1.012537_System.String[];HandLeft_(0.2, -0.7, -0.1)_(0.5, 0.7, -0.5, 0.3)_0.9825718_System.String[];HandRight_(-0.3, -0.4, -0.2)_(0.4, 0.4, 0.5, -0.7)_1.012537_System.String[];HandRight_(0.5, -0.7, -0.1)_(-0.1, -0.5, -0.6, 0.6)_0.9825718_System.String[];50.8115;0.0421;0.1115;17.3471;-14.3888;1.1688;1.0535;-0.8517;0.0988;356.3793;356.9061;94.2003;283.3093;357.7047;4.2394
0.1420;0.6689;False;False;17.6182;-14.4475;-0.0071;-0.0254;-1.1974;0.5198;359.8479;359.8752;90.2229;275.5322;0.0802;0.4086;-6.4163;0.0068;-0.0041;-0.0699;0.7452;5.8537;173808;71.71452;Infinity;2415.79;17.5846;-14.7287;1.1411;1.4445;-0.9445;-0.1871;354.7469;352.3732;137.6152;281.5339;354.4199;359.5885;LeftFalse_RightFalse;LeftFalse_RightFalse;HandLeft_(-0.5, -0.3, -0.1)_(-0.4, -0.4, 0.8, 0.1)_1.012537_System.String[];HandLeft_(0.2, -0.7, -0.1)_(0.5, 0.7, -0.5, 0.2)_0.9825718_System.String[];HandRight_(-0.3, -0.4, -0.2)_(0.4, 0.4, 0.5, -0.7)_1.012537_System.String[];HandRight_(0.5, -0.7, -0.1)_(-0.1, -0.5, -0.5, 0.7)_0.9825718_System.String[];50.8530;0.0341;0.0901;17.5938;-14.6598;1.1689;1.0534;-0.8553;0.1315;356.5223;356.9309;94.4850;283.1406;357.4735;4.3069
0.1035;0.6070;False;False;17.8612;-14.7157;-0.0068;-0.0256;-1.2005;0.5516;359.8657;359.8814;90.3925;276.0670;0.0798;0.3867;-6.4521;0.0065;-0.0042;-0.0774;0.7816;5.8223;173811;71.85197;Infinity;2415.83;17.8292;-15.0032;1.1413;1.4445;-0.9476;-0.1516;354.7581;352.3812;137.7905;282.0941;354.4330;359.5688;LeftFalse_RightFalse;LeftFalse_RightFalse;HandLeft_(-0.5, -0.3, -0.1)_(-0.3, -0.4, 0.8, 0.1)_1.012537_System.String[];HandLeft_(0.2, -0.7, -0.1)_(0.5, 0.7, -0.5, 0.2)_0.9825718_System.String[];HandRight_(-0.3, -0.4, -0.2)_(0.4, 0.4, 0.5, -0.7)_1.012537_System.String[];HandRight_(0.5, -0.7, -0.2)_(-0.1, -0.5, -0.5, 0.7)_0.9825718_System.String[];50.8948;0.0247;0.0627;17.8388;-14.9316;1.1691;1.0534;-0.8595;0.1660;356.6375;356.9038;94.7652;282.8132;357.2912;4.3541
0.0754;0.5343;False;False;18.1028;-14.9852;-0.0066;-0.0258;-1.2038;0.5846;359.8831;359.8900;90.5375;276.5205;0.0764;0.3610;-6.4813;0.0050;-0.0061;-0.0808;0.8025;5.7864;173814;71.92525;Infinity;2415.88;18.0723;-15.2783;1.1416;1.4446;-0.9510;-0.1151;354.7719;352.3910;137.9431;282.5795;354.4445;359.5437;LeftFalse_RightFalse;LeftFalse_RightFalse;HandLeft_(-0.5, -0.3, -0.1)_(-0.3, -0.5, 0.8, 0.1)_1.012537_System.String[];HandLeft_(0.2, -0.7, -0.1)_(0.5, 0.7, -0.5, 0.1)_0.9825718_System.String[];HandRight_(-0.3, -0.4, -0.2)_(0.4, 0.4, 0.5, -0.7)_1.012537_System.String[];HandRight_(0.5, -0.6, -0.2)_(0.0, -0.5, -0.5, 0.8)_0.9825718_System.String[];50.9365;0.0155;0.0320;18.0822;-15.2045;1.1693;1.0534;-0.8639;0.2017;356.6890;356.9060;94.9428;282.3156;357.2374;4.4501
0.0550;0.4530;False;False;18.3432;-15.2563;-0.0064;-0.0261;-1.2071;0.6180;359.8997;359.9065;90.6531;276.8730;0.0700;0.3272;-6.5021;0.0044;-0.0092;-0.0811;0.8068;5.7469;173817;71.87287;Infinity;2415.92;18.3137;-15.5535;1.1418;1.4446;-0.9546;-0.0784;354.7874;352.4081;138.0675;282.9698;354.4533;359.5159;LeftFalse_RightFalse;LeftFalse_RightFalse;HandLeft_(-0.4, -0.3, -0.1)_(-0.3, -0.5, 0.8, 0.1)_1.012537_System.String[];HandLeft_(0.2, -0.7, -0.1)_(0.5, 0.7, -0.5, 0.1)_0.9825718_System.String[];HandRight_(-0.3, -0.4, -0.3)_(0.3, 0.4, 0.4, -0.8)_1.012537_System.String[];HandRight_(0.5, -0.6, -0.2)_(0.1, -0.4, -0.4, 0.8)_0.9825718_System.String[];50.9783;0.0081;0.0003;18.3238;-15.4780;1.1695;1.0534;-0.8685;0.2377;356.6931;356.9929;95.0674;281.7400;357.1461;4.4263
0.0401;0.3718;False;False;18.5844;-15.5310;-0.0062;-0.0266;-1.2105;0.6515;359.9159;359.9286;90.7392;277.1083;0.0616;0.2834;-6.5124;0.0041;-0.0106;-0.0801;0.7957;5.7048;173820;71.52222;Infinity;2415.96;18.5562;-15.8316;1.1420;1.4446;-0.9582;-0.0418;354.8043;352.4329;138.1625;283.2497;354.4600;359.4770;LeftFalse_RightFalse;LeftFalse_RightFalse;HandLeft_(-0.4, -0.3, -0.1)_(-0.3, -0.5, 0.8, 0.1)_1.012537_System.String[];HandLeft_(0.2, -0.7, -0.1)_(0.5, 0.7, -0.5, 0.1)_0.9825718_System.String[];HandRight_(-0.3, -0.4, -0.3)_(0.3, 0.3, 0.5, -0.8)_1.012537_System.String[];HandRight_(0.4, -0.6, -0.2)_(0.2, -0.3, -0.3, 0.9)_0.9825718_System.String[];51.0205;0.0037;-0.0274;18.5666;-15.7548;1.1697;1.0536;-0.8732;0.2736;356.7012;357.0598;95.1411;281.0963;357.0419;4.2807
0.0292;0.2995;False;False;18.8207;-15.8023;-0.0061;-0.0270;-1.2137;0.6836;359.9308;359.9539;90.7978;277.2137;0.0529;0.2347;-6.5080;0.0040;-0.0126;-0.0799;0.7625;5.6388;173823;71.74609;Infinity;2416.00;18.7941;-16.1057;1.1422;1.4446;-0.9617;-0.0070;354.8211;352.4624;138.2289;283.4031;354.4654;359.4319;LeftFalse_RightFalse;LeftFalse_RightFalse;HandLeft_(-0.4, -0.3, -0.1)_(-0.3, -0.5, 0.8, 0.1)_1.012537_System.String[];HandLeft_(0.2, -0.7, -0.1)_(0.5, 0.7, -0.4, 0.2)_0.9825718_System.String[];HandRight_(-0.3, -0.4, -0.3)_(0.3, 0.3, 0.5, -0.8)_1.012537_System.String[];HandRight_(0.4, -0.5, -0.2)_(0.3, -0.3, -0.2, 0.9)_0.9825718_System.String[];51.0620;0.0025;-0.0510;18.8047;-16.0285;1.1699;1.0538;-0.8776;0.3080;356.8090;357.0905;95.2117;280.5187;356.8873;4.1107
0.0213;0.2401;False;False;19.0572;-16.0758;-0.0059;-0.0276;-1.2171;0.7149;359.9452;359.9803;90.8386;277.2059;0.0454;0.1835;-6.4940;0.0011;-0.0135;-0.0813;0.7311;5.5938;173826;71.58165;Infinity;2416.04;19.0318;-16.3803;1.1424;1.4446;-0.9652;0.0264;354.8367;352.4939;138.2748;283.4398;354.4705;359.3844;LeftFalse_RightFalse;LeftFalse_RightFalse;HandLeft_(-0.4, -0.3, -0.1)_(-0.3, -0.5, 0.8, 0.1)_1.012537_System.String[];HandLeft_(0.2, -0.7, -0.1)_(0.5, 0.7, -0.4, 0.1)_0.9825718_System.String[];HandRight_(-0.3, -0.4, -0.3)_(0.3, 0.3, 0.5, -0.8)_1.012537_System.String[];HandRight_(0.4, -0.5, -0.2)_(0.3, -0.3, -0.2, 0.9)_0.9825718_System.String[];51.1042;0.0025;-0.0712;19.0426;-16.3031;1.1701;1.0541;-0.8821;0.3409;356.9232;357.0928;95.3109;280.0914;356.7214;3.9199
0.0155;0.1955;False;False;19.2904;-16.3471;-0.0059;-0.0282;-1.2205;0.7446;359.9647;0.0072;90.8676;277.0910;0.0404;0.1311;-6.4723;-0.0009;-0.0139;-0.0831;0.6936;5.5485;173829;71.65081;Infinity;2416.09;19.2663;-16.6515;1.1425;1.4446;-0.9688;0.0574;354.8528;352.5262;138.3063;283.3664;354.4798;359.3351;LeftFalse_RightFalse;LeftFalse_RightFalse;HandLeft_(-0.4, -0.3, -0.1)_(-0.3, -0.5, 0.8, 0.1)_1.012537_System.String[];HandLeft_(0.2, -0.7, -0.1)_(0.5, 0.7, -0.4, 0.1)_0.9825718_System.String[];HandRight_(-0.3, -0.4, -0.3)_(0.3, 0.3, 0.4, -0.8)_1.012537_System.String[];HandRight_(0.4, -0.5, -0.2)_(0.3, -0.3, -0.2, 0.9)_0.9825718_System.String[];51.1460;0.0025;-0.0866;19.2771;-16.5748;1.1701;1.0542;-0.8864;0.3718;356.9888;356.9846;95.4522;279.6757;356.5873;3.9012
0.0113;0.1655;False;False;19.5207;-16.6162;-0.0059;-0.0287;-1.2239;0.7725;359.9861;0.0340;90.8890;276.8829;0.0359;0.0800;-6.4451;-0.0022;-0.0141;-0.0847;0.6533;5.5028;173832;71.82315;Infinity;2416.13;19.4977;-16.9193;1.1424;1.4445;-0.9723;0.0861;354.8704;352.5584;138.3288;283.1946;354.4921;359.2861;LeftFalse_RightFalse;LeftFalse_RightFalse;HandLeft_(-0.4, -0.3, -0.1)_(-0.3, -0.5, 0.8, 0.1)_1.012537_System.String[];HandLeft_(0.2, -0.7, -0.1)_(0.5, 0.7, -0.4, 0.1)_0.9825718_System.String[];HandRight_(-0.3, -0.4, -0.3)_(0.3, 0.3, 0.4, -0.8)_1.012537_System.String[];HandRight_(0.4, -0.5, -0.2)_(0.3, -0.3, -0.2, 0.9)_0.9825718_System.String[];51.1877;0.0021;-0.0963;19.5083;-16.8434;1.1701;1.0540;-0.8906;0.3999;357.0516;356.9476;95.5677;279.1474;356.5495;4.0030
0.0083;0.1481;False;False;19.7522;-16.8878;-0.0061;-0.0294;-1.2275;0.7990;0.0088;0.0624;90.9054;276.5958;0.0316;0.0358;-6.4151;-0.0029;-0.0186;-0.0855;0.6134;5.4571;173835;71.47045;Infinity;2416.17;19.7302;-17.1885;1.1423;1.4444;-0.9760;0.1127;354.8888;352.5905;138.3457;282.9372;354.5057;359.2392;LeftFalse_RightFalse;LeftFalse_RightFalse;HandLeft_(-0.4, -0.3, -0.1)_(-0.3, -0.5, 0.8, 0.1)_1.012537_System.String[];HandLeft_(0.2, -0.7, -0.1)_(0.5, 0.7, -0.5, 0.1)_0.9825718_System.String[];HandRight_(-0.3, -0.4, -0.3)_(0.3, 0.3, 0.4, -0.8)_1.012537_System.String[];HandRight_(0.3, -0.5, -0.2)_(0.3, -0.3, -0.2, 0.9)_0.9825718_System.String[];51.2300;0.0002;-0.1020;19.7404;-17.1136;1.1699;1.0534;-0.8949;0.4257;357.0831;357.0415;95.6747;278.5544;356.5143;3.9688
0.0060;0.1425;False;False;19.9787;-17.1544;-0.0062;-0.0304;-1.2310;0.8235;0.0301;0.1050;90.9160;276.2575;0.0284;0.0034;-6.3843;-0.0049;-0.0277;-0.0847;0.5716;5.4116;173838;71.69891;Infinity;2416.21;19.9579;-17.4528;1.1422;1.4437;-0.9796;0.1366;354.9062;352.6308;138.3571;282.6191;354.5199;359.2111;LeftFalse_RightFalse;LeftFalse_RightFalse;HandLeft_(-0.4, -0.3, -0.1)_(-0.3, -0.5, 0.8, 0.1)_1.012537_System.String[];HandLeft_(0.2, -0.7, -0.1)_(0.5, 0.7, -0.5, 0.1)_0.9825718_System.String[];HandRight_(-0.3, -0.4, -0.3)_(0.3, 0.3, 0.4, -0.8)_1.012537_System.String[];HandRight_(0.3, -0.5, -0.2)_(0.3, -0.3, -0.2, 0.9)_0.9825718_System.String[];51.2717;-0.0028;-0.1078;19.9678;-17.3790;1.1697;1.0524;-0.8990;0.4486;357.1208;357.0901;95.7870;277.9413;356.3743;3.9227
0.0044;0.1437;False;False;20.2036;-17.4202;-0.0064;-0.0316;-1.2345;0.8461;0.0482;0.1591;90.9192;275.8743;0.0230;359.9677;-6.3533;-0.0058;-0.0328;-0.0819;0.5250;5.3662;173841;71.72242;Infinity;2416.25;20.1835;-17.7153;1.1420;1.4427;-0.9832;0.1583;354.9225;352.6853;138.3622;282.2549;354.5307;359.1815;LeftFalse_RightFalse;LeftFalse_RightFalse;HandLeft_(-0.4, -0.3, -0.1)_(-0.2, -0.5, 0.8, 0.1)_1.012537_System.String[];HandLeft_(0.2, -0.7, -0.1)_(0.6, 0.6, -0.5, 0.1)_0.9825718_System.String[];HandRight_(-0.3, -0.4, -0.3)_(0.3, 0.3, 0.4, -0.8)_1.012537_System.String[];HandRight_(0.3, -0.5, -0.2)_(0.4, -0.3, -0.2, 0.9)_0.9825718_System.String[];51.3135;-0.0069;-0.1161;20.1929;-17.6426;1.1695;1.0509;-0.9032;0.4694;357.1539;357.0983;95.8875;277.2101;356.1848;4.0216
0.0032;0.1453;False;False;20.4265;-17.6843;-0.0067;-0.0331;-1.2378;0.8665;0.0641;0.2190;90.9126;275.4514;0.0164;359.9311;-6.3225;-0.0063;-0.0358;-0.0776;0.4735;5.3211;173844;71.79073;Infinity;2416.30;20.4078;-17.9770;1.1417;1.4414;-0.9867;0.1779;354.9384;352.7476;138.3583;281.8477;354.5387;359.1512;LeftFalse_RightFalse;LeftFalse_RightFalse;HandLeft_(-0.4, -0.3, -0.1)_(-0.2, -0.5, 0.8, 0.1)_1.012537_System.String[];HandLeft_(0.2, -0.7, -0.1)_(0.6, 0.6, -0.5, 0.1)_0.9825718_System.String[];HandRight_(-0.3, -0.4, -0.3)_(0.3, 0.3, 0.5, -0.8)_1.012537_System.String[];HandRight_(0.3, -0.5, -0.2)_(0.4, -0.3, -0.2, 0.9)_0.9825718_System.String[];51.3552;-0.0122;-0.1252;20.4169;-17.9051;1.1692;1.0493;-0.9070;0.4882;357.1570;357.1247;95.9809;276.3690;356.0420;4.1831
0.0023;0.1442;False;False;20.6468;-17.9464;-0.0070;-0.0347;-1.2408;0.8845;0.0782;0.2773;90.8933;274.9911;0.0086;359.8979;-6.2920;-0.0065;-0.0415;-0.0703;0.4158;5.2762;173847;71.90885;Infinity;2416.34;20.6291;-18.2358;1.1415;1.4399;-0.9899;0.1947;354.9537;352.8109;138.3430;281.4032;354.5445;359.1242;LeftFalse_RightFalse;LeftFalse_RightFalse;HandLeft_(-0.4, -0.3, -0.1)_(-0.2, -0.5, 0.8, 0.1)_1.012537_System.String[];HandLeft_(0.2, -0.7, -0.1)_(0.6, 0.6, -0.5, 0.2)_0.9825718_System.String[];HandRight_(-0.3, -0.3, -0.3)_(0.3, 0.3, 0.5, -0.8)_1.012537_System.String[];HandRight_(0.3, -0.5, -0.2)_(0.4, -0.3, -0.2, 0.9)_0.9825718_System.String[];51.3967;-0.0186;-0.1335;20.6380;-18.1650;1.1689;1.0480;-0.9104;0.5046;357.0957;357.1131;96.0963;275.4487;355.9498;4.2639
0.0017;0.1428;False;False;20.8652;-18.2074;-0.0072;-0.0365;-1.2434;0.8998;0.0908;0.3310;90.8573;274.4931;0.0002;359.8613;-6.2612;-0.0063;-0.0439;-0.0603;0.3540;5.2315;173850;71.96135;Infinity;2416.38;20.8483;-18.4927;1.1412;1.4383;-0.9928;0.2088;354.9686;352.8694;138.3124;280.9208;354.5486;359.0940;LeftFalse_RightFalse;LeftFalse_RightFalse;HandLeft_(-0.4, -0.3, -0.1)_(-0.2, -0.6, 0.8, 0.1)_1.012537_System.String[];HandLeft_(0.2, -0.7, -0.1)_(0.6, 0.6, -0.6, 0.2)_0.9825718_System.String[];HandRight_(-0.3, -0.3, -0.3)_(0.3, 0.3, 0.5, -0.8)_1.012537_System.String[];HandRight_(0.3, -0.6, -0.2)_(0.4, -0.2, -0.2, 0.9)_0.9825718_System.String[];51.4385;-0.0246;-0.1385;20.8571;-18.4229;1.1687;1.0466;-0.9134;0.5185;357.0303;356.9684;96.1809;274.5659;355.9792;4.2409
0.0012;0.1417;False;False;21.0827;-18.4681;-0.0075;-0.0384;-1.2455;0.9126;0.1034;0.3817;90.8026;273.9620;359.9937;359.8257;-6.2301;-0.0074;-0.0451;-0.0488;0.2921;5.1872;173853;71.85348;Infinity;2416.42;21.0665;-18.7489;1.1410;1.4366;-0.9952;0.2201;354.9828;352.9247;138.2633;280.4025;354.5521;359.0633;LeftFalse_RightFalse;LeftFalse_RightFalse;HandLeft_(-0.4, -0.4, -0.1)_(-0.1, -0.6, 0.8, 0.1)_1.012537_System.String[];HandLeft_(0.2, -0.7, -0.1)_(0.5, 0.6, -0.5, 0.1)_0.9825718_System.String[];HandRight_(-0.3, -0.3, -0.3)_(0.3, 0.3, 0.4, -0.8)_1.012537_System.String[];HandRight_(0.3, -0.6, -0.2)_(0.4, -0.2, -0.2, 0.9)_0.9825718_System.String[];51.4802;-0.0281;-0.1387;21.0751;-18.6808;1.1685;1.0451;-0.9159;0.5298;357.0399;356.7440;96.2365;273.9204;356.0258;4.0784
0.0009;0.1399;False;False;21.2980;-18.7272;-0.0079;-0.0403;-1.2471;0.9227;0.1216;0.4293;90.7317;273.4125;359.9855;359.7941;-6.1832;-0.0112;-0.0454;-0.0331;0.2032;5.1219;173856;71.78474;Infinity;2416.46;21.2817;-19.0023;1.1406;1.4349;-0.9971;0.2285;354.9989;352.9765;138.1971;279.8636;354.5595;359.0356;LeftFalse_RightFalse;LeftFalse_RightFalse;HandLeft_(-0.4, -0.4, -0.1)_(-0.1, -0.6, 0.8, 0.1)_1.012537_System.String[];HandLeft_(0.2, -0.7, -0.1)_(0.5, 0.6, -0.5, 0.1)_0.9825718_System.String[];HandRight_(-0.3, -0.3, -0.3)_(0.3, 0.2, 0.4, -0.8)_1.012537_System.String[];HandRight_(0.3, -0.6, -0.2)_(0.4, -0.2, -0.2, 0.9)_0.9825718_System.String[];51.5222;-0.0286;-0.1361;21.2902;-18.9361;1.1681;1.0435;-0.9178;0.5383;357.1364;356.5570;96.2527;273.5372;356.0191;3.9097
0.0007;0.1370;False;False;21.5107;-18.9841;-0.0084;-0.0423;-1.2483;0.9303;0.1423;0.4802;90.6508;272.8595;359.9785;359.7769;-6.1528;-0.0122;-0.0584;-0.0245;0.1501;5.0788;173859;71.89623;Infinity;2416.50;21.4958;-19.2549;1.1402;1.4330;-0.9985;0.2341;355.0179;353.0266;138.1180;279.3115;354.5692;359.0168;LeftFalse_RightFalse;LeftFalse_RightFalse;HandLeft_(-0.4, -0.4, -0.1)_(-0.1, -0.6, 0.8, 0.1)_1.012537_System.String[];HandLeft_(0.2, -0.7, -0.1)_(0.5, 0.6, -0.6, 0.2)_0.9825718_System.String[];HandRight_(-0.3, -0.3, -0.3)_(0.3, 0.2, 0.4, -0.8)_1.012537_System.String[];HandRight_(0.3, -0.6, -0.2)_(0.4, -0.2, -0.2, 0.9)_0.9825718_System.String[];51.5637;-0.0276;-0.1290;21.5044;-19.1907;1.1677;1.0416;-0.9190;0.5443;357.2378;356.4617;96.2231;273.2766;356.0113;3.8918
0.0005;0.1291;False;False;21.7231;-19.2414;-0.0089;-0.0449;-1.2492;0.9358;0.1646;0.5527;90.5645;272.3134;359.9732;359.7580;-6.1229;-0.0126;-0.0653;-0.0179;0.1028;5.0361;173862;71.74918;Infinity;2416.55;21.7089;-19.5077;1.1397;1.4304;-0.9995;0.2374;355.0371;353.0941;138.0317;278.7616;354.5814;359.0075;LeftFalse_RightFalse;LeftFalse_RightFalse;HandLeft_(-0.4, -0.4, -0.1)_(-0.1, -0.6, 0.8, 0.1)_1.012537_System.String[];HandLeft_(0.2, -0.7, -0.1)_(0.5, 0.6, -0.6, 0.2)_0.9825718_System.String[];HandRight_(-0.3, -0.3, -0.3)_(0.3, 0.3, 0.4, -0.8)_1.012537_System.String[];HandRight_(0.3, -0.6, -0.2)_(0.4, -0.3, -0.2, 0.9)_0.9825718_System.String[];51.6057;-0.0251;-0.1168;21.7174;-19.4457;1.1672;1.0391;-0.9195;0.5479;357.2902;356.4790;96.1637;273.0411;356.1000;3.8935
0.0003;0.1098;False;False;21.9337;-19.4975;-0.0095;-0.0477;-1.2499;0.9393;0.1860;0.6354;90.4790;271.7926;359.9718;359.7452;-6.0919;-0.0156;-0.0692;-0.0127;0.0640;4.9941;173865;71.5319;Infinity;2416.59;21.9185;-19.7578;1.1391;1.4275;-1.0002;0.2388;355.0541;353.1744;137.9449;278.2353;354.5959;359.0012;LeftFalse_RightFalse;LeftFalse_RightFalse;HandLeft_(-0.4, -0.4, -0.1)_(-0.1, -0.6, 0.8, 0.1)_1.012537_System.String[];HandLeft_(0.2, -0.7, -0.1)_(0.5, 0.6, -0.6, 0.2)_0.9825718_System.String[];HandRight_(-0.3, -0.3, -0.3)_(0.3, 0.3, 0.4, -0.8)_1.012537_System.String[];HandRight_(0.3, -0.6, -0.2)_(0.3, -0.3, -0.2, 0.9)_0.9825718_System.String[];51.6477;-0.0221;-0.0990;21.9270;-19.6977;1.1666;1.0361;-0.9193;0.5497;357.3029;356.5938;96.1063;272.8538;356.2554;3.7524
0.0003;0.0810;False;False;22.1415;-19.7509;-0.0102;-0.0507;-1.2503;0.9414;0.2024;0.7209;90.3981;271.3147;359.9694;359.7404;-6.0594;-0.0184;-0.0778;-0.0089;0.0347;4.9525;173868;71.68343;Infinity;2416.63;22.1285;-20.0099;1.1385;1.4241;-1.0007;0.2387;355.0677;353.2617;137.8606;277.7379;354.6081;359.0028;LeftFalse_RightFalse;LeftFalse_RightFalse;HandLeft_(-0.4, -0.4, -0.1)_(-0.2, -0.6, 0.8, 0.1)_1.012537_System.String[];HandLeft_(0.2, -0.7, -0.1)_(0.5, 0.6, -0.6, 0.2)_0.9825718_System.String[];HandRight_(-0.3, -0.3, -0.3)_(0.3, 0.3, 0.4, -0.8)_1.012537_System.String[];HandRight_(0.3, -0.6, -0.2)_(0.3, -0.3, -0.2, 0.9)_0.9825718_System.String[];51.6895;-0.0200;-0.0781;22.1370;-19.9512;1.1660;1.0328;-0.9191;0.5498;357.3094;356.6634;96.0070;272.7410;356.4489;3.5345
0.0002;0.0591;False;False;22.3483;-20.0039;-0.0110;-0.0541;-1.2506;0.9425;0.2154;0.7941;90.3222;270.8908;359.9669;359.7446;-6.0242;-0.0185;-0.0860;-0.0050;0.0150;4.9113;173871;71.58935;Infinity;2416.67;22.3353;-20.2592;1.1377;1.4204;-1.0010;0.2374;355.0789;353.3386;137.7824;277.2932;354.6167;359.0129;LeftFalse_RightFalse;LeftFalse_RightFalse;HandLeft_(-0.4, -0.4, -0.1)_(-0.2, -0.6, 0.8, 0.1)_1.012537_System.String[];HandLeft_(0.2, -0.7, -0.1)_(0.5, 0.6, -0.6, 0.2)_0.9825718_System.String[];HandRight_(-0.3, -0.3, -0.3)_(0.3, 0.3, 0.4, -0.8)_1.012537_System.String[];HandRight_(0.3, -0.6, -0.2)_(0.3, -0.3, -0.2, 0.9)_0.9825718_System.String[];51.7314;-0.0197;-0.0562;22.3436;-20.2019;1.1652;1.0295;-0.9190;0.5489;357.3445;356.5690;95.8843;272.6844;356.5861;3.4576
0.0001;0.0430;False;False;22.5520;-20.2537;-0.0118;-0.0578;-1.2507;0.9429;0.2260;0.8567;90.2511;270.5393;359.9640;359.7553;-5.9863;-0.0184;-0.0908;-0.0001;0.0048;4.8704;173874;71.77334;Infinity;2416.71;22.5401;-20.5072;1.1369;1.4163;-1.0011;0.2355;355.0886;353.4031;137.7094;276.9133;354.6232;359.0285;LeftFalse_RightFalse;LeftFalse_RightFalse;HandLeft_(-0.4, -0.4, -0.1)_(-0.2, -0.6, 0.8, 0.1)_1.012537_System.String[];HandLeft_(0.2, -0.7, -0.1)_(0.4, 0.6, -0.6, 0.2)_0.9825718_System.String[];HandRight_(-0.3, -0.3, -0.3)_(0.3, 0.3, 0.4, -0.8)_1.012537_System.String[];HandRight_(0.4, -0.6, -0.2)_(0.3, -0.4, -0.3, 0.8)_0.9825718_System.String[];51.7732;-0.0214;-0.0324;22.5483;-20.4511;1.1644;1.0258;-0.9188;0.5474;357.4017;356.5109;95.7470;272.7195;356.7165;3.4840
0.0001;0.0314;False;False;22.7538;-20.5018;-0.0125;-0.0616;-1.2505;0.9431;0.2349;0.9124;90.1814;270.2664;359.9609;359.7725;-5.9468;-0.0177;-0.0932;0.0063;0.0005;4.8298;173877;71.89405;Infinity;2416.75;22.7424;-20.7537;1.1361;1.4120;-1.0011;0.2337;355.0975;353.4588;137.6393;276.6115;354.6280;359.0503;LeftFalse_RightFalse;LeftFalse_RightFalse;HandLeft_(-0.4, -0.4, -0.1)_(-0.2, -0.6, 0.8, 0.1)_1.012537_System.String[];HandLeft_(0.2, -0.7, -0.1)_(0.4, 0.6, -0.6, 0.2)_0.9825718_System.String[];HandRight_(-0.3, -0.3, -0.3)_(0.3, 0.3, 0.4, -0.8)_1.012537_System.String[];HandRight_(0.4, -0.6, -0.2)_(0.3, -0.4, -0.3, 0.8)_0.9825718_System.String[];51.8149;-0.0254;-0.0085;22.7506;-20.6982;1.1633;1.0218;-0.9186;0.5463;357.4642;356.4835;95.6073;272.8456;356.8131;3.5147
0.0001;0.0229;False;False;22.9550;-20.7495;-0.0133;-0.0656;-1.2500;0.9435;0.2421;0.9633;90.1083;270.0754;359.9581;359.7970;-5.9057;-0.0170;-0.0936;0.0149;0.0066;4.7894;173880;71.71699;Infinity;2416.80;22.9430;-20.9993;1.1354;1.4075;-1.0007;0.2321;355.1044;353.5081;137.5678;276.3904;354.6320;359.0779;LeftFalse_RightFalse;LeftFalse_RightFalse;HandLeft_(-0.4, -0.4, -0.1)_(-0.2, -0.6, 0.8, 0.1)_1.012537_System.String[];HandLeft_(0.2, -0.7, -0.1)_(0.4, 0.6, -0.6, 0.2)_0.9825718_System.String[];HandRight_(-0.3, -0.3, -0.3)_(0.3, 0.3, 0.4, -0.8)_1.012537_System.String[];HandRight_(0.4, -0.6, -0.2)_(0.3, -0.4, -0.3, 0.8)_0.9825718_System.String[];51.8567;-0.0294;0.0143;22.9511;-20.9442;1.1623;1.0175;-0.9180;0.5458;357.5249;356.4672;95.4829;273.0449;356.8523;3.5308
0.0001;0.0187;False;False;23.1538;-20.9945;-0.0140;-0.0696;-1.2491;0.9443;0.2519;1.0157;90.0288;269.9725;359.9559;359.8266;-5.8637;-0.0192;-0.0997;0.0249;0.0202;4.7497;173883;71.79284;Infinity;2416.84;23.1431;-21.2458;1.1347;1.4029;-0.9999;0.2313;355.1114;353.5543;137.4899;276.2546;354.6367;359.1121;LeftFalse_RightFalse;LeftFalse_RightFalse;HandLeft_(-0.4, -0.4, -0.1)_(-0.2, -0.6, 0.8, 0.1)_1.012537_System.String[];HandLeft_(0.2, -0.7, -0.1)_(0.4, 0.6, -0.6, 0.2)_0.9825718_System.String[];HandRight_(-0.3, -0.3, -0.3)_(0.3, 0.3, 0.4, -0.8)_1.012537_System.String[];HandRight_(0.4, -0.6, -0.2)_(0.2, -0.4, -0.4, 0.8)_0.9825718_System.String[];51.8984;-0.0319;0.0339;23.1514;-21.1907;1.1614;1.0132;-0.9174;0.5465;357.6322;356.4838;95.3878;273.3678;356.8651;3.5140
0.0000;0.0317;False;False;23.3516;-21.2387;-0.0149;-0.0739;-1.2477;0.9460;0.2655;1.0801;89.9417;269.9547;359.9514;359.8601;-5.8217;-0.0203;-0.1042;0.0346;0.0400;4.7104;173886;71.7122;Infinity;2416.88;23.3415;-21.4917;1.1339;1.3979;-0.9986;0.2315;355.1233;353.6123;137.4044;276.2048;354.6432;359.1508;LeftFalse_RightFalse;LeftFalse_RightFalse;HandLeft_(-0.4, -0.4, -0.1)_(-0.1, -0.6, 0.8, 0.1)_1.012537_System.String[];HandLeft_(0.2, -0.7, -0.1)_(0.4, 0.7, -0.6, 0.1)_0.9825718_System.String[];HandRight_(-0.3, -0.3, -0.3)_(0.3, 0.2, 0.4, -0.8)_1.012537_System.String[];HandRight_(0.4, -0.6, -0.2)_(0.2, -0.5, -0.4, 0.8)_0.9825718_System.String[];51.9404;-0.0321;0.0525;23.3499;-21.4362;1.1605;1.0084;-0.9163;0.5485;357.7365;356.5311;95.3026;273.7924;356.8553;3.4548
0.0000;0.0623;False;False;23.5466;-21.4795;-0.0157;-0.0783;-1.2460;0.9487;0.2812;1.1499;89.8504;270.0206;359.9477;359.8972;-5.7623;-0.0207;-0.1068;0.0466;0.0786;4.6520;173889;71.8506;Infinity;2416.92;23.5369;-21.7353;1.1330;1.3927;-0.9970;0.2332;355.1365;353.6762;137.3137;276.2380;354.6515;359.1942;LeftFalse_RightFalse;LeftFalse_RightFalse;HandLeft_(-0.4, -0.4, -0.1)_(-0.1, -0.6, 0.8, 0.1)_1.012537_System.String[];HandLeft_(0.2, -0.7, -0.1)_(0.4, 0.7, -0.6, 0.1)_0.9825718_System.String[];HandRight_(-0.3, -0.3, -0.3)_(0.3, 0.3, 0.4, -0.8)_1.012537_System.String[];HandRight_(0.5, -0.6, -0.2)_(0.2, -0.5, -0.4, 0.8)_0.9825718_System.String[];51.9819;-0.0300;0.0693;23.5452;-21.6789;1.1596;1.0035;-0.9147;0.5520;357.7919;356.5663;95.2137;274.3667;356.8409;3.3759
0.0000;0.1066;False;False;23.7398;-21.7187;-0.0166;-0.0828;-1.2440;0.9526;0.2982;1.2215;89.7586;270.1592;359.9457;359.9359;-5.7287;-0.0207;-0.1152;0.0520;0.1101;4.6136;173892;71.92739;Infinity;2416.96;23.7306;-21.9783;1.1322;1.3873;-0.9950;0.2363;355.1497;353.7435;137.2207;276.3465;354.6620;359.2404;LeftFalse_RightFalse;LeftFalse_RightFalse;HandLeft_(-0.4, -0.4, -0.1)_(-0.1, -0.6, 0.8, 0.1)_1.012537_System.String[];HandLeft_(0.2, -0.7, -0.1)_(0.4, 0.7, -0.6, 0.1)_0.9825718_System.String[];HandRight_(-0.3, -0.3, -0.3)_(0.3, 0.3, 0.4, -0.8)_1.012537_System.String[];HandRight_(0.5, -0.6, -0.2)_(0.2, -0.5, -0.4, 0.7)_0.9825718_System.String[];52.0237;-0.0258;0.0843;23.7389;-21.9205;1.1587;0.9984;-0.9128;0.5571;357.8258;356.6094;95.1328;275.0851;356.8209;3.2970
0.0000;0.1587;False;False;23.9327;-21.9584;-0.0175;-0.0877;-1.2418;0.9580;0.3146;1.2760;89.6711;270.3686;359.9476;359.9752;-5.7023;-0.0239;-0.1236;0.0546;0.1458;4.5760;173895;71.70379;Infinity;2417.01;23.9236;-22.2217;1.1313;1.3817;-0.9928;0.2413;355.1610;353.8002;137.1301;276.5264;354.6750;359.2861;LeftFalse_RightFalse;LeftFalse_RightFalse;HandLeft_(-0.4, -0.4, -0.1)_(-0.1, -0.6, 0.8, 0.1)_1.012537_System.String[];HandLeft_(0.2, -0.7, -0.1)_(0.4, 0.7, -0.6, 0.1)_0.9825718_System.String[];HandRight_(-0.3, -0.3, -0.3)_(0.3, 0.3, 0.4, -0.8)_1.012537_System.String[];HandRight_(0.5, -0.6, -0.2)_(0.1, -0.5, -0.4, 0.7)_0.9825718_System.String[];52.0657;-0.0196;0.0965;23.9318;-22.1622;1.1578;0.9931;-0.9106;0.5637;357.8232;356.5419;95.0403;275.9221;356.8609;3.2273
-0.0119;0.2065;False;False;24.1232;-22.1960;-0.0185;-0.0930;-1.2395;0.9649;0.3259;1.3155;89.5945;270.6399;359.9488;0.0142;-5.6829;-0.0247;-0.1287;0.0542;0.1848;4.5374;173898;71.77626;Infinity;2417.05;24.1150;-22.4645;1.1302;1.3758;-0.9904;0.2482;355.1684;353.8398;137.0482;276.7723;354.6859;359.3303;LeftFalse_RightFalse;LeftFalse_RightFalse;HandLeft_(-0.4, -0.4, -0.1)_(-0.2, -0.6, 0.8, 0.1)_1.012537_System.String[];HandLeft_(0.2, -0.7, -0.1)_(0.4, 0.7, -0.6, 0.1)_0.9825718_System.String[];HandRight_(-0.3, -0.3, -0.3)_(0.3, 0.3, 0.4, -0.8)_1.012537_System.String[];HandRight_(0.5, -0.6, -0.2)_(0.1, -0.6, -0.4, 0.7)_0.9825718_System.String[];52.1074;-0.0127;0.1057;24.1232;-22.4035;1.1568;0.9874;-0.9082;0.5722;357.8426;356.4176;94.9451;276.6898;356.8503;3.1991
-0.0238;0.2441;False;False;24.3115;-22.4324;-0.0195;-0.0984;-1.2373;0.9735;0.3335;1.3447;89.5322;270.9629;359.9487;0.0520;-5.6685;-0.0251;-0.1316;0.0520;0.2249;4.4951;173901;71.87645;Infinity;2417.09;24.3038;-22.7057;1.1292;1.3697;-0.9881;0.2571;355.1740;353.8677;136.9803;277.0733;354.6923;359.3720;LeftFalse_RightFalse;LeftFalse_RightFalse;HandLeft_(-0.4, -0.4, -0.1)_(-0.2, -0.5, 0.8, 0.1)_1.012537_System.String[];HandLeft_(0.2, -0.7, -0.1)_(0.5, 0.7, -0.6, 0.1)_0.9825718_System.String[];HandRight_(-0.3, -0.3, -0.3)_(0.3, 0.3, 0.4, -0.8)_1.012537_System.String[];HandRight_(0.5, -0.7, -0.1)_(0.1, -0.6, -0.4, 0.7)_0.9825718_System.String[];52.1492;-0.0054;0.1139;24.3121;-22.6428;1.1557;0.9817;-0.9056;0.5826;357.8923;356.4362;94.8227;277.3865;356.8538;3.1244
-0.0278;0.2738;False;False;24.4978;-22.6682;-0.0206;-0.1039;-1.2352;0.9839;0.3394;1.3669;89.4872;271.3297;359.9496;0.0894;-5.6587;-0.0253;-0.1326;0.0477;0.2680;4.4502;173904;71.94321;Infinity;2417.13;24.4907;-22.9467;1.1281;1.3636;-0.9859;0.2682;355.1780;353.8878;136.9286;277.4209;354.6974;359.4120;LeftFalse_RightFalse;LeftFalse_RightFalse;HandLeft_(-0.4, -0.4, -0.1)_(-0.2, -0.5, 0.8, 0.1)_1.012537_System.String[];HandLeft_(0.2, -0.7, -0.1)_(0.5, 0.7, -0.6, 0.1)_0.9825718_System.String[];HandRight_(-0.3, -0.3, -0.3)_(0.3, 0.3, 0.4, -0.8)_1.012537_System.String[];HandRight_(0.5, -0.7, -0.1)_(0.1, -0.6, -0.5, 0.7)_0.9825718_System.String[];52.1907;0.0015;0.1203;24.4992;-22.8817;1.1547;0.9758;-0.9032;0.5948;357.9145;356.5268;94.7018;278.0194;356.8464;3.0053
-0.0317;0.2986;False;False;24.6826;-22.9043;-0.0216;-0.1094;-1.2333;0.9963;0.3443;1.3850;89.4609;271.7348;359.9518;0.1267;-5.6526;-0.0247;-0.1333;0.0421;0.3130;4.4048;173907;71.87308;Infinity;2417.17;24.6757;-23.1877;1.1271;1.3575;-0.9839;0.2813;355.1806;353.9025;136.8955;277.8082;354.7023;359.4510;LeftFalse_RightFalse;LeftFalse_RightFalse;HandLeft_(-0.4, -0.3, -0.1)_(-0.3, -0.5, 0.8, 0.1)_1.012537_System.String[];HandLeft_(0.2, -0.7, -0.1)_(0.5, 0.7, -0.6, 0.1)_0.9825718_System.String[];HandRight_(-0.3, -0.3, -0.3)_(0.4, 0.3, 0.4, -0.8)_1.012537_System.String[];HandRight_(0.5, -0.7, -0.1)_(0.0, -0.6, -0.5, 0.7)_0.9825718_System.String[];52.2327;0.0065;0.1254;24.6843;-23.1202;1.1537;0.9699;-0.9011;0.6088;357.9221;356.6322;94.5920;278.6198;356.8910;2.8537
-0.0357;0.3199;False;False;24.8650;-23.1395;-0.0226;-0.1151;-1.2317;1.0106;0.3473;1.4048;89.4526;272.1693;359.9565;0.1617;-5.6497;-0.0239;-0.1354;0.0368;0.3594;4.3586;173910;71.94396;Infinity;2417.21;24.8592;-23.4293;1.1260;1.3514;-0.9821;0.2968;355.1799;353.9173;136.8810;278.2291;354.7078;359.4896;LeftFalse_RightFalse;LeftFalse_RightFalse;HandLeft_(-0.4, -0.3, -0.1)_(-0.3, -0.5, 0.8, 0.1)_1.012537_System.String[];HandLeft_(0.2, -0.7, -0.1)_(0.5, 0.7, -0.6, 0.1)_0.9825718_System.String[];HandRight_(-0.3, -0.4, -0.3)_(0.4, 0.3, 0.4, -0.8)_1.012537_System.String[];HandRight_(0.5, -0.7, -0.1)_(0.0, -0.6, -0.5, 0.7)_0.9825718_System.String[];52.2742;0.0095;0.1286;24.8680;-23.3589;1.1526;0.9640;-0.8991;0.6248;357.9398;356.6533;94.5126;279.2375;356.9534;2.7129
-0.0516;0.3393;False;False;25.0479;-23.3781;-0.0236;-0.1208;-1.2303;1.0271;0.3506;1.4270;89.4586;272.6338;359.9611;0.1942;-5.6492;-0.0232;-0.1359;0.0323;0.4060;4.3109;173913;71.49274;Infinity;2417.26;25.0425;-23.6736;1.1250;1.3451;-0.9805;0.3147;355.1785;353.9352;136.8826;278.6816;354.7130;359.5253;LeftFalse_RightFalse;LeftFalse_RightFalse;HandLeft_(-0.4, -0.3, -0.1)_(-0.3, -0.5, 0.8, 0.1)_1.012537_System.String[];HandLeft_(0.2, -0.7, -0.1)_(0.5, 0.7, -0.5, 0.1)_0.9825718_System.String[];HandRight_(-0.3, -0.4, -0.3)_(0.4, 0.3, 0.4, -0.7)_1.012537_System.String[];HandRight_(0.5, -0.7, -0.1)_(0.0, -0.6, -0.5, 0.6)_0.9825718_System.String[];52.3164;0.0099;0.1292;25.0516;-23.6001;1.1516;0.9579;-0.8973;0.6432;357.9574;356.5802;94.4692;279.8360;356.9952;2.6838
-0.0635;0.3549;False;False;25.2264;-23.6138;-0.0246;-0.1264;-1.2291;1.0454;0.3570;1.4508;89.4737;273.1087;359.9633;0.2243;-5.6510;-0.0240;-0.1356;0.0291;0.4524;4.2589;173916;71.68935;Infinity;2417.30;25.2222;-23.9162;1.1240;1.3389;-0.9792;0.3348;355.1795;353.9550;136.8948;279.1490;354.7193;359.5586;LeftFalse_RightFalse;LeftFalse_RightFalse;HandLeft_(-0.4, -0.3, -0.1)_(-0.3, -0.5, 0.8, 0.1)_1.012537_System.String[];HandLeft_(0.2, -0.7, -0.1)_(0.5, 0.7, -0.5, 0.1)_0.9825718_System.String[];HandRight_(-0.3, -0.4, -0.3)_(0.4, 0.3, 0.4, -0.7)_1.012537_System.String[];HandRight_(0.5, -0.7, -0.1)_(0.0, -0.6, -0.5, 0.6)_0.9825718_System.String[];52.3582;0.0089;0.1292;25.2316;-23.8396;1.1502;0.9519;-0.8958;0.6633;358.0323;356.5654;94.4596;280.3528;357.0146;2.7430
-0.0992;0.3640;False;False;25.4027;-23.8499;-0.0256;-0.1322;-1.2279;1.0658;0.3658;1.4707;89.4930;273.5947;359.9640;0.2548;-5.6552;-0.0240;-0.1423;0.0273;0.4979;4.2022;173919;71.72376;Infinity;2417.34;25.3992;-24.1583;1.1230;1.3327;-0.9780;0.3570;355.1841;353.9750;136.9126;279.6267;354.7260;359.5903;LeftFalse_RightFalse;LeftFalse_RightFalse;HandLeft_(-0.4, -0.3, -0.1)_(-0.3, -0.5, 0.8, 0.1)_1.012537_System.String[];HandLeft_(0.2, -0.7, -0.1)_(0.5, 0.7, -0.5, 0.1)_0.9825718_System.String[];HandRight_(-0.3, -0.4, -0.3)_(0.4, 0.3, 0.4, -0.7)_1.012537_System.String[];HandRight_(0.5, -0.7, -0.1)_(0.0, -0.6, -0.5, 0.6)_0.9825718_System.String[];52.3999;0.0072;0.1292;25.4087;-24.0786;1.1490;0.9459;-0.8945;0.6853;358.1284;356.5826;94.4717;280.8293;356.9981;2.7671
-0.1270;0.3602;False;False;25.5775;-24.0883;-0.0266;-0.1384;-1.2268;1.0883;0.3774;1.4783;89.5129;274.0922;359.9641;0.2836;-5.6635;-0.0230;-0.1484;0.0258;0.5674;4.0983;173922;71.4698;Infinity;2417.38;25.5750;-24.4026;1.1220;1.3262;-0.9769;0.3815;355.1913;353.9821;136.9319;280.1173;354.7337;359.6223;LeftFalse_RightFalse;LeftFalse_RightFalse;HandLeft_(-0.4, -0.3, -0.1)_(-0.3, -0.5, 0.8, 0.1)_1.012537_System.String[];HandLeft_(0.2, -0.7, -0.1)_(0.5, 0.7, -0.5, 0.0)_0.9825718_System.String[];HandRight_(-0.3, -0.4, -0.3)_(0.4, 0.3, 0.4, -0.7)_1.012537_System.String[];HandRight_(0.5, -0.7, -0.1)_(0.0, -0.6, -0.5, 0.6)_0.9825718_System.String[];52.4421;0.0065;0.1279;25.5846;-24.3198;1.1479;0.9395;-0.8933;0.7094;358.2119;356.5803;94.5207;281.2805;356.9309;2.7515
-0.1429;0.3151;False;False;25.7477;-24.3251;-0.0276;-0.1446;-1.2257;1.1127;0.3916;1.4793;89.5319;274.5882;359.9646;0.3065;-5.6667;-0.0223;-0.1504;0.0246;0.6127;4.0199;173925;71.6319;Infinity;2417.42;25.7473;-24.6464;1.1210;1.3196;-0.9758;0.4081;355.2000;353.9823;136.9504;280.6117;354.7440;359.6472;LeftFalse_RightFalse;LeftFalse_RightFalse;HandLeft_(-0.4, -0.3, -0.1)_(-0.3, -0.5, 0.8, 0.1)_1.012537_System.String[];HandLeft_(0.2, -0.7, -0.1)_(0.5, 0.7, -0.5, 0.0)_0.9825718_System.String[];HandRight_(-0.3, -0.4, -0.3)_(0.4, 0.3, 0.5, -0.8)_1.012537_System.String[];HandRight_(0.5, -0.7, -0.1)_(0.0, -0.6, -0.5, 0.7)_0.9825718_System.String[];52.4839;0.0067;0.1248;25.7571;-24.5607;1.1465;0.9331;-0.8922;0.7356;358.2973;356.5792;94.5902;281.7105;356.8921;2.7648
-0.1627;0.2313;False;False;25.9143;-24.5618;-0.0285;-0.1509;-1.2248;1.1390;0.4066;1.4775;89.5505;275.0800;359.9668;0.3249;-5.6611;-0.0241;-0.1513;0.0228;0.6538;3.9364;173928;71.68369;Infinity;2417.47;25.9150;-24.8883;1.1200;1.3131;-0.9748;0.4366;355.2092;353.9790;136.9679;281.1014;354.7563;359.6670;LeftFalse_RightFalse;LeftFalse_RightFalse;HandLeft_(-0.4, -0.3, -0.1)_(-0.3, -0.5, 0.8, 0.1)_1.012537_System.String[];HandLeft_(0.2, -0.7, -0.1)_(0.5, 0.7, -0.5, 0.0)_0.9825718_System.String[];HandRight_(-0.3, -0.4, -0.3)_(0.4, 0.3, 0.4, -0.8)_1.012537_System.String[];HandRight_(0.5, -0.7, -0.1)_(0.1, -0.6, -0.5, 0.7)_0.9825718_System.String[];52.5256;0.0083;0.1184;25.9248;-24.7997;1.1452;0.9267;-0.8911;0.7635;358.3533;356.6216;94.6606;282.1099;356.8916;2.8333
-0.1627;0.1686;False;False;26.0782;-24.7995;-0.0295;-0.1573;-1.2239;1.1671;0.4185;1.4754;89.5704;275.5610;359.9673;0.3391;-5.6457;-0.0241;-0.1502;0.0195;0.6894;3.8512;173931;71.52435;Infinity;2417.51;26.0804;-25.1319;1.1190;1.3066;-0.9738;0.4672;355.2169;353.9751;136.9863;281.5860;354.7669;359.6825;LeftFalse_RightFalse;LeftFalse_RightFalse;HandLeft_(-0.4, -0.3, -0.1)_(-0.3, -0.5, 0.8, 0.1)_1.012537_System.String[];HandLeft_(0.2, -0.7, -0.1)_(0.5, 0.7, -0.5, 0.1)_0.9825718_System.String[];HandRight_(-0.3, -0.4, -0.3)_(0.4, 0.3, 0.4, -0.8)_1.012537_System.String[];HandRight_(0.5, -0.7, -0.1)_(0.1, -0.5, -0.5, 0.7)_0.9825718_System.String[];52.5679;0.0113;0.1101;26.0904;-25.0409;1.1440;0.9206;-0.8902;0.7936;358.3660;356.6794;94.7038;282.4307;356.9300;2.9344
-0.1627;0.1229;False;False;26.2373;-25.0348;-0.0305;-0.1634;-1.2231;1.1965;0.4269;1.4716;89.5935;276.0176;359.9655;0.3445;-5.6239;-0.0238;-0.1453;0.0151;0.7212;3.7667;173934;71.70613;Infinity;2417.55;26.2417;-25.3739;1.1180;1.3002;-0.9731;0.4994;355.2243;353.9717;137.0076;282.0510;354.7731;359.6906;LeftFalse_RightFalse;LeftFalse_RightFalse;HandLeft_(-0.4, -0.3, -0.1)_(-0.3, -0.5, 0.8, 0.1)_1.012537_System.String[];HandLeft_(0.2, -0.7, -0.1)_(0.5, 0.7, -0.5, 0.1)_0.9825718_System.String[];HandRight_(-0.3, -0.4, -0.3)_(0.4, 0.3, 0.4, -0.8)_1.012537_System.String[];HandRight_(0.5, -0.7, -0.1)_(0.1, -0.5, -0.5, 0.7)_0.9825718_System.String[];52.6096;0.0153;0.1005;26.2517;-25.2804;1.1429;0.9146;-0.8894;0.8255;358.3568;356.7307;94.6879;282.7098;356.9959;2.9596
-0.1627;0.0896;False;False;26.3935;-25.2702;-0.0315;-0.1695;-1.2226;1.2273;0.4327;1.4643;89.6223;276.4484;359.9633;0.3468;-5.5969;-0.0234;-0.1421;0.0095;0.7472;3.6828;173937;71.58282;Infinity;2417.59;26.3989;-25.6140;1.1170;1.2942;-0.9725;0.5328;355.2303;353.9648;137.0338;282.4904;354.7766;359.6931;LeftFalse_RightFalse;LeftFalse_RightFalse;HandLeft_(-0.4, -0.3, -0.1)_(-0.3, -0.5, 0.8, 0.1)_1.012537_System.String[];HandLeft_(0.2, -0.7, -0.1)_(0.4, 0.7, -0.6, 0.1)_0.9825718_System.String[];HandRight_(-0.3, -0.4, -0.3)_(0.4, 0.3, 0.4, -0.7)_1.012537_System.String[];HandRight_(0.5, -0.7, -0.1)_(0.1, -0.5, -0.5, 0.7)_0.9825718_System.String[];52.6514;0.0193;0.0907;26.4089;-25.5182;1.1418;0.9088;-0.8888;0.8586;358.3349;356.7319;94.6517;282.9450;357.0022;2.8655
-0.1627;0.0653;False;False;26.5462;-25.5046;-0.0325;-0.1754;-1.2223;1.2591;0.4364;1.4563;89.6585;276.8456;359.9612;0.3457;-5.5662;-0.0230;-0.1393;0.0032;0.7686;3.5996;173940;71.51374;Infinity;2417.63;26.5531;-25.8537;1.1160;1.2883;-0.9722;0.5673;355.2348;353.9569;137.0672;282.9002;354.7784;359.6921;LeftFalse_RightFalse;LeftFalse_RightFalse;HandLeft_(-0.4, -0.3, -0.1)_(-0.3, -0.5, 0.8, 0.1)_1.012537_System.String[];HandLeft_(0.2, -0.7, -0.1)_(0.4, 0.7, -0.6, 0.2)_0.9825718_System.String[];HandRight_(-0.3, -0.4, -0.3)_(0.4, 0.3, 0.4, -0.7)_1.012537_System.String[];HandRight_(0.5, -0.6, -0.2)_(0.1, -0.5, -0.5, 0.7)_0.9825718_System.String[];52.6934;0.0230;0.0800;26.5629;-25.7556;1.1407;0.9030;-0.8882;0.8927;358.3230;356.7666;94.6306;283.1638;356.9819;2.7218
-0.1627;0.0476;False;False;26.6946;-25.7364;-0.0334;-0.1812;-1.2223;1.2916;0.4381;1.4480;89.7021;277.2044;359.9600;0.3443;-5.5332;-0.0219;-0.1382;-0.0029;0.7867;3.5171;173943;71.67501;Infinity;2417.68;26.7033;-26.0908;1.1151;1.2825;-0.9722;0.6024;355.2379;353.9494;137.1086;283.2722;354.7789;359.6888;LeftFalse_RightFalse;LeftFalse_RightFalse;HandLeft_(-0.4, -0.3, -0.1)_(-0.3, -0.5, 0.8, 0.1)_1.012537_System.String[];HandLeft_(0.2, -0.7, -0.1)_(0.4, 0.6, -0.6, 0.3)_0.9825718_System.String[];HandRight_(-0.3, -0.4, -0.3)_(0.4, 0.3, 0.4, -0.7)_1.012537_System.String[];HandRight_(0.5, -0.6, -0.2)_(0.1, -0.5, -0.5, 0.7)_0.9825718_System.String[];52.7351;0.0255;0.0692;26.7130;-25.9906;1.1397;0.8973;-0.8880;0.9274;358.2881;356.8549;94.6367;283.3519;356.9698;2.6190
-0.1627;0.0347;False;False;26.8390;-25.9661;-0.0343;-0.1869;-1.2226;1.3247;0.4374;1.4370;89.7519;277.5251;359.9609;0.3419;-5.4991;-0.0209;-0.1383;-0.0084;0.8001;3.4351;173946;71.82841;Infinity;2417.72;26.8490;-26.3246;1.1142;1.2769;-0.9725;0.6378;355.2375;353.9394;137.1565;283.6053;354.7792;359.6869;LeftFalse_RightFalse;LeftFalse_RightFalse;HandLeft_(-0.4, -0.3, -0.1)_(-0.3, -0.5, 0.8, 0.1)_1.012537_System.String[];HandLeft_(0.2, -0.7, -0.1)_(0.4, 0.6, -0.6, 0.3)_0.9825718_System.String[];HandRight_(-0.3, -0.4, -0.3)_(0.4, 0.3, 0.5, -0.7)_1.012537_System.String[];HandRight_(0.5, -0.6, -0.2)_(0.2, -0.5, -0.4, 0.8)_0.9825718_System.String[];52.7769;0.0261;0.0593;26.8587;-26.2227;1.1388;0.8916;-0.8881;0.9623;358.2449;356.9012;94.6783;283.5151;356.9824;2.5796
-0.1667;0.0253;False;False;26.9810;-26.1962;-0.0352;-0.1927;-1.2231;1.3585;0.4357;1.4229;89.8057;277.8098;359.9605;0.3339;-5.4638;-0.0194;-0.1374;-0.0129;0.8106;3.3538;173949;71.56341;Infinity;2417.76;26.9912;-26.5565;1.1133;1.2713;-0.9729;0.6736;355.2362;353.9271;137.2092;283.9010;354.7783;359.6794;LeftFalse_RightFalse;LeftFalse_RightFalse;HandLeft_(-0.4, -0.3, -0.1)_(-0.3, -0.5, 0.8, 0.1)_1.012537_System.String[];HandLeft_(0.2, -0.7, -0.1)_(0.4, 0.6, -0.6, 0.4)_0.9825718_System.String[];HandRight_(-0.3, -0.4, -0.2)_(0.4, 0.3, 0.5, -0.7)_1.012537_System.String[];HandRight_(0.5, -0.6, -0.2)_(0.2, -0.5, -0.4, 0.8)_0.9825718_System.String[];52.8188;0.0261;0.0508;27.0009;-26.4529;1.1379;0.8860;-0.8885;0.9976;358.2335;356.8462;94.7102;283.6243;357.0581;2.5998
-0.1667;0.0185;False;False;27.1187;-26.4236;-0.0360;-0.1984;-1.2237;1.3925;0.4340;1.4068;89.8606;278.0557;359.9590;0.3222;-5.4096;-0.0182;-0.1360;-0.0181;0.8224;3.2313;173952;71.68822;Infinity;2417.80;27.1314;-26.7889;1.1125;1.2657;-0.9736;0.7100;355.2359;353.9127;137.2644;284.1624;354.7762;359.6669;LeftFalse_RightFalse;LeftFalse_RightFalse;HandLeft_(-0.4, -0.3, -0.1)_(-0.3, -0.5, 0.8, 0.1)_1.012537_System.String[];HandLeft_(0.2, -0.7, -0.1)_(0.4, 0.6, -0.6, 0.4)_0.9825718_System.String[];HandRight_(-0.3, -0.4, -0.2)_(0.4, 0.3, 0.5, -0.7)_1.012537_System.String[];HandRight_(0.5, -0.6, -0.2)_(0.2, -0.5, -0.4, 0.8)_0.9825718_System.String[];52.8606;0.0255;0.0427;27.1411;-26.6837;1.1371;0.8804;-0.8891;1.0331;358.2251;356.7060;94.7304;283.6499;357.0984;2.6565
-0.1667;0.0135;False;False;27.2524;-26.6487;-0.0367;-0.2041;-1.2245;1.4268;0.4325;1.3897;89.9148;278.2673;359.9564;0.3088;-5.3731;-0.0175;-0.1351;-0.0207;0.8276;3.1505;173955;71.84729;Infinity;2417.84;27.2665;-27.0166;1.1118;1.2603;-0.9744;0.7461;355.2365;353.8974;137.3192;284.3868;354.7735;359.6523;LeftFalse_RightFalse;LeftFalse_RightFalse;HandLeft_(-0.4, -0.3, -0.1)_(-0.3, -0.5, 0.8, 0.1)_1.012537_System.String[];HandLeft_(0.2, -0.7, -0.1)_(0.4, 0.6, -0.6, 0.4)_0.9825718_System.String[];HandRight_(-0.3, -0.4, -0.2)_(0.4, 0.3, 0.5, -0.7)_1.012537_System.String[];HandRight_(0.4, -0.6, -0.2)_(0.2, -0.5, -0.4, 0.8)_0.9825718_System.String[];52.9023;0.0249;0.0360;27.2763;-26.9100;1.1364;0.8749;-0.8899;1.0683;358.2573;356.5690;94.7287;283.6068;357.1009;2.7209
-0.1667;-0.0021;False;False;27.3855;-26.8772;-0.0374;-0.2097;-1.2254;1.4619;0.4308;1.3686;89.9686;278.4517;359.9531;0.2857;-5.3357;-0.0169;-0.1282;-0.0229;0.8317;3.0703;173958;71.01694;Infinity;2417.89;27.3989;-27.2437;1.1111;1.2550;-0.9754;0.7826;355.2377;353.8807;137.3730;284.5813;354.7702;359.6328;LeftFalse_RightFalse;LeftFalse_RightFalse;HandLeft_(-0.4, -0.3, -0.1)_(-0.3, -0.5, 0.8, 0.1)_1.012537_System.String[];HandLeft_(0.2, -0.7, -0.1)_(0.4, 0.5, -0.6, 0.4)_0.9825718_System.String[];HandRight_(-0.3, -0.4, -0.2)_(0.4, 0.3, 0.5, -0.7)_1.012537_System.String[];HandRight_(0.4, -0.6, -0.2)_(0.3, -0.4, -0.4, 0.8)_0.9825718_System.String[];52.9451;0.0249;0.0306;27.4086;-27.1357;1.1356;0.8691;-0.8909;1.1037;358.3165;356.5042;94.7384;283.5236;357.0572;2.7604
-0.1667;-0.0801;False;False;27.5128;-27.1003;-0.0381;-0.2150;-1.2263;1.4966;0.4293;1.3395;90.0198;278.6052;359.9498;0.2531;-5.2885;-0.0160;-0.1190;-0.0251;0.8330;2.9908;173961;71.25464;Infinity;2417.93;27.5290;-27.4709;1.1104;1.2501;-0.9765;0.8196;355.2392;353.8582;137.4256;284.7504;354.7666;359.5969;LeftFalse_RightFalse;LeftFalse_RightFalse;HandLeft_(-0.4, -0.3, -0.1)_(-0.3, -0.5, 0.8, 0.1)_1.012537_System.String[];HandLeft_(0.2, -0.7, -0.1)_(0.5, 0.5, -0.6, 0.4)_0.9825718_System.String[];HandRight_(-0.3, -0.4, -0.2)_(0.4, 0.3, 0.5, -0.7)_1.012537_System.String[];HandRight_(0.4, -0.6, -0.2)_(0.3, -0.4, -0.4, 0.8)_0.9825718_System.String[];52.9868;0.0249;0.0261;27.5389;-27.3618;1.1349;0.8637;-0.8920;1.1396;358.3480;356.4634;94.7448;283.4555;357.0721;2.7824
-0.1627;-0.1852;False;False;27.6363;-27.3202;-0.0388;-0.2199;-1.2274;1.5312;0.4286;1.2993;90.0694;278.7355;359.9482;0.2340;-5.2175;-0.0152;-0.1127;-0.0270;0.8288;2.9125;173964;71.55751;Infinity;2417.97;27.6546;-27.6936;1.1097;1.2456;-0.9776;0.8560;355.2401;353.8233;137.4762;284.8923;354.7645;359.5699;LeftFalse_RightFalse;LeftFalse_RightFalse;HandLeft_(-0.4, -0.3, -0.1)_(-0.3, -0.5, 0.8, 0.1)_1.012537_System.String[];HandLeft_(0.2, -0.8, -0.1)_(0.5, 0.5, -0.6, 0.4)_0.9825718_System.String[];HandRight_(-0.3, -0.4, -0.2)_(0.4, 0.3, 0.5, -0.7)_1.012537_System.String[];HandRight_(0.4, -0.6, -0.2)_(0.3, -0.4, -0.4, 0.8)_0.9825718_System.String[];53.0286;0.0249;0.0219;27.6645;-27.5834;1.1343;0.8587;-0.8931;1.1751;358.3771;356.4131;94.7605;283.3974;357.1095;2.8023
-0.1627;-0.3533;False;False;27.7566;-27.5367;-0.0394;-0.2245;-1.2286;1.5656;0.4282;1.2586;90.1176;278.8457;359.9472;0.2174;-5.1069;-0.0146;-0.1074;-0.0287;0.8161;2.8356;173967;71.59602;Infinity;2418.01;27.7759;-27.9112;1.1091;1.2414;-0.9788;0.8916;355.2406;353.7841;137.5249;285.0117;354.7633;359.5483;LeftFalse_RightFalse;LeftFalse_RightFalse;HandLeft_(-0.4, -0.3, -0.1)_(-0.3, -0.5, 0.8, 0.1)_1.012537_System.String[];HandLeft_(0.2, -0.8, -0.1)_(0.5, 0.5, -0.6, 0.4)_0.9825718_System.String[];HandRight_(-0.3, -0.4, -0.3)_(0.4, 0.3, 0.5, -0.7)_1.012537_System.String[];HandRight_(0.4, -0.6, -0.2)_(0.3, -0.4, -0.4, 0.8)_0.9825718_System.String[];53.0706;0.0249;0.0165;27.7859;-27.8002;1.1336;0.8542;-0.8943;1.2097;358.3937;356.3082;94.7940;283.3534;357.1395;2.8309
-0.1627;-0.5011;False;False;27.8748;-27.7493;-0.0400;-0.2288;-1.2298;1.5995;0.4275;1.2267;90.1650;278.9355;359.9468;0.1992;-4.9417;-0.0149;-0.0997;-0.0302;0.7923;2.7595;173970;71.37782;Infinity;2418.05;27.8958;-28.1270;1.1085;1.2374;-0.9801;0.9270;355.2409;353.7499;137.5729;285.1121;354.7626;359.5270;LeftFalse_RightFalse;LeftFalse_RightFalse;HandLeft_(-0.4, -0.3, -0.1)_(-0.3, -0.5, 0.8, 0.1)_1.012537_System.String[];HandLeft_(0.2, -0.8, -0.1)_(0.4, 0.5, -0.6, 0.4)_0.9825718_System.String[];HandRight_(-0.3, -0.4, -0.3)_(0.4, 0.3, 0.5, -0.7)_1.012537_System.String[];HandRight_(0.4, -0.6, -0.2)_(0.3, -0.4, -0.4, 0.8)_0.9825718_System.String[];53.1128;0.0249;0.0101;27.9058;-28.0152;1.1330;0.8498;-0.8956;1.2443;358.4055;356.1361;94.8252;283.2896;357.1502;2.8912
-0.1667;-0.5058;False;False;27.9881;-27.9507;-0.0407;-0.2328;-1.2311;1.6317;0.4252;1.2087;90.2104;279.0025;359.9468;0.1828;-4.7416;-0.0151;-0.0940;-0.0315;0.7606;2.6842;173973;71.65907;Infinity;2418.09;28.0103;-28.3316;1.1079;1.2336;-0.9814;0.9606;355.2396;353.7296;137.6189;285.1886;354.7613;359.5068;LeftFalse_RightFalse;LeftFalse_RightFalse;HandLeft_(-0.4, -0.3, -0.1)_(-0.3, -0.5, 0.8, 0.1)_1.012537_System.String[];HandLeft_(0.2, -0.8, -0.1)_(0.4, 0.5, -0.6, 0.5)_0.9825718_System.String[];HandRight_(-0.3, -0.4, -0.2)_(0.4, 0.3, 0.5, -0.7)_1.012537_System.String[];HandRight_(0.4, -0.6, -0.2)_(0.3, -0.4, -0.4, 0.8)_0.9825718_System.String[];53.1545;0.0249;0.0019;28.0204;-28.2189;1.1324;0.8458;-0.8969;1.2770;358.4319;355.9571;94.8665;283.1812;357.1093;2.9593
-0.1706;-0.4906;False;False;28.0988;-28.1447;-0.0413;-0.2366;-1.2324;1.6627;0.4219;1.1990;90.2548;279.0480;359.9458;0.1680;-4.5435;-0.0145;-0.0867;-0.0328;0.7257;2.6076;173976;71.54987;Infinity;2418.14;28.1221;-28.5285;1.1072;1.2300;-0.9828;0.9927;355.2378;353.7198;137.6638;285.2434;354.7590;359.4909;LeftFalse_RightFalse;LeftFalse_RightFalse;HandLeft_(-0.4, -0.3, -0.1)_(-0.3, -0.5, 0.8, 0.1)_1.012537_System.String[];HandLeft_(0.2, -0.8, -0.1)_(0.4, 0.5, -0.6, 0.5)_0.9825718_System.String[];HandRight_(-0.3, -0.4, -0.2)_(0.4, 0.3, 0.5, -0.7)_1.012537_System.String[];HandRight_(0.4, -0.6, -0.2)_(0.3, -0.4, -0.4, 0.8)_0.9825718_System.String[];53.1965;0.0249;-0.0076;28.1323;-28.4148;1.1318;0.8421;-0.8983;1.3082;358.4408;355.8177;94.9196;283.0463;357.0854;3.0046
-0.1706;-0.4989;False;False;28.2056;-28.3291;-0.0419;-0.2401;-1.2338;1.6919;0.4172;1.1917;90.2975;279.0686;359.9426;0.1517;-4.3514;-0.0139;-0.0808;-0.0341;0.6885;2.5307;173979;71.71582;Infinity;2418.18;28.2302;-28.7158;1.1066;1.2267;-0.9843;1.0231;355.2370;353.7140;137.7075;285.2743;354.7538;359.4742;LeftFalse_RightFalse;LeftFalse_RightFalse;HandLeft_(-0.4, -0.3, -0.1)_(-0.3, -0.5, 0.8, 0.1)_1.012537_System.String[];HandLeft_(0.2, -0.8, -0.1)_(0.4, 0.5, -0.6, 0.5)_0.9825718_System.String[];HandRight_(-0.3, -0.4, -0.2)_(0.4, 0.3, 0.5, -0.7)_1.012537_System.String[];HandRight_(0.4, -0.6, -0.2)_(0.3, -0.4, -0.4, 0.8)_0.9825718_System.String[];53.2383;0.0249;-0.0182;28.2404;-28.6014;1.1312;0.8390;-0.8998;1.3377;358.4442;355.6927;94.9818;282.8879;357.0965;3.0527
-0.1706;-0.4992;False;False;28.3089;-28.5050;-0.0424;-0.2433;-1.2352;1.7193;0.4118;1.1847;90.3388;279.0620;359.9386;0.1344;-4.1590;-0.0134;-0.0760;-0.0351;0.6482;2.4545;173982;71.81556;Infinity;2418.22;28.3346;-28.8940;1.1061;1.2237;-0.9858;1.0515;355.2362;353.7089;137.7498;285.2789;354.7473;359.4565;LeftFalse_RightFalse;LeftFalse_RightFalse;HandLeft_(-0.4, -0.3, -0.1)_(-0.3, -0.5, 0.8, 0.1)_1.012537_System.String[];HandLeft_(0.2, -0.8, -0.1)_(0.5, 0.5, -0.5, 0.5)_0.9825718_System.String[];HandRight_(-0.3, -0.4, -0.2)_(0.4, 0.3, 0.5, -0.7)_1.012537_System.String[];HandRight_(0.4, -0.6, -0.2)_(0.3, -0.4, -0.3, 0.8)_0.9825718_System.String[];53.2798;0.0249;-0.0293;28.3450;-28.7789;1.1307;0.8360;-0.9012;1.3652;358.4523;355.5526;95.0299;282.6794;357.1310;3.1449
-0.1706;-0.5111;False;False;28.4088;-28.6722;-0.0430;-0.2463;-1.2367;1.7449;0.4061;1.1767;90.3788;279.0271;359.9342;0.1164;-3.8716;-0.0128;-0.0699;-0.0363;0.5848;2.3415;173985;71.91645;Infinity;2418.26;28.4357;-29.0637;1.1056;1.2209;-0.9874;1.0779;355.2356;353.7032;137.7908;285.2557;354.7403;359.4378;LeftFalse_RightFalse;LeftFalse_RightFalse;HandLeft_(-0.4, -0.3, -0.1)_(-0.3, -0.5, 0.8, 0.1)_1.012537_System.String[];HandLeft_(0.2, -0.8, -0.1)_(0.5, 0.4, -0.5, 0.6)_0.9825718_System.String[];HandRight_(-0.3, -0.4, -0.2)_(0.4, 0.3, 0.5, -0.7)_1.012537_System.String[];HandRight_(0.4, -0.6, -0.2)_(0.3, -0.4, -0.3, 0.8)_0.9825718_System.String[];53.3215;0.0249;-0.0406;28.4465;-28.9480;1.1302;0.8332;-0.9025;1.3908;358.4586;355.4342;95.0627;282.4164;357.1784;3.2445
-0.1667;-0.5308;False;False;28.5061;-28.8322;-0.0435;-0.2491;-1.2382;1.7687;0.4002;1.1638;90.4177;278.9650;359.9297;0.0900;-3.6745;-0.0123;-0.0605;-0.0368;0.5403;2.2670;173988;71.76431;Infinity;2418.30;28.5342;-29.2255;1.1051;1.2183;-0.9890;1.1024;355.2350;353.6954;137.8308;285.2058;354.7329;359.4155;LeftFalse_RightFalse;LeftFalse_RightFalse;HandLeft_(-0.4, -0.3, -0.1)_(-0.3, -0.5, 0.8, 0.1)_1.012537_System.String[];HandLeft_(0.2, -0.8, -0.1)_(0.4, 0.4, -0.5, 0.6)_0.9825718_System.String[];HandRight_(-0.3, -0.4, -0.2)_(0.4, 0.3, 0.5, -0.7)_1.012537_System.String[];HandRight_(0.4, -0.6, -0.2)_(0.3, -0.3, -0.3, 0.8)_0.9825718_System.String[];53.3635;0.0249;-0.0536;28.5451;-29.1094;1.1297;0.8307;-0.9040;1.4144;358.4718;355.2787;95.1022;282.0981;357.2030;3.3693
-0.1627;-0.5466;False;False;28.5996;-28.9827;-0.0440;-0.2514;-1.2397;1.7903;0.3943;1.1390;90.4551;278.8759;359.9252;0.0596;-3.4718;-0.0120;-0.0481;-0.0372;0.4920;2.1956;173991;71.84125;Infinity;2418.35;28.6287;-29.3772;1.1046;1.2163;-0.9906;1.1249;355.2343;353.6790;137.8692;285.1305;354.7256;359.3798;LeftFalse_RightFalse;LeftFalse_RightFalse;HandLeft_(-0.4, -0.3, -0.1)_(-0.3, -0.5, 0.8, 0.1)_1.012537_System.String[];HandLeft_(0.2, -0.8, -0.1)_(0.5, 0.4, -0.5, 0.6)_0.9825718_System.String[];HandRight_(-0.3, -0.4, -0.3)_(0.4, 0.3, 0.5, -0.7)_1.012537_System.String[];HandRight_(0.4, -0.6, -0.2)_(0.3, -0.3, -0.3, 0.8)_0.9825718_System.String[];53.4053;0.0249;-0.0689;28.6399;-29.2609;1.1292;0.8289;-0.9056;1.4361;358.4607;355.1039;95.1750;281.7343;357.1785;3.4880
-0.1429;-0.5584;False;False;28.6901;-29.1244;-0.0445;-0.2533;-1.2412;1.8100;0.3880;1.1027;90.4913;278.7600;359.9211;0.0395;-3.2677;-0.0112;-0.0406;-0.0375;0.4423;2.1272;173994;71.87218;Infinity;2418.39;28.7203;-29.5199;1.1041;1.2148;-0.9923;1.1449;355.2334;353.6480;137.9065;285.0267;354.7180;359.3542;LeftFalse_RightFalse;LeftFalse_RightFalse;HandLeft_(-0.4, -0.3, -0.1)_(-0.3, -0.5, 0.8, 0.1)_1.012537_System.String[];HandLeft_(0.2, -0.8, 0.0)_(0.5, 0.4, -0.5, 0.6)_0.9825718_System.String[];HandRight_(-0.3, -0.4, -0.3)_(0.4, 0.3, 0.5, -0.7)_1.012537_System.String[];HandRight_(0.4, -0.6, -0.2)_(0.3, -0.3, -0.2, 0.9)_0.9825718_System.String[];53.4470;0.0247;-0.0829;28.7316;-29.4037;1.1288;0.8273;-0.9072;1.4552;358.4556;354.8889;95.2602;281.3340;357.1622;3.6019
-0.1190;-0.5662;False;False;28.7777;-29.2570;-0.0450;-0.2549;-1.2428;1.8275;0.3802;1.0610;90.5264;278.6217;359.9189;0.0241;-3.0611;-0.0105;-0.0352;-0.0375;0.3935;2.0658;173997;71.94778;Infinity;2418.43;28.8089;-29.6531;1.1036;1.2136;-0.9939;1.1624;355.2306;353.6098;137.9427;284.8981;354.7108;359.3329;LeftFalse_RightFalse;LeftFalse_RightFalse;HandLeft_(-0.4, -0.3, -0.1)_(-0.3, -0.5, 0.8, 0.1)_1.012537_System.String[];HandLeft_(0.2, -0.8, 0.0)_(0.6, 0.3, -0.5, 0.6)_0.9825718_System.String[];HandRight_(-0.3, -0.4, -0.3)_(0.4, 0.3, 0.5, -0.7)_1.012537_System.String[];HandRight_(0.4, -0.5, -0.2)_(0.3, -0.3, -0.2, 0.9)_0.9825718_System.String[];53.4885;0.0242;-0.0973;28.8202;-29.5369;1.1283;0.8260;-0.9088;1.4723;358.4514;354.7050;95.3620;280.9612;357.1555;3.6270
-0.0913;-0.5702;False;False;28.8630;-29.3812;-0.0454;-0.2563;-1.2444;1.8430;0.3709;1.0172;90.5605;278.4632;359.9175;0.0117;-2.8539;-0.0101;-0.0312;-0.0373;0.3452;2.0128;174000;71.83786;Infinity;2418.47;28.8947;-29.7770;1.1032;1.2125;-0.9955;1.1775;355.2258;353.5682;137.9777;284.7487;354.7032;359.3149;LeftFalse_RightFalse;LeftFalse_RightFalse;HandLeft_(-0.4, -0.3, -0.1)_(-0.3, -0.5, 0.8, 0.1)_1.012537_System.String[];HandLeft_(0.2, -0.8, 0.0)_(0.6, 0.3, -0.5, 0.6)_0.9825718_System.String[];HandRight_(-0.3, -0.4, -0.3)_(0.4, 0.3, 0.5, -0.7)_1.012537_System.String[];HandRight_(0.3, -0.5, -0.2)_(0.3, -0.3, -0.2, 0.9)_0.9825718_System.String[];53.5303;0.0230;-0.1107;28.9061;-29.6611;1.1279;0.8248;-0.9104;1.4871;358.4274;354.5070;95.5042;280.6352;357.1757;3.6320
-0.0635;-0.5702;False;False;28.9462;-29.4962;-0.0458;-0.2575;-1.2459;1.8564;0.3604;0.9730;90.5925;278.2890;359.9150;0.0016;-2.6471;-0.0091;-0.0276;-0.0370;0.2994;1.9692;174003;71.83245;Infinity;2418.51;28.9788;-29.8923;1.1028;1.2116;-0.9972;1.1905;355.2203;353.5254;138.0114;284.5807;354.6944;359.2995;LeftFalse_RightFalse;LeftFalse_RightFalse;HandLeft_(-0.4, -0.3, -0.1)_(-0.3, -0.5, 0.8, 0.1)_1.012537_System.String[];HandLeft_(0.2, -0.8, 0.0)_(0.6, 0.4, -0.4, 0.6)_0.9825718_System.String[];HandRight_(-0.3, -0.4, -0.3)_(0.4, 0.3, 0.5, -0.7)_1.012537_System.String[];HandRight_(0.3, -0.6, -0.2)_(0.3, -0.3, -0.2, 0.9)_0.9825718_System.String[];53.5723;0.0213;-0.1222;28.9902;-29.7768;1.1275;0.8239;-0.9120;1.4996;358.4754;354.3623;95.6951;280.4025;357.1687;3.6116
-0.0476;-0.5780;False;False;29.0282;-29.6028;-0.0462;-0.2586;-1.2474;1.8680;0.3485;0.9299;90.6220;278.1038;359.9110;359.9906;-2.4407;-0.0084;-0.0231;-0.0365;0.2574;1.9339;174006;71.55473;Infinity;2418.55;29.0605;-29.9979;1.1025;1.2109;-0.9988;1.2013;355.2152;353.4826;138.0425;284.4015;354.6837;359.2851;LeftFalse_RightFalse;LeftFalse_RightFalse;HandLeft_(-0.4, -0.3, -0.1)_(-0.3, -0.5, 0.8, 0.1)_1.012537_System.String[];HandLeft_(0.2, -0.8, 0.0)_(0.6, 0.4, -0.4, 0.6)_0.9825718_System.String[];HandRight_(-0.3, -0.4, -0.3)_(0.4, 0.3, 0.5, -0.7)_1.012537_System.String[];HandRight_(0.3, -0.6, -0.2)_(0.4, -0.3, -0.1, 0.9)_0.9825718_System.String[];53.6143;0.0190;-0.1322;29.0720;-29.8828;1.1272;0.8233;-0.9136;1.5099;358.5359;354.1979;95.9034;280.2285;357.1365;3.6440
-0.0397;-0.5781;False;False;29.1087;-29.7002;-0.0465;-0.2595;-1.2489;1.8778;0.3349;0.8923;90.6486;277.9154;359.9072;359.9773;-2.2333;-0.0077;-0.0194;-0.0358;0.2198;1.9030;174009;71.5163;Infinity;2418.60;29.1418;-30.0956;1.1022;1.2103;-1.0004;1.2105;355.2093;353.4449;138.0713;284.2143;354.6712;359.2668;LeftFalse_RightFalse;LeftFalse_RightFalse;HandLeft_(-0.4, -0.3, -0.1)_(-0.3, -0.5, 0.8, 0.1)_1.012537_System.String[];HandLeft_(0.2, -0.8, 0.0)_(0.6, 0.4, -0.4, 0.6)_0.9825718_System.String[];HandRight_(-0.3, -0.4, -0.3)_(0.4, 0.3, 0.5, -0.7)_1.012537_System.String[];HandRight_(0.3, -0.6, -0.2)_(0.4, -0.3, -0.1, 0.9)_0.9825718_System.String[];53.6563;0.0163;-0.1419;29.1535;-29.9809;1.1269;0.8228;-0.9156;1.5186;358.5812;353.9749;96.1488;280.0441;357.0596;3.7546
-0.0278;-0.5781;False;False;29.1878;-29.7884;-0.0468;-0.2602;-1.2503;1.8860;0.3206;0.8590;90.6719;277.7292;359.9033;359.9660;-2.0273;-0.0073;-0.0166;-0.0345;0.1848;1.8750;174012;71.53207;Infinity;2418.64;29.2213;-30.1838;1.1019;1.2099;-1.0020;1.2180;355.2026;353.4117;138.0969;284.0286;354.6581;359.2510;LeftFalse_RightFalse;LeftFalse_RightFalse;HandLeft_(-0.4, -0.3, -0.1)_(-0.3, -0.5, 0.8, 0.1)_1.012537_System.String[];HandLeft_(0.2, -0.8, 0.0)_(0.6, 0.3, -0.3, 0.6)_0.9825718_System.String[];HandRight_(-0.3, -0.4, -0.3)_(0.4, 0.3, 0.5, -0.7)_1.012537_System.String[];HandRight_(0.3, -0.6, -0.2)_(0.4, -0.3, -0.1, 0.9)_0.9825718_System.String[];53.6982;0.0129;-0.1513;29.2331;-30.0695;1.1262;0.8223;-0.9176;1.5259;358.6296;353.7795;96.3757;279.8277;357.0138;3.8879
-0.0119;-0.5781;False;False;29.2654;-29.8671;-0.0471;-0.2608;-1.2517;1.8927;0.3062;0.8326;90.6911;277.5500;359.8992;359.9631;-1.8222;-0.0071;-0.0122;-0.0328;0.1524;1.8522;174015;71.7272;Infinity;2418.68;29.2990;-30.2625;1.1016;1.2095;-1.0034;1.2240;355.1958;353.3839;138.1185;283.8482;354.6448;359.2419;LeftFalse_RightFalse;LeftFalse_RightFalse;HandLeft_(-0.4, -0.3, -0.1)_(-0.3, -0.5, 0.8, 0.1)_1.012537_System.String[];HandLeft_(0.2, -0.8, 0.0)_(0.7, 0.4, -0.3, 0.6)_0.9825718_System.String[];HandRight_(-0.3, -0.4, -0.3)_(0.4, 0.3, 0.5, -0.7)_1.012537_System.String[];HandRight_(0.3, -0.6, -0.2)_(0.4, -0.2, -0.1, 0.9)_0.9825718_System.String[];53.7397;0.0095;-0.1605;29.3108;-30.1488;1.1257;0.8218;-0.9194;1.5314;358.6664;353.6546;96.5454;279.5829;356.9881;3.9410
-0.0159;-0.5742;False;False;29.3421;-29.9368;-0.0474;-0.2612;-1.2530;1.8982;0.2916;0.8112;90.7057;277.3801;359.8951;359.9643;-1.5172;-0.0070;-0.0087;-0.0299;0.1105;1.8248;174018;71.85511;Infinity;2418.72;29.3758;-30.3324;1.1013;1.2092;-1.0048;1.2285;355.1890;353.3611;138.1358;283.6754;354.6312;359.2395;LeftFalse_RightFalse;LeftFalse_RightFalse;HandLeft_(-0.4, -0.3, -0.1)_(-0.3, -0.5, 0.8, 0.1)_1.012537_System.String[];HandLeft_(0.2, -0.8, 0.0)_(0.7, 0.4, -0.3, 0.6)_0.9825718_System.String[];HandRight_(-0.3, -0.4, -0.3)_(0.4, 0.3, 0.5, -0.7)_1.012537_System.String[];HandRight_(0.3, -0.6, -0.2)_(0.4, -0.2, -0.1, 0.9)_0.9825718_System.String[];53.7815;0.0055;-0.1693;29.3876;-30.2192;1.1253;0.8215;-0.9209;1.5357;358.7021;353.5188;96.6470;279.3300;356.9842;3.9367
0.0000;-0.5742;False;False;29.4180;-29.9975;-0.0477;-0.2616;-1.2542;1.9026;0.2775;0.7936;90.7161;277.2236;359.8910;359.9685;-1.3171;-0.0069;-0.0070;-0.0278;0.0874;1.8061;174021;71.93085;Infinity;2418.76;29.4517;-30.3938;1.1011;1.2089;-1.0062;1.2319;355.1823;353.3421;138.1488;283.5139;354.6178;359.2407;LeftFalse_RightFalse;LeftFalse_RightFalse;HandLeft_(-0.4, -0.3, -0.1)_(-0.3, -0.5, 0.8, 0.1)_1.012537_System.String[];HandLeft_(0.2, -0.8, 0.0)_(0.7, 0.4, -0.3, 0.6)_0.9825718_System.String[];HandRight_(-0.3, -0.4, -0.3)_(0.4, 0.3, 0.5, -0.7)_1.012537_System.String[];HandRight_(0.3, -0.6, -0.2)_(0.4, -0.2, -0.1, 0.9)_0.9825718_System.String[];53.8232;0.0021;-0.1747;29.4635;-30.2811;1.1250;0.8211;-0.9224;1.5389;358.6476;353.4419;96.6932;279.1208;356.9623;3.8638
0.0000;-0.5703;False;False;29.4933;-30.0497;-0.0480;-0.2618;-1.2553;1.9060;0.2641;0.7791;90.7221;277.0834;359.8870;359.9750;-1.1186;-0.0069;-0.0056;-0.0256;0.0681;1.7921;174024;71.89461;Infinity;2418.80;29.5268;-30.4468;1.1008;1.2086;-1.0074;1.2343;355.1761;353.3260;138.1574;283.3674;354.6050;359.2448;LeftFalse_RightFalse;LeftFalse_RightFalse;HandLeft_(-0.4, -0.3, -0.1)_(-0.3, -0.5, 0.8, 0.1)_1.012537_System.String[];HandLeft_(0.2, -0.8, 0.0)_(0.7, 0.4, -0.3, 0.6)_0.9825718_System.String[];HandRight_(-0.3, -0.4, -0.3)_(0.4, 0.3, 0.5, -0.8)_1.012537_System.String[];HandRight_(0.3, -0.6, -0.2)_(0.4, -0.2, 0.0, 0.9)_0.9825718_System.String[];53.8650;-0.0014;-0.1775;29.5386;-30.3346;1.1247;0.8208;-0.9237;1.5411;358.5996;353.4235;96.7316;278.9790;356.8957;3.7827
0.0000;-0.5664;False;False;29.5682;-30.0934;-0.0483;-0.2620;-1.2563;1.9086;0.2517;0.7671;90.7238;276.9630;359.8842;359.9834;-0.9235;-0.0063;-0.0043;-0.0232;0.0525;1.7781;174027;71.78156;Infinity;2418.85;29.6018;-30.4917;1.1006;1.2084;-1.0085;1.2361;355.1699;353.3124;138.1615;283.2387;354.5931;359.2512;LeftFalse_RightFalse;LeftFalse_RightFalse;HandLeft_(-0.4, -0.3, -0.1)_(-0.2, -0.5, 0.8, 0.1)_1.012537_System.String[];HandLeft_(0.2, -0.8, 0.0)_(0.7, 0.4, -0.3, 0.6)_0.9825718_System.String[];HandRight_(-0.3, -0.4, -0.3)_(0.4, 0.3, 0.5, -0.8)_1.012537_System.String[];HandRight_(0.3, -0.6, -0.2)_(0.5, -0.2, 0.0, 0.9)_0.9825718_System.String[];53.9067;-0.0043;-0.1777;29.6136;-30.3801;1.1244;0.8206;-0.9248;1.5428;358.5504;353.4221;96.7538;278.8559;356.8760;3.7726
0.0000;-0.5664;False;False;29.6421;-30.1285;-0.0485;-0.2622;-1.2572;1.9106;0.2408;0.7574;90.7218;276.8658;359.8826;359.9929;-0.7308;-0.0060;-0.0032;-0.0212;0.0393;1.7642;174030;71.87982;Infinity;2418.89;29.6757;-30.5282;1.1003;1.2081;-1.0095;1.2373;355.1636;353.3010;138.1615;283.1326;354.5836;359.2593;LeftFalse_RightFalse;LeftFalse_RightFalse;HandLeft_(-0.4, -0.3, -0.1)_(-0.2, -0.5, 0.8, 0.1)_1.012537_System.String[];HandLeft_(0.2, -0.8, 0.0)_(0.7, 0.4, -0.3, 0.6)_0.9825718_System.String[];HandRight_(-0.3, -0.4, -0.3)_(0.4, 0.3, 0.4, -0.8)_1.012537_System.String[];HandRight_(0.3, -0.6, -0.2)_(0.4, -0.2, 0.0, 0.9)_0.9825718_System.String[];53.9485;-0.0067;-0.1772;29.6875;-30.4171;1.1241;0.8204;-0.9259;1.5441;358.5271;353.4989;96.7382;278.7985;356.8812;3.7941
0.0000;-0.5664;False;False;29.7160;-30.1554;-0.0488;-0.2623;-1.2581;1.9121;0.2311;0.7499;90.7166;276.7914;359.8817;0.0029;-0.5396;-0.0059;-0.0020;-0.0193;0.0278;1.7504;174033;71.62392;Infinity;2418.93;29.7494;-30.5567;1.1001;1.2079;-1.0104;1.2381;355.1576;353.2917;138.1581;283.0492;354.5753;359.2682;LeftFalse_RightFalse;LeftFalse_RightFalse;HandLeft_(-0.4, -0.3, -0.1)_(-0.2, -0.5, 0.8, 0.1)_1.012537_System.String[];HandLeft_(0.2, -0.8, 0.0)_(0.7, 0.4, -0.3, 0.6)_0.9825718_System.String[];HandRight_(-0.3, -0.4, -0.3)_(0.4, 0.3, 0.4, -0.8)_1.012537_System.String[];HandRight_(0.3, -0.6, -0.2)_(0.4, -0.2, 0.0, 0.9)_0.9825718_System.String[];53.9905;-0.0087;-0.1763;29.7611;-30.4460;1.1239;0.8202;-0.9268;1.5449;358.4946;353.5853;96.6842;278.8022;356.8924;3.8089
0.0000;-0.5664;False;False;29.7890;-30.1739;-0.0490;-0.2624;-1.2588;1.9131;0.2224;0.7446;90.7088;276.7410;359.8811;0.0125;-0.3501;-0.0057;-0.0009;-0.0177;0.0173;1.7368;174036;71.63639;Infinity;2418.97;29.8223;-30.5772;1.0999;1.2078;-1.0112;1.2385;355.1520;353.2847;138.1517;282.9896;354.5682;359.2774;LeftFalse_RightFalse;LeftFalse_RightFalse;HandLeft_(-0.4, -0.3, -0.1)_(-0.2, -0.5, 0.8, 0.1)_1.012537_System.String[];HandLeft_(0.2, -0.8, 0.0)_(0.7, 0.4, -0.3, 0.5)_0.9825718_System.String[];HandRight_(-0.3, -0.3, -0.3)_(0.3, 0.3, 0.4, -0.8)_1.012537_System.String[];HandRight_(0.3, -0.6, -0.2)_(0.4, -0.2, -0.1, 0.9)_0.9825718_System.String[];54.0325;-0.0102;-0.1746;29.8339;-30.4668;1.1240;0.8201;-0.9274;1.5455;358.4361;353.6703;96.6310;278.8413;356.8661;3.8035
0.0000;-0.5625;False;False;29.8619;-30.1843;-0.0492;-0.2624;-1.2596;1.9137;0.2145;0.7409;90.6988;276.7177;359.8810;0.0217;-0.1730;-0.0057;0.0000;-0.0163;0.0086;1.7233;174039;71.49978;Infinity;2419.01;29.8955;-30.5898;1.0996;1.2076;-1.0119;1.2388;355.1467;353.2798;138.1428;282.9532;354.5620;359.2864;LeftFalse_RightFalse;LeftFalse_RightFalse;HandLeft_(-0.4, -0.3, -0.1)_(-0.2, -0.6, 0.8, 0.1)_1.012537_System.String[];HandLeft_(0.2, -0.8, 0.0)_(0.7, 0.4, -0.3, 0.5)_0.9825718_System.String[];HandRight_(-0.3, -0.3, -0.3)_(0.3, 0.3, 0.5, -0.8)_1.012537_System.String[];HandRight_(0.3, -0.6, -0.2)_(0.4, -0.2, 0.0, 0.9)_0.9825718_System.String[];54.0745;-0.0115;-0.1711;29.9068;-30.4797;1.1240;0.8199;-0.9279;1.5458;358.3648;353.7487;96.5969;278.9016;356.8412;3.7925
0.0000;-0.5547;False;False;29.9334;-30.1856;-0.0495;-0.2623;-1.2602;1.9138;0.2073;0.7428;90.6873;276.7159;359.8810;0.0300;0.0003;-0.0058;0.0017;-0.0150;-0.0003;1.7099;174042;71.73133;Infinity;2419.06;29.9670;-30.5936;1.0994;1.2076;-1.0125;1.2387;355.1417;353.2819;138.1322;282.9482;354.5566;359.2962;LeftFalse_RightFalse;LeftFalse_RightFalse;HandLeft_(-0.4, -0.3, -0.1)_(-0.2, -0.6, 0.8, 0.1)_1.012537_System.String[];HandLeft_(0.2, -0.8, 0.0)_(0.7, 0.4, -0.3, 0.6)_0.9825718_System.String[];HandRight_(-0.3, -0.3, -0.3)_(0.3, 0.3, 0.4, -0.8)_1.012537_System.String[];HandRight_(0.3, -0.6, -0.2)_(0.4, -0.2, 0.0, 0.9)_0.9825718_System.String[];54.1162;-0.0128;-0.1657;29.9781;-30.4835;1.1239;0.8195;-0.9284;1.5458;358.3241;353.8258;96.5465;279.0015;356.8627;3.7553
0.0000;-0.5469;False;False;30.0043;-30.1857;-0.0497;-0.2623;-1.2608;1.9138;0.2006;0.7221;90.6743;276.7159;359.8811;0.0320;0.0016;-0.0058;0.0009;-0.0137;-0.0002;1.6966;174045;71.86761;Infinity;2419.10;30.0379;-30.5933;1.0992;1.2077;-1.0131;1.2386;355.1370;353.2670;138.1201;282.9478;354.5516;359.2982;LeftFalse_RightFalse;LeftFalse_RightFalse;HandLeft_(-0.4, -0.3, -0.1)_(-0.2, -0.6, 0.8, 0.1)_1.012537_System.String[];HandLeft_(0.2, -0.8, 0.0)_(0.7, 0.4, -0.3, 0.6)_0.9825718_System.String[];HandRight_(-0.3, -0.3, -0.3)_(0.3, 0.3, 0.4, -0.8)_1.012537_System.String[];HandRight_(0.3, -0.6, -0.2)_(0.4, -0.2, -0.1, 0.9)_0.9825718_System.String[];54.1577;-0.0143;-0.1588;30.0489;-30.4833;1.1237;0.8194;-0.9289;1.5457;358.3051;353.8637;96.4387;279.1115;356.9286;3.7267
0.0000;-0.5430;False;False;30.0747;-30.1858;-0.0500;-0.2623;-1.2613;1.9138;0.1944;0.6896;90.6597;276.7159;359.8812;0.0311;0.0022;-0.0058;0.0001;-0.0123;-0.0002;1.6835;174048;71.93057;Infinity;2419.14;30.1083;-30.5926;1.0989;1.2078;-1.0137;1.2385;355.1326;353.2376;138.1065;282.9482;354.5469;359.2948;LeftFalse_RightFalse;LeftFalse_RightFalse;HandLeft_(-0.4, -0.4, -0.1)_(-0.2, -0.6, 0.8, 0.1)_1.012537_System.String[];HandLeft_(0.2, -0.8, 0.0)_(0.7, 0.4, -0.3, 0.6)_0.9825718_System.String[];HandRight_(-0.3, -0.3, -0.3)_(0.3, 0.3, 0.4, -0.8)_1.012537_System.String[];HandRight_(0.3, -0.6, -0.2)_(0.4, -0.3, -0.1, 0.9)_0.9825718_System.String[];54.1995;-0.0164;-0.1503;30.1192;-30.4828;1.1235;0.8194;-0.9294;1.5458;358.3068;353.8865;96.2721;279.2247;356.9839;3.6990
0.0000;-0.5351;False;False;30.1446;-30.1859;-0.0502;-0.2623;-1.2618;1.9138;0.1875;0.6530;90.6431;276.7159;359.8792;0.0291;0.0023;-0.0050;-0.0006;-0.0101;-0.0001;1.6636;174051;71.92397;Infinity;2419.18;30.1781;-30.5919;1.0987;1.2081;-1.0142;1.2385;355.1291;353.2021;138.0911;282.9489;354.5412;359.2891;LeftFalse_RightFalse;LeftFalse_RightFalse;HandLeft_(-0.4, -0.4, -0.1)_(-0.2, -0.6, 0.8, 0.1)_1.012537_System.String[];HandLeft_(0.2, -0.8, 0.0)_(0.7, 0.4, -0.4, 0.6)_0.9825718_System.String[];HandRight_(-0.3, -0.3, -0.3)_(0.3, 0.3, 0.4, -0.8)_1.012537_System.String[];HandRight_(0.3, -0.6, -0.2)_(0.4, -0.3, -0.1, 0.9)_0.9825718_System.String[];54.2412;-0.0191;-0.1410;30.1893;-30.4821;1.1234;0.8195;-0.9296;1.5461;358.2950;353.9148;96.0477;279.3339;357.0168;3.6535
0.0000;-0.5273;False;False;30.2146;-30.1861;-0.0504;-0.2623;-1.2622;1.9139;0.1805;0.6163;90.6239;276.7159;359.8765;0.0266;0.0022;-0.0048;-0.0009;-0.0081;-0.0001;1.6505;174054;71.56129;Infinity;2419.22;30.2481;-30.5910;1.0985;1.2083;-1.0146;1.2384;355.1262;353.1656;138.0733;282.9497;354.5343;359.2826;LeftFalse_RightFalse;LeftFalse_RightFalse;HandLeft_(-0.4, -0.4, -0.1)_(-0.2, -0.6, 0.8, 0.1)_1.012537_System.String[];HandLeft_(0.2, -0.8, 0.0)_(0.7, 0.4, -0.3, 0.5)_0.9825718_System.String[];HandRight_(-0.3, -0.3, -0.3)_(0.3, 0.3, 0.4, -0.8)_1.012537_System.String[];HandRight_(0.3, -0.6, -0.2)_(0.4, -0.3, -0.1, 0.9)_0.9825718_System.String[];54.2834;-0.0225;-0.1302;30.2594;-30.4815;1.1232;0.8193;-0.9298;1.5466;358.2665;353.9640;95.7833;279.4382;357.0070;3.5944
-0.0119;-0.5273;False;False;30.2832;-30.1862;-0.0506;-0.2623;-1.2624;1.9139;0.1737;0.5829;90.6019;276.7159;359.8733;0.0242;0.0020;-0.0047;-0.0010;-0.0057;-0.0001;1.6338;174057;71.7377;Infinity;2419.27;30.3168;-30.5903;1.0983;1.2085;-1.0150;1.2384;355.1237;353.1315;138.0530;282.9505;354.5271;359.2764;LeftFalse_RightFalse;LeftFalse_RightFalse;HandLeft_(-0.4, -0.4, -0.1)_(-0.2, -0.6, 0.8, 0.1)_1.012537_System.String[];HandLeft_(0.2, -0.8, 0.0)_(0.7, 0.4, -0.3, 0.5)_0.9825718_System.String[];HandRight_(-0.3, -0.3, -0.3)_(0.3, 0.3, 0.4, -0.8)_1.012537_System.String[];HandRight_(0.3, -0.6, -0.2)_(0.3, -0.3, -0.2, 0.9)_0.9825718_System.String[];54.3252;-0.0255;-0.1193;30.3279;-30.4810;1.1231;0.8191;-0.9298;1.5470;358.2582;354.0295;95.5251;279.5449;356.9977;3.5175
-0.0238;-0.5195;False;False;30.3513;-30.1863;-0.0508;-0.2624;-1.2626;1.9139;0.1675;0.5535;90.5767;276.7159;359.8698;0.0220;0.0017;-0.0046;-0.0010;-0.0033;-0.0001;1.6138;174060;71.72751;Infinity;2419.31;30.3848;-30.5896;1.0982;1.2086;-1.0152;1.2384;355.1219;353.1011;138.0295;282.9512;354.5200;359.2707;LeftFalse_RightFalse;LeftFalse_RightFalse;HandLeft_(-0.4, -0.4, -0.1)_(-0.2, -0.6, 0.8, 0.1)_1.012537_System.String[];HandLeft_(0.2, -0.8, 0.0)_(0.6, 0.4, -0.3, 0.6)_0.9825718_System.String[];HandRight_(-0.3, -0.3, -0.3)_(0.3, 0.3, 0.4, -0.8)_1.012537_System.String[];HandRight_(0.3, -0.6, -0.2)_(0.3, -0.3, -0.2, 0.9)_0.9825718_System.String[];54.3669;-0.0283;-0.1074;30.3958;-30.4807;1.1229;0.8190;-0.9298;1.5476;358.2313;354.0814;95.2996;279.6542;356.9982;3.4676
-0.0238;-0.5195;False;False;30.4183;-30.1864;-0.0510;-0.2624;-1.2627;1.9139;0.1619;0.5286;90.5489;276.7159;359.8662;0.0201;0.0014;-0.0045;-0.0010;-0.0011;-0.0001;1.5933;174063;71.8292;Infinity;2419.35;30.4519;-30.5890;1.0980;1.2087;-1.0154;1.2383;355.1206;353.0750;138.0031;282.9518;354.5134;359.2658;LeftFalse_RightFalse;LeftFalse_RightFalse;HandLeft_(-0.4, -0.4, -0.1)_(-0.2, -0.6, 0.8, 0.1)_1.012537_System.String[];HandLeft_(0.2, -0.8, 0.0)_(0.6, 0.4, -0.3, 0.6)_0.9825718_System.String[];HandRight_(-0.3, -0.3, -0.3)_(0.3, 0.3, 0.4, -0.8)_1.012537_System.String[];HandRight_(0.3, -0.6, -0.2)_(0.3, -0.3, -0.2, 0.9)_0.9825718_System.String[];54.4087;-0.0306;-0.0963;30.4628;-30.4804;1.1227;0.8190;-0.9298;1.5481;358.1799;354.0873;95.1391;279.7263;357.0370;3.4594
-0.0238;-0.5195;False;False;30.4845;-30.1864;-0.0512;-0.2625;-1.2627;1.9139;0.1567;0.5080;90.5187;276.7159;359.8629;0.0185;0.0012;-0.0044;-0.0008;0.0009;-0.0001;1.5729;174066;71.75797;Infinity;2419.39;30.5180;-30.5885;1.0978;1.2089;-1.0154;1.2383;355.1196;353.0533;137.9743;282.9524;354.5071;359.2617;LeftFalse_RightFalse;LeftFalse_RightFalse;HandLeft_(-0.4, -0.4, -0.1)_(-0.1, -0.6, 0.8, 0.1)_1.012537_System.String[];HandLeft_(0.2, -0.8, 0.0)_(0.6, 0.4, -0.3, 0.6)_0.9825718_System.String[];HandRight_(-0.3, -0.3, -0.3)_(0.3, 0.3, 0.4, -0.8)_1.012537_System.String[];HandRight_(0.3, -0.6, -0.2)_(0.3, -0.3, -0.2, 0.8)_0.9825718_System.String[];54.4504;-0.0320;-0.0872;30.5289;-30.4801;1.1226;0.8190;-0.9297;1.5487;358.1534;354.1228;94.9892;279.7673;357.1269;3.4670
-0.0238;-0.5195;False;False;30.5509;-30.1865;-0.0513;-0.2625;-1.2626;1.9139;0.1516;0.4911;90.4865;276.7159;359.8596;0.0171;0.0010;-0.0043;-0.0007;0.0024;0.0000;1.5527;174069;71.30647;Infinity;2419.43;30.5845;-30.5881;1.0977;1.2089;-1.0154;1.2383;355.1185;353.0354;137.9429;282.9528;354.5011;359.2583;LeftFalse_RightFalse;LeftFalse_RightFalse;HandLeft_(-0.4, -0.4, -0.1)_(-0.1, -0.6, 0.8, 0.1)_1.012537_System.String[];HandLeft_(0.2, -0.8, 0.0)_(0.6, 0.4, -0.3, 0.6)_0.9825718_System.String[];HandRight_(-0.3, -0.3, -0.3)_(0.3, 0.3, 0.4, -0.8)_1.012537_System.String[];HandRight_(0.3, -0.6, -0.2)_(0.3, -0.4, -0.2, 0.8)_0.9825718_System.String[];54.4929;-0.0321;-0.0806;30.5955;-30.4798;1.1225;0.8186;-0.9291;1.5493;358.1904;354.2082;94.7114;279.8262;357.2505;3.4360
-0.0278;-0.5195;False;False;30.6152;-30.1865;-0.0515;-0.2625;-1.2624;1.9139;0.1466;0.4780;90.4543;276.7159;359.8569;0.0160;0.0008;-0.0043;-0.0006;0.0035;0.0000;1.5326;174072;71.60365;Infinity;2419.47;30.6489;-30.5878;1.0975;1.2090;-1.0153;1.2383;355.1172;353.0213;137.9113;282.9531;354.4954;359.2555;LeftFalse_RightFalse;LeftFalse_RightFalse;HandLeft_(-0.4, -0.4, -0.1)_(-0.1, -0.6, 0.8, 0.1)_1.012537_System.String[];HandLeft_(0.2, -0.8, 0.0)_(0.6, 0.4, -0.3, 0.6)_0.9825718_System.String[];HandRight_(-0.3, -0.3, -0.3)_(0.3, 0.3, 0.4, -0.8)_1.012537_System.String[];HandRight_(0.3, -0.6, -0.2)_(0.3, -0.4, -0.3, 0.8)_0.9825718_System.String[];54.5347;-0.0320;-0.0770;30.6601;-30.4795;1.1223;0.8183;-0.9275;1.5502;358.2654;354.2845;94.1262;279.9387;357.4643;3.3796
-0.0278;-0.5195;False;False;30.6786;-30.1866;-0.0517;-0.2626;-1.2623;1.9139;0.1416;0.4678;90.4224;276.7159;359.8545;0.0152;0.0006;-0.0043;-0.0004;0.0043;0.0000;1.5115;174075;71.78222;Infinity;2419.52;30.7125;-30.5875;1.0973;1.2091;-1.0151;1.2383;355.1158;353.0104;137.8797;282.9534;354.4900;359.2534;LeftFalse_RightFalse;LeftFalse_RightFalse;HandLeft_(-0.4, -0.4, -0.1)_(-0.1, -0.6, 0.8, 0.1)_1.012537_System.String[];HandLeft_(0.2, -0.8, 0.0)_(0.6, 0.4, -0.3, 0.6)_0.9825718_System.String[];HandRight_(-0.3, -0.3, -0.3)_(0.3, 0.3, 0.4, -0.8)_1.012537_System.String[];HandRight_(0.4, -0.6, -0.2)_(0.3, -0.4, -0.3, 0.8)_0.9825718_System.String[];54.5764;-0.0310;-0.0765;30.7236;-30.4792;1.1222;0.8181;-0.9248;1.5511;358.3477;354.3649;92.9919;280.0892;357.7304;3.3110
-0.0317;-0.5195;False;False;30.7410;-30.1866;-0.0519;-0.2626;-1.2621;1.9139;0.1363;0.4600;90.3917;276.7159;359.8535;0.0145;0.0005;-0.0038;-0.0003;0.0047;0.0000;1.4897;174078;71.86908;Infinity;2419.56;30.7750;-30.5873;1.0972;1.2091;-1.0149;1.2383;355.1134;353.0021;137.8489;282.9536;354.4851;359.2517;LeftFalse_RightFalse;LeftFalse_RightFalse;HandLeft_(-0.4, -0.4, -0.1)_(-0.1, -0.6, 0.8, 0.1)_1.012537_System.String[];HandLeft_(0.2, -0.8, 0.0)_(0.6, 0.4, -0.3, 0.7)_0.9825718_System.String[];HandRight_(-0.3, -0.3, -0.3)_(0.4, 0.3, 0.4, -0.8)_1.012537_System.String[];HandRight_(0.4, -0.6, -0.2)_(0.3, -0.4, -0.3, 0.8)_0.9825718_System.String[];54.6179;-0.0298;-0.0765;30.7860;-30.4791;1.1220;0.8180;-0.9212;1.5518;358.4080;354.4641;91.2230;280.2569;358.0095;3.2439
-0.0317;-0.5195;False;False;30.8025;-30.1866;-0.0520;-0.2626;-1.2619;1.9139;0.1305;0.4541;90.3626;276.7159;359.8535;0.0139;0.0003;-0.0035;-0.0002;0.0050;0.0000;1.4673;174081;71.92327;Infinity;2419.60;30.8365;-30.5872;1.0970;1.2091;-1.0147;1.2383;355.1098;352.9957;137.8197;282.9538;354.4808;359.2504;LeftFalse_RightFalse;LeftFalse_RightFalse;HandLeft_(-0.4, -0.4, -0.1)_(-0.1, -0.6, 0.8, 0.1)_1.012537_System.String[];HandLeft_(0.2, -0.8, 0.0)_(0.5, 0.4, -0.4, 0.7)_0.9825718_System.String[];HandRight_(-0.3, -0.3, -0.3)_(0.4, 0.3, 0.4, -0.8)_1.012537_System.String[];HandRight_(0.4, -0.6, -0.2)_(0.3, -0.4, -0.3, 0.8)_0.9825718_System.String[];54.6597;-0.0288;-0.0765;30.8473;-30.4792;1.1218;0.8176;-0.9170;1.5526;358.3964;354.6029;89.0617;280.4139;358.2479;3.1808
-0.0317;-0.5195;False;False;30.8632;-30.1866;-0.0522;-0.2626;-1.2617;1.9139;0.1245;0.4498;90.3349;276.7159;359.8540;0.0134;0.0002;-0.0033;-0.0001;0.0054;0.0000;1.4342;174084;71.7829;Infinity;2419.64;30.8971;-30.5871;1.0969;1.2091;-1.0145;1.2383;355.1055;352.9910;137.7919;282.9539;354.4767;359.2494;LeftFalse_RightFalse;LeftFalse_RightFalse;HandLeft_(-0.4, -0.4, -0.1)_(-0.1, -0.6, 0.8, 0.1)_1.012537_System.String[];HandLeft_(0.2, -0.9, 0.0)_(0.5, 0.4, -0.4, 0.6)_0.9825718_System.String[];HandRight_(-0.3, -0.3, -0.3)_(0.4, 0.3, 0.4, -0.8)_1.012537_System.String[];HandRight_(0.4, -0.6, -0.2)_(0.3, -0.4, -0.3, 0.8)_0.9825718_System.String[];54.7014;-0.0283;-0.0765;30.9074;-30.4793;1.1217;0.8173;-0.9127;1.5532;358.3245;354.7374;86.8362;280.5521;358.4830;3.0909
-0.0357;-0.5195;False;False;30.9229;-30.1866;-0.0523;-0.2626;-1.2614;1.9139;0.1187;0.4466;90.3082;276.7159;359.8539;0.0131;0.0002;-0.0027;-0.0001;0.0055;0.0000;1.4115;174087;71.77841;Infinity;2419.68;30.9571;-30.5870;1.0968;1.2092;-1.0142;1.2383;355.1012;352.9875;137.7652;282.9540;354.4724;359.2486;LeftFalse_RightFalse;LeftFalse_RightFalse;HandLeft_(-0.4, -0.4, -0.1)_(-0.2, -0.6, 0.8, 0.1)_1.012537_System.String[];HandLeft_(0.2, -0.9, 0.0)_(0.6, 0.4, -0.4, 0.6)_0.9825718_System.String[];HandRight_(-0.3, -0.3, -0.3)_(0.4, 0.3, 0.4, -0.8)_1.012537_System.String[];HandRight_(0.3, -0.6, -0.2)_(0.4, -0.4, -0.3, 0.8)_0.9825718_System.String[];54.7434;-0.0281;-0.0765;30.9669;-30.4796;1.1215;0.8171;-0.9082;1.5537;358.3322;354.8523;84.5798;280.6832;358.7314;3.0236
-0.0397;-0.5195;False;False;30.9821;-30.1866;-0.0524;-0.2626;-1.2612;1.9139;0.1134;0.4444;90.2819;276.7159;359.8525;0.0128;0.0001;-0.0021;0.0000;0.0058;0.0000;1.3875;174090;71.47666;Infinity;2419.73;31.0163;-30.5870;1.0967;1.2092;-1.0140;1.2383;355.0983;352.9850;137.7392;282.9541;354.4678;359.2480;LeftFalse_RightFalse;LeftFalse_RightFalse;HandLeft_(-0.4, -0.4, -0.1)_(-0.2, -0.6, 0.8, 0.1)_1.012537_System.String[];HandLeft_(0.2, -0.9, 0.0)_(0.6, 0.4, -0.4, 0.6)_0.9825718_System.String[];HandRight_(-0.3, -0.3, -0.3)_(0.4, 0.3, 0.4, -0.8)_1.012537_System.String[];HandRight_(0.3, -0.6, -0.2)_(0.4, -0.4, -0.3, 0.8)_0.9825718_System.String[];54.7854;-0.0281;-0.0765;31.0252;-30.4799;1.1213;0.8171;-0.9034;1.5540;358.3835;354.9694;82.1681;280.7603;359.0010;2.9846
-0.0397;-0.5195;False;False;31.0399;-30.1867;-0.0525;-0.2626;-1.2609;1.9139;0.1076;0.4428;90.2563;276.7159;359.8501;0.0126;0.0001;-0.0014;0.0000;0.0061;0.0000;1.3628;174093;71.54725;Infinity;2419.77;31.0743;-30.5869;1.0966;1.2092;-1.0137;1.2383;355.0962;352.9833;137.7138;282.9541;354.4621;359.2476;LeftFalse_RightFalse;LeftFalse_RightFalse;HandLeft_(-0.4, -0.4, -0.1)_(-0.2, -0.6, 0.8, 0.1)_1.012537_System.String[];HandLeft_(0.2, -0.9, 0.0)_(0.6, 0.4, -0.4, 0.6)_0.9825718_System.String[];HandRight_(-0.3, -0.3, -0.3)_(0.4, 0.3, 0.4, -0.8)_1.012537_System.String[];HandRight_(0.3, -0.6, -0.2)_(0.4, -0.4, -0.3, 0.8)_0.9825718_System.String[];54.8274;-0.0281;-0.0765;31.0824;-30.4802;1.1211;0.8167;-0.8986;1.5542;358.5064;355.1170;79.7036;280.7647;359.2861;2.9546
-0.0476;-0.5195;False;False;31.0963;-30.1867;-0.0525;-0.2626;-1.2606;1.9139;0.1014;0.4417;90.2313;276.7159;359.8479;0.0124;0.0001;-0.0010;0.0000;0.0065;0.0000;1.3371;174096;71.72626;Infinity;2419.81;31.1309;-30.5869;1.0965;1.2092;-1.0135;1.2383;355.0937;352.9821;137.6891;282.9542;354.4561;359.2473;LeftFalse_RightFalse;LeftFalse_RightFalse;HandLeft_(-0.4, -0.4, -0.1)_(-0.2, -0.6, 0.8, 0.1)_1.012537_System.String[];HandLeft_(0.2, -0.9, 0.0)_(0.6, 0.4, -0.3, 0.6)_0.9825718_System.String[];HandRight_(-0.3, -0.3, -0.3)_(0.4, 0.3, 0.4, -0.8)_1.012537_System.String[];HandRight_(0.3, -0.6, -0.2)_(0.4, -0.4, -0.3, 0.8)_0.9825718_System.String[];54.8691;-0.0281;-0.0765;31.1379;-30.4806;1.1210;0.8165;-0.8939;1.5544;358.6509;355.2895;77.3347;280.6936;359.5470;2.9427
-0.0516;-0.5195;False;False;31.1520;-30.1867;-0.0526;-0.2626;-1.2603;1.9139;0.0951;0.4410;90.2066;276.7159;359.8457;0.0123;0.0000;-0.0007;0.0000;0.0069;0.0000;1.3096;174099;71.52184;Infinity;2419.85;31.1868;-30.5869;1.0965;1.2092;-1.0132;1.2383;355.0911;352.9813;137.6648;282.9542;354.4500;359.2470;LeftFalse_RightFalse;LeftFalse_RightFalse;HandLeft_(-0.4, -0.4, -0.1)_(-0.2, -0.6, 0.8, 0.1)_1.012537_System.String[];HandLeft_(0.2, -0.9, 0.0)_(0.6, 0.4, -0.3, 0.6)_0.9825718_System.String[];HandRight_(-0.3, -0.3, -0.3)_(0.4, 0.3, 0.4, -0.8)_1.012537_System.String[];HandRight_(0.3, -0.6, -0.2)_(0.4, -0.4, -0.3, 0.8)_0.9825718_System.String[];54.9111;-0.0278;-0.0765;31.1926;-30.4809;1.1207;0.8163;-0.8896;1.5545;358.7869;355.4350;75.1620;280.5504;359.7981;2.9704
-0.0556;-0.5195;False;False;31.2060;-30.1867;-0.0526;-0.2626;-1.2600;1.9139;0.0891;0.4405;90.1829;276.7159;359.8437;0.0122;0.0000;-0.0006;0.0000;0.0071;0.0000;1.2809;174102;71.75424;Infinity;2419.89;31.2410;-30.5869;1.0965;1.2092;-1.0129;1.2383;355.0885;352.9807;137.6413;282.9542;354.4441;359.2468;LeftFalse_RightFalse;LeftFalse_RightFalse;HandLeft_(-0.4, -0.4, -0.1)_(-0.2, -0.6, 0.8, 0.1)_1.012537_System.String[];HandLeft_(0.2, -0.9, -0.1)_(0.6, 0.5, -0.3, 0.6)_0.9825718_System.String[];HandRight_(-0.3, -0.3, -0.3)_(0.4, 0.3, 0.4, -0.7)_1.012537_System.String[];HandRight_(0.3, -0.6, -0.2)_(0.4, -0.4, -0.3, 0.8)_0.9825718_System.String[];54.9529;-0.0272;-0.0765;31.2457;-30.4812;1.1202;0.8162;-0.8858;1.5544;358.9398;355.5423;73.3440;280.3618;0.0203;3.0163
-0.0595;-0.5234;False;False;31.2587;-30.1867;-0.0526;-0.2626;-1.2597;1.9139;0.0833;0.4403;90.1602;276.7159;359.8417;0.0121;0.0000;-0.0005;0.0000;0.0072;0.0000;1.2519;174105;71.87368;Infinity;2419.93;31.2939;-30.5868;1.0965;1.2092;-1.0126;1.2383;355.0860;352.9804;137.6188;282.9542;354.4384;359.2467;LeftFalse_RightFalse;LeftFalse_RightFalse;HandLeft_(-0.4, -0.4, -0.1)_(-0.2, -0.6, 0.8, 0.1)_1.012537_System.String[];HandLeft_(0.2, -0.9, -0.1)_(0.6, 0.5, -0.3, 0.6)_0.9825718_System.String[];HandRight_(-0.3, -0.3, -0.3)_(0.4, 0.3, 0.4, -0.7)_1.012537_System.String[];HandRight_(0.3, -0.6, -0.2)_(0.4, -0.4, -0.3, 0.8)_0.9825718_System.String[];54.9946;-0.0262;-0.0765;31.2980;-30.4814;1.1200;0.8162;-0.8829;1.5541;359.1024;355.6304;71.9886;280.1691;0.2092;3.0543
-0.0595;-0.5234;False;False;31.3104;-30.1867;-0.0526;-0.2626;-1.2594;1.9139;0.0777;0.4401;90.1385;276.7159;359.8399;0.0120;0.0000;-0.0005;0.0000;0.0071;0.0000;1.2218;174108;71.72339;Infinity;2419.98;31.3457;-30.5868;1.0965;1.2092;-1.0123;1.2383;355.0835;352.9803;137.5972;282.9543;354.4329;359.2466;LeftFalse_RightFalse;LeftFalse_RightFalse;HandLeft_(-0.4, -0.4, -0.1)_(-0.2, -0.6, 0.8, 0.1)_1.012537_System.String[];HandLeft_(0.2, -0.9, -0.1)_(0.6, 0.5, -0.3, 0.6)_0.9825718_System.String[];HandRight_(-0.3, -0.3, -0.3)_(0.4, 0.3, 0.4, -0.7)_1.012537_System.String[];HandRight_(0.3, -0.6, -0.2)_(0.4, -0.4, -0.3, 0.8)_0.9825718_System.String[];55.0364;-0.0251;-0.0765;31.3493;-30.4815;1.1198;0.8161;-0.8806;1.5539;359.3001;355.7071;71.2630;280.0176;0.3822;3.0401
-0.0595;-0.5234;False;False;31.3607;-30.1867;-0.0526;-0.2626;-1.2591;1.9139;0.0722;0.4400;90.1182;276.7159;359.8382;0.0120;0.0000;-0.0005;0.0000;0.0069;0.0000;1.1919;174111;71.79313;Infinity;2420.02;31.3963;-30.5868;1.0965;1.2092;-1.0121;1.2383;355.0810;352.9802;137.5769;282.9543;354.4276;359.2466;LeftFalse_RightFalse;LeftFalse_RightFalse;HandLeft_(-0.4, -0.4, -0.1)_(-0.2, -0.6, 0.8, 0.1)_1.012537_System.String[];HandLeft_(0.2, -0.9, -0.1)_(0.5, 0.5, -0.3, 0.6)_0.9825718_System.String[];HandRight_(-0.3, -0.3, -0.3)_(0.4, 0.3, 0.4, -0.7)_1.012537_System.String[];HandRight_(0.3, -0.6, -0.2)_(0.4, -0.4, -0.3, 0.8)_0.9825718_System.String[];55.0781;-0.0240;-0.0765;31.3998;-30.4817;1.1197;0.8158;-0.8796;1.5538;359.4999;355.7724;71.4662;279.9160;0.6109;3.0095
-0.0635;-0.5234;False;False;31.4102;-30.1867;-0.0527;-0.2626;-1.2588;1.9139;0.0666;0.4400;90.0992;276.7159;359.8366;0.0119;0.0000;-0.0005;0.0000;0.0067;0.0000;1.1623;174114;71.38572;Infinity;2420.06;31.4458;-30.5868;1.0965;1.2092;-1.0118;1.2383;355.0785;352.9801;137.5579;282.9543;354.4224;359.2465;LeftFalse_RightFalse;LeftFalse_RightFalse;HandLeft_(-0.4, -0.4, -0.1)_(-0.2, -0.6, 0.8, 0.1)_1.012537_System.String[];HandLeft_(0.2, -0.9, -0.1)_(0.5, 0.5, -0.3, 0.6)_0.9825718_System.String[];HandRight_(-0.3, -0.3, -0.3)_(0.4, 0.3, 0.4, -0.8)_1.012537_System.String[];HandRight_(0.3, -0.6, -0.2)_(0.4, -0.4, -0.3, 0.8)_0.9825718_System.String[];55.1204;-0.0228;-0.0765;31.4500;-30.4817;1.1193;0.8155;-0.8807;1.5537;359.7461;355.8073;72.7722;279.8898;0.9099;2.9813
-0.0635;-0.5234;False;False;31.4576;-30.1867;-0.0527;-0.2626;-1.2585;1.9139;0.0613;0.4400;90.0819;276.7159;359.8351;0.0119;0.0000;-0.0005;0.0000;0.0063;0.0000;1.1164;174117;71.68592;Infinity;2420.10;31.4937;-30.5868;1.0965;1.2092;-1.0115;1.2383;355.0760;352.9801;137.5405;282.9543;354.4174;359.2465;LeftFalse_RightFalse;LeftFalse_RightFalse;HandLeft_(-0.4, -0.4, -0.1)_(-0.2, -0.6, 0.8, 0.1)_1.012537_System.String[];HandLeft_(0.2, -0.9, -0.1)_(0.5, 0.5, -0.3, 0.6)_0.9825718_System.String[];HandRight_(-0.3, -0.3, -0.3)_(0.4, 0.3, 0.4, -0.8)_1.012537_System.String[];HandRight_(0.3, -0.6, -0.2)_(0.4, -0.4, -0.3, 0.8)_0.9825718_System.String[];55.1621;-0.0218;-0.0765;31.4985;-30.4818;1.1189;0.8153;-0.8828;1.5537;0.1303;355.8325;74.7861;279.9190;1.2583;2.9539
-0.0714;-0.5195;False;False;31.5038;-30.1867;-0.0527;-0.2626;-1.2583;1.9139;0.0561;0.4400;90.0657;276.7159;359.8336;0.0119;0.0000;-0.0004;0.0000;0.0060;0.0000;1.0847;174120;71.84096;Infinity;2420.14;31.5401;-30.5868;1.0965;1.2092;-1.0112;1.2383;355.0736;352.9802;137.5243;282.9543;354.4124;359.2464;LeftFalse_RightFalse;LeftFalse_RightFalse;HandLeft_(-0.4, -0.4, -0.1)_(-0.2, -0.6, 0.8, 0.1)_1.012537_System.String[];HandLeft_(0.2, -0.9, -0.1)_(0.6, 0.5, -0.3, 0.6)_0.9825718_System.String[];HandRight_(-0.3, -0.3, -0.3)_(0.4, 0.3, 0.4, -0.7)_1.012537_System.String[];HandRight_(0.3, -0.6, -0.2)_(0.4, -0.4, -0.3, 0.8)_0.9825718_System.String[];55.2039;-0.0211;-0.0765;31.5457;-30.4817;1.1184;0.8152;-0.8854;1.5541;0.4560;355.8572;77.0654;279.9567;1.6047;2.9322
-0.0754;-0.5156;False;False;31.5485;-30.1867;-0.0527;-0.2626;-1.2580;1.9139;0.0517;0.4401;90.0507;276.7159;359.8330;0.0118;0.0000;-0.0002;0.0000;0.0059;0.0000;1.0506;174123;71.91563;Infinity;2420.19;31.5852;-30.5868;1.0964;1.2092;-1.0110;1.2383;355.0711;352.9802;137.5093;282.9543;354.4084;359.2464;LeftFalse_RightFalse;LeftFalse_RightFalse;HandLeft_(-0.4, -0.4, -0.1)_(-0.2, -0.6, 0.8, 0.1)_1.012537_System.String[];HandLeft_(0.2, -0.9, -0.1)_(0.6, 0.5, -0.3, 0.6)_0.9825718_System.String[];HandRight_(-0.3, -0.3, -0.3)_(0.4, 0.3, 0.4, -0.8)_1.012537_System.String[];HandRight_(0.3, -0.6, -0.2)_(0.4, -0.4, -0.3, 0.8)_0.9825718_System.String[];55.2454;-0.0210;-0.0765;31.5914;-30.4817;1.1179;0.8151;-0.8883;1.5543;0.7808;355.8795;79.2577;279.9904;1.8998;2.9045
-0.0754;-0.5078;False;False;31.5919;-30.1867;-0.0527;-0.2626;-1.2578;1.9139;0.0480;0.4401;90.0364;276.7159;359.8328;0.0118;0.0000;0.0000;0.0000;0.0059;0.0000;1.0167;174126;71.86536;Infinity;2420.23;31.6289;-30.5868;1.0964;1.2092;-1.0107;1.2383;355.0686;352.9802;137.4950;282.9543;354.4053;359.2464;LeftFalse_RightFalse;LeftFalse_RightFalse;HandLeft_(-0.4, -0.4, -0.1)_(-0.2, -0.6, 0.8, 0.1)_1.012537_System.String[];HandLeft_(0.2, -0.9, -0.1)_(0.6, 0.5, -0.3, 0.6)_0.9825718_System.String[];HandRight_(-0.3, -0.3, -0.3)_(0.4, 0.3, 0.4, -0.8)_1.012537_System.String[];HandRight_(0.3, -0.6, -0.2)_(0.4, -0.4, -0.3, 0.8)_0.9825718_System.String[];55.2874;-0.0210;-0.0765;31.6358;-30.4817;1.1176;0.8151;-0.8908;1.5544;1.0392;355.8953;81.1631;280.0084;2.0828;2.8807
-0.0833;-0.5000;False;False;31.6336;-30.1867;-0.0527;-0.2626;-1.2575;1.9139;0.0446;0.4401;90.0228;276.7159;359.8328;0.0118;0.0000;0.0000;0.0000;0.0059;0.0000;0.9824;174129;71.92957;Infinity;2420.27;31.6710;-30.5868;1.0964;1.2092;-1.0105;1.2383;355.0663;352.9803;137.4814;282.9543;354.4026;359.2464;LeftFalse_RightFalse;LeftFalse_RightFalse;HandLeft_(-0.4, -0.4, -0.1)_(-0.2, -0.6, 0.8, 0.1)_1.012537_System.String[];HandLeft_(0.2, -0.9, -0.1)_(0.6, 0.5, -0.3, 0.6)_0.9825718_System.String[];HandRight_(-0.3, -0.3, -0.3)_(0.4, 0.3, 0.4, -0.8)_1.012537_System.String[];HandRight_(0.3, -0.6, -0.2)_(0.4, -0.4, -0.3, 0.8)_0.9825718_System.String[];55.3289;-0.0210;-0.0765;31.6785;-30.4817;1.1171;0.8150;-0.8932;1.5545;1.2510;355.9001;82.7016;280.0085;2.1330;2.8736
-0.0833;-0.5000;False;False;31.6741;-30.1867;-0.0527;-0.2626;-1.2573;1.9139;0.0416;0.4402;90.0096;276.7159;359.8329;0.0118;0.0000;0.0001;0.0000;0.0059;0.0000;0.9465;174132;71.70866;Infinity;2420.31;31.7117;-30.5868;1.0964;1.2092;-1.0102;1.2383;355.0641;352.9803;137.4683;282.9543;354.4004;359.2464;LeftFalse_RightFalse;LeftFalse_RightFalse;HandLeft_(-0.4, -0.4, -0.1)_(-0.2, -0.6, 0.8, 0.1)_1.012537_System.String[];HandLeft_(0.2, -0.9, -0.1)_(0.6, 0.5, -0.3, 0.6)_0.9825718_System.String[];HandRight_(-0.3, -0.3, -0.3)_(0.4, 0.3, 0.4, -0.8)_1.012537_System.String[];HandRight_(0.3, -0.6, -0.2)_(0.4, -0.4, -0.3, 0.8)_0.9825718_System.String[];55.3708;-0.0210;-0.0765;31.7196;-30.4817;1.1168;0.8150;-0.8951;1.5546;1.5136;355.8986;83.8816;279.9993;2.0534;2.8566
-0.0873;-0.4960;False;False;31.7127;-30.1867;-0.0527;-0.2626;-1.2570;1.9139;0.0390;0.4402;89.9970;276.7159;359.8331;0.0118;0.0000;0.0001;0.0000;0.0059;0.0000;0.9102;174135;71.84879;Infinity;2420.35;31.7510;-30.5868;1.0965;1.2092;-1.0100;1.2383;355.0622;352.9803;137.4557;282.9543;354.3984;359.2464;LeftFalse_RightFalse;LeftFalse_RightFalse;HandLeft_(-0.4, -0.4, -0.1)_(-0.2, -0.6, 0.8, 0.1)_1.012537_System.String[];HandLeft_(0.2, -0.9, -0.1)_(0.6, 0.5, -0.3, 0.6)_0.9825718_System.String[];HandRight_(-0.3, -0.3, -0.3)_(0.4, 0.3, 0.4, -0.8)_1.012537_System.String[];HandRight_(0.3, -0.6, -0.2)_(0.4, -0.4, -0.3, 0.8)_0.9825718_System.String[];55.4126;-0.0210;-0.0765;31.7592;-30.4817;1.1165;0.8150;-0.8968;1.5546;1.6743;355.8945;84.7502;279.9789;1.8600;2.8419
-0.0913;-0.4881;False;False;31.7499;-30.1867;-0.0527;-0.2626;-1.2568;1.9139;0.0365;0.4402;89.9849;276.7159;359.8332;0.0118;0.0000;0.0001;0.0000;0.0058;0.0000;0.8735;174138;71.84013;Infinity;2420.39;31.7886;-30.5868;1.0965;1.2092;-1.0097;1.2383;355.0604;352.9803;137.4435;282.9543;354.3967;359.2464;LeftFalse_RightFalse;LeftFalse_RightFalse;HandLeft_(-0.4, -0.4, -0.1)_(-0.2, -0.6, 0.8, 0.1)_1.012537_System.String[];HandLeft_(0.2, -0.9, -0.1)_(0.6, 0.5, -0.3, 0.6)_0.9825718_System.String[];HandRight_(-0.3, -0.3, -0.3)_(0.4, 0.3, 0.4, -0.8)_1.012537_System.String[];HandRight_(0.3, -0.6, -0.2)_(0.4, -0.4, -0.3, 0.8)_0.9825718_System.String[];55.4543;-0.0210;-0.0765;31.7971;-30.4817;1.1164;0.8150;-0.8984;1.5547;1.8266;355.8965;85.3991;279.9382;1.6266;2.8289
-0.0913;-0.4722;False;False;31.7856;-30.1867;-0.0527;-0.2626;-1.2566;1.9139;0.0343;0.4402;89.9733;276.7159;359.8334;0.0118;0.0000;0.0001;0.0000;0.0057;0.0000;0.8358;174141;71.68179;Infinity;2420.44;31.8246;-30.5868;1.0965;1.2092;-1.0095;1.2383;355.0587;352.9803;137.4319;282.9543;354.3951;359.2464;LeftFalse_RightFalse;LeftFalse_RightFalse;HandLeft_(-0.4, -0.4, -0.1)_(-0.2, -0.6, 0.8, 0.1)_1.012537_System.String[];HandLeft_(0.2, -0.9, -0.1)_(0.6, 0.5, -0.3, 0.6)_0.9825718_System.String[];HandRight_(-0.3, -0.3, -0.3)_(0.4, 0.3, 0.4, -0.8)_1.012537_System.String[];HandRight_(0.3, -0.6, -0.2)_(0.4, -0.4, -0.3, 0.8)_0.9825718_System.String[];55.4963;-0.0210;-0.0765;31.8334;-30.4816;1.1163;0.8150;-0.8999;1.5547;1.9592;355.8778;85.9304;279.8776;1.4008;2.8170
-0.0952;-0.4643;False;False;31.8196;-30.1867;-0.0527;-0.2626;-1.2563;1.9139;0.0322;0.4402;89.9622;276.7159;359.8334;0.0118;0.0000;0.0002;0.0000;0.0055;0.0000;0.7984;174144;71.55199;Infinity;2420.48;31.8591;-30.5868;1.0965;1.2092;-1.0092;1.2383;355.0571;352.9804;137.4208;282.9543;354.3936;359.2464;LeftFalse_RightFalse;LeftFalse_RightFalse;HandLeft_(-0.4, -0.4, -0.1)_(-0.2, -0.6, 0.8, 0.1)_1.012537_System.String[];HandLeft_(0.2, -0.9, -0.1)_(0.6, 0.5, -0.3, 0.6)_0.9825718_System.String[];HandRight_(-0.3, -0.3, -0.3)_(0.4, 0.3, 0.4, -0.8)_1.012537_System.String[];HandRight_(0.3, -0.6, -0.2)_(0.4, -0.4, -0.3, 0.8)_0.9825718_System.String[];55.5383;-0.0210;-0.0765;31.8682;-30.4813;1.1163;0.8149;-0.9013;1.5546;2.0307;355.8161;86.3681;279.7872;1.2243;2.8155
-0.0992;-0.4643;False;False;31.8519;-30.1867;-0.0527;-0.2626;-1.2561;1.9139;0.0304;0.4403;89.9517;276.7159;359.8333;0.0118;0.0000;0.0003;0.0000;0.0053;0.0000;0.7599;174147;71.70561;Infinity;2420.52;31.8919;-30.5868;1.0965;1.2092;-1.0090;1.2383;355.0560;352.9804;137.4102;282.9543;354.3921;359.2464;LeftFalse_RightFalse;LeftFalse_RightFalse;HandLeft_(-0.4, -0.4, -0.1)_(-0.2, -0.6, 0.8, 0.1)_1.012537_System.String[];HandLeft_(0.2, -0.9, -0.1)_(0.6, 0.5, -0.3, 0.6)_0.9825718_System.String[];HandRight_(-0.3, -0.3, -0.3)_(0.4, 0.3, 0.4, -0.8)_1.012537_System.String[];HandRight_(0.3, -0.6, -0.2)_(0.4, -0.4, -0.3, 0.8)_0.9825718_System.String[];55.5801;-0.0210;-0.0765;31.9011;-30.4810;1.1163;0.8149;-0.9025;1.5545;2.0748;355.7233;86.7874;279.6543;1.0483;2.8173
-0.1032;-0.4643;False;False;31.8823;-30.1867;-0.0527;-0.2626;-1.2559;1.9139;0.0291;0.4403;89.9418;276.7159;359.8333;0.0118;0.0000;0.0004;0.0000;0.0051;0.0000;0.7007;174150;71.8526;Infinity;2420.56;31.9228;-30.5868;1.0965;1.2092;-1.0087;1.2383;355.0550;352.9804;137.4003;282.9543;354.3910;359.2464;LeftFalse_RightFalse;LeftFalse_RightFalse;HandLeft_(-0.4, -0.4, -0.1)_(-0.2, -0.6, 0.8, 0.1)_1.012537_System.String[];HandLeft_(0.2, -0.9, -0.1)_(0.6, 0.5, -0.3, 0.6)_0.9825718_System.String[];HandRight_(-0.3, -0.3, -0.3)_(0.4, 0.3, 0.4, -0.8)_1.012537_System.String[];HandRight_(0.3, -0.6, -0.2)_(0.4, -0.4, -0.3, 0.8)_0.9825718_System.String[];55.6216;-0.0210;-0.0760;31.9323;-30.4807;1.1163;0.8149;-0.9038;1.5545;2.1016;355.6027;87.2358;279.4934;0.8685;2.8260
-0.1071;-0.4603;False;False;31.9111;-30.1867;-0.0527;-0.2626;-1.2557;1.9139;0.0281;0.4403;89.9325;276.7159;359.8334;0.0118;0.0000;0.0004;0.0000;0.0048;0.0000;0.6598;174153;71.7969;Infinity;2420.60;31.9521;-30.5868;1.0965;1.2092;-1.0085;1.2383;355.0542;352.9804;137.3908;282.9543;354.3903;359.2464;LeftFalse_RightFalse;LeftFalse_RightFalse;HandLeft_(-0.4, -0.4, -0.1)_(-0.2, -0.6, 0.8, 0.1)_1.012537_System.String[];HandLeft_(0.2, -0.9, -0.1)_(0.6, 0.5, -0.3, 0.6)_0.9825718_System.String[];HandRight_(-0.3, -0.3, -0.3)_(0.4, 0.3, 0.4, -0.8)_1.012537_System.String[];HandRight_(0.3, -0.6, -0.2)_(0.4, -0.4, -0.3, 0.8)_0.9825718_System.String[];55.6636;-0.0210;-0.0737;31.9618;-30.4803;1.1161;0.8148;-0.9052;1.5544;2.0991;355.4763;87.7477;279.3212;0.6739;2.8390
-0.1151;-0.4563;False;False;31.9380;-30.1867;-0.0526;-0.2626;-1.2555;1.9139;0.0275;0.4403;89.9238;276.7159;359.8336;0.0118;0.0000;0.0004;0.0000;0.0046;0.0000;0.6171;174156;71.89176;Infinity;2420.65;31.9796;-30.5868;1.0965;1.2092;-1.0083;1.2383;355.0536;352.9804;137.3819;282.9543;354.3898;359.2464;LeftFalse_RightFalse;LeftFalse_RightFalse;HandLeft_(-0.4, -0.4, -0.1)_(-0.2, -0.6, 0.8, 0.1)_1.012537_System.String[];HandLeft_(0.2, -0.9, -0.1)_(0.6, 0.5, -0.3, 0.6)_0.9825718_System.String[];HandRight_(-0.3, -0.3, -0.3)_(0.4, 0.3, 0.4, -0.8)_1.012537_System.String[];HandRight_(0.3, -0.6, -0.2)_(0.4, -0.4, -0.3, 0.8)_0.9825718_System.String[];55.7051;-0.0210;-0.0681;31.9893;-30.4799;1.1158;0.8148;-0.9066;1.5541;2.0988;355.3827;88.3415;279.1595;0.4592;2.8574
-0.1151;-0.4563;False;False;31.9630;-30.1867;-0.0526;-0.2626;-1.2553;1.9139;0.0272;0.4403;89.9157;276.7159;359.8337;0.0118;0.0000;0.0004;0.0000;0.0043;0.0000;0.5735;174159;71.94118;Infinity;2420.69;32.0052;-30.5868;1.0966;1.2092;-1.0081;1.2383;355.0532;352.9804;137.3737;282.9543;354.3896;359.2464;LeftFalse_RightFalse;LeftFalse_RightFalse;HandLeft_(-0.4, -0.4, -0.1)_(-0.2, -0.6, 0.8, 0.1)_1.012537_System.String[];HandLeft_(0.2, -0.9, -0.1)_(0.6, 0.5, -0.3, 0.6)_0.9825718_System.String[];HandRight_(-0.3, -0.3, -0.3)_(0.4, 0.3, 0.4, -0.8)_1.012537_System.String[];HandRight_(0.3, -0.6, -0.2)_(0.4, -0.4, -0.3, 0.8)_0.9825718_System.String[];55.7468;-0.0210;-0.0587;32.0150;-30.4794;1.1157;0.8150;-0.9079;1.5536;2.0699;355.3080;88.9705;279.0175;0.2703;2.8709
-0.1190;-0.4563;False;False;31.9861;-30.1867;-0.0526;-0.2626;-1.2551;1.9139;0.0272;0.4403;89.9083;276.7159;359.8338;0.0118;0.0000;0.0004;0.0000;0.0040;0.0000;0.5296;174162;71.97392;Infinity;2420.73;32.0289;-30.5868;1.0966;1.2092;-1.0079;1.2383;355.0530;352.9804;137.3660;282.9543;354.3896;359.2464;LeftFalse_RightFalse;LeftFalse_RightFalse;HandLeft_(-0.4, -0.4, -0.1)_(-0.2, -0.6, 0.8, 0.1)_1.012537_System.String[];HandLeft_(0.2, -0.9, -0.1)_(0.6, 0.5, -0.3, 0.6)_0.9825718_System.String[];HandRight_(-0.3, -0.3, -0.3)_(0.4, 0.3, 0.4, -0.8)_1.012537_System.String[];HandRight_(0.4, -0.6, -0.2)_(0.4, -0.4, -0.3, 0.8)_0.9825718_System.String[];55.7886;-0.0210;-0.0464;32.0387;-30.4791;1.1156;0.8152;-0.9093;1.5531;2.0563;355.1928;89.5817;278.8807;0.1234;2.8871
-0.0740;-0.4563;False;False;32.0068;-30.1867;-0.0526;-0.2626;-1.2550;1.9139;0.0293;0.4403;89.9024;276.7159;359.8342;0.0118;0.0000;0.0004;0.0000;0.0015;0.0000;0.4317;174165;71.7651;Infinity;2420.77;32.0508;-30.5868;1.0966;1.2092;-1.0077;1.2383;355.0530;352.9804;137.3590;282.9543;354.3897;359.2464;LeftFalse_RightFalse;LeftFalse_RightFalse;HandLeft_(-0.4, -0.4, -0.1)_(-0.2, -0.6, 0.8, 0.1)_1.012537_System.String[];HandLeft_(0.2, -0.9, -0.1)_(0.6, 0.5, -0.3, 0.6)_0.9825718_System.String[];HandRight_(-0.3, -0.3, -0.3)_(0.4, 0.3, 0.4, -0.8)_1.012537_System.String[];HandRight_(0.4, -0.6, -0.2)_(0.3, -0.5, -0.3, 0.8)_0.9825718_System.String[];55.8303;-0.0210;-0.0330;32.0604;-30.4790;1.1155;0.8154;-0.9104;1.5524;2.0370;355.0413;90.1413;278.6997;0.0057;2.9588
-0.0942;-0.4444;False;False;32.0243;-30.1867;-0.0526;-0.2626;-1.2549;1.9139;0.0342;0.4403;89.8983;276.7159;359.8346;0.0118;0.0000;0.0004;0.0000;0.0026;0.0000;0.3998;174168;71.52579;Infinity;2420.81;32.0690;-30.5868;1.0966;1.2092;-1.0076;1.2383;355.0566;352.9804;137.3548;282.9543;354.3947;359.2464;LeftFalse_RightFalse;LeftFalse_RightFalse;HandLeft_(-0.4, -0.4, -0.1)_(-0.2, -0.6, 0.8, 0.1)_1.012537_System.String[];HandLeft_(0.2, -0.9, -0.1)_(0.6, 0.5, -0.3, 0.6)_0.9825718_System.String[];HandRight_(-0.3, -0.3, -0.3)_(0.4, 0.3, 0.4, -0.8)_1.012537_System.String[];HandRight_(0.4, -0.6, -0.2)_(0.3, -0.5, -0.3, 0.8)_0.9825718_System.String[];55.8726;-0.0210;-0.0200;32.0787;-30.4790;1.1154;0.8159;-0.9115;1.5516;2.0052;354.9112;90.6298;278.4584;359.8955;3.1205
-0.1031;-0.4444;False;False;32.0402;-30.1867;-0.0525;-0.2626;-1.2548;1.9139;0.0352;0.4403;89.8934;276.7159;359.8345;0.0118;0.0000;0.0004;0.0000;0.0025;0.0000;0.3640;174171;71.63369;Infinity;2420.85;32.0855;-30.5868;1.0966;1.2092;-1.0075;1.2383;355.0579;352.9804;137.3498;282.9543;354.3960;359.2464;LeftFalse_RightFalse;LeftFalse_RightFalse;HandLeft_(-0.4, -0.4, -0.1)_(-0.2, -0.6, 0.8, 0.1)_1.012537_System.String[];HandLeft_(0.2, -0.9, -0.1)_(0.6, 0.5, -0.3, 0.6)_0.9825718_System.String[];HandRight_(-0.3, -0.3, -0.3)_(0.4, 0.3, 0.4, -0.8)_1.012537_System.String[];HandRight_(0.4, -0.6, -0.2)_(0.3, -0.5, -0.3, 0.7)_0.9825718_System.String[];55.9143;-0.0210;-0.0080;32.0950;-30.4790;1.1154;0.8162;-0.9123;1.5511;1.9693;354.8466;91.0260;278.1618;359.7699;3.3191
-0.1175;-0.4444;False;False;32.0544;-30.1867;-0.0525;-0.2626;-1.2547;1.9139;0.0345;0.4403;89.8890;276.7159;359.8345;0.0117;0.0000;0.0003;0.0000;0.0022;0.0000;0.3262;174174;71.81277;Infinity;2420.90;32.1002;-30.5868;1.0966;1.2092;-1.0074;1.2383;355.0577;352.9804;137.3452;282.9543;354.3958;359.2464;LeftFalse_RightFalse;LeftFalse_RightFalse;HandLeft_(-0.4, -0.4, -0.1)_(-0.2, -0.6, 0.8, 0.1)_1.012537_System.String[];HandLeft_(0.2, -0.9, -0.1)_(0.6, 0.5, -0.3, 0.6)_0.9825718_System.String[];HandRight_(-0.3, -0.3, -0.3)_(0.4, 0.3, 0.4, -0.8)_1.012537_System.String[];HandRight_(0.4, -0.6, -0.2)_(0.3, -0.5, -0.4, 0.7)_0.9825718_System.String[];55.9561;-0.0210;0.0017;32.1098;-30.4790;1.1154;0.8164;-0.9132;1.5507;1.9041;354.8207;91.3592;277.8467;359.6346;3.4924
-0.1301;-0.4404;False;False;32.0668;-30.1867;-0.0525;-0.2626;-1.2546;1.9139;0.0334;0.4403;89.8851;276.7159;359.8345;0.0117;0.0000;0.0002;0.0000;0.0019;0.0000;0.2845;174177;71.89929;Infinity;2420.94;32.1132;-30.5868;1.0966;1.2092;-1.0073;1.2383;355.0570;352.9804;137.3412;282.9543;354.3950;359.2463;LeftFalse_RightFalse;LeftFalse_RightFalse;HandLeft_(-0.4, -0.4, -0.1)_(-0.2, -0.6, 0.8, 0.1)_1.012537_System.String[];HandLeft_(0.2, -0.9, -0.1)_(0.6, 0.5, -0.3, 0.6)_0.9825718_System.String[];HandRight_(-0.3, -0.3, -0.3)_(0.4, 0.3, 0.4, -0.8)_1.012537_System.String[];HandRight_(0.4, -0.6, -0.2)_(0.3, -0.5, -0.4, 0.7)_0.9825718_System.String[];55.9976;-0.0210;0.0101;32.1228;-30.4790;1.1154;0.8165;-0.9137;1.5505;1.8654;354.8177;91.6436;277.5270;359.5132;3.6086
-0.1376;-0.4285;False;False;32.0766;-30.1867;-0.0525;-0.2626;-1.2545;1.9139;0.0356;0.4403;89.8825;276.7159;359.8344;0.0117;0.0000;0.0003;0.0000;0.0013;0.0000;0.1981;174180;71.78296;Infinity;2420.98;32.1241;-30.5868;1.0967;1.2092;-1.0073;1.2383;355.0570;352.9804;137.3379;282.9543;354.3949;359.2463;LeftFalse_RightFalse;LeftFalse_RightFalse;HandLeft_(-0.4, -0.4, -0.1)_(-0.2, -0.6, 0.8, 0.1)_1.012537_System.String[];HandLeft_(0.2, -0.9, -0.1)_(0.6, 0.5, -0.3, 0.6)_0.9825718_System.String[];HandRight_(-0.3, -0.3, -0.3)_(0.4, 0.3, 0.4, -0.8)_1.012537_System.String[];HandRight_(0.4, -0.6, -0.2)_(0.3, -0.5, -0.4, 0.7)_0.9825718_System.String[];56.0396;-0.0210;0.0171;32.1337;-30.4790;1.1154;0.8166;-0.9140;1.5504;1.8361;354.8225;91.8756;277.2323;359.4256;3.6704
-0.1512;-0.4206;False;False;32.0769;-30.1867;-0.0525;-0.2626;-1.2545;1.9139;0.0430;0.4403;89.8822;276.7159;359.8344;0.0117;0.0000;0.0000;0.0000;0.0000;0.0000;-0.0007;174182;51.54902;Infinity;2421.03;32.1274;-30.5868;1.0967;1.2092;-1.0072;1.2383;355.0653;352.9804;137.3363;282.9543;354.4041;359.2463;LeftFalse_RightFalse;LeftFalse_RightFalse;HandLeft_(-0.4, -0.4, -0.1)_(-0.2, -0.6, 0.8, 0.1)_1.012537_System.String[];HandLeft_(0.2, -0.9, -0.1)_(0.6, 0.5, -0.3, 0.6)_0.9825718_System.String[];HandRight_(-0.3, -0.3, -0.3)_(0.4, 0.3, 0.4, -0.8)_1.012537_System.String[];HandRight_(0.4, -0.6, -0.2)_(0.2, -0.5, -0.4, 0.7)_0.9825718_System.String[];56.0947;-0.0210;0.0227;32.1370;-30.4790;1.1154;0.8166;-0.9143;1.5503;1.8128;354.7910;92.1211;276.7971;359.3618;3.7420
